788.957055215
1046.35294118
915.384615385
1000.21978022
969.724770642
924.788732394
1006.12244898
923.055555556
1026.58227848
1087.32394366
749.061032864
948.895899054
614.150943396
1083.33333333
865.943600868
904.634146341
722.350230415
783.081570997
1104.52488688
944.350282486
891.764705882
978.040540541
850.969529086
962.121212121
1076.92307692
922.257053292
848.0
1010.96345515
587.5
607.201646091
914.004914005
967.647058824
914.181818182
932.882882883
957.954545455
924.774774775
1058.53658537
921.064814815
934.120734908
1005.94795539
984.07960199
1011.70568562
961.52173913
988.541666667
926.358695652
786.936936937
1032.92682927
785.714285714
891.549295775
971.818181818
978.091872792
844.963144963
897.988505747
794.117647059
1004.92957746
1062.86764706
1023.12138728
951.07398568