#"Interval start" "All packets"
0 1824
1 0
2 0
3 384
4 384
5 20960
6 1.29841e+06
7 2.0655e+06
8 2.27516e+06
9 2.31734e+06
10 2.04598e+06
11 1.86262e+06
12 1.82474e+06
13 1.63099e+06
14 1.91574e+06
15 2.52113e+06
16 1.85266e+06
17 2.29784e+06
18 2.65584e+06
19 2.25517e+06
20 2.20966e+06
21 2.14829e+06
22 2.17872e+06
23 2.62109e+06
24 1.78944e+06
25 2.69643e+06
26 2.1815e+06
27 2.21578e+06
28 2.69712e+06
29 2.47306e+06
30 3.01695e+06
31 2.5105e+06
32 2.5511e+06
33 2.90521e+06
34 2.05632e+06
35 2.16672e+06
36 2.748e+06
37 2.7312e+06
38 2.42846e+06
39 2.92147e+06
40 2.8063e+06
41 2.59104e+06
42 2.47344e+06
43 2.61338e+06
44 2.16618e+06
45 2.16307e+06
46 2.1049e+06
47 2.20848e+06
48 2.3064e+06
49 2.05983e+06
50 2.29085e+06
51 2.69312e+06
52 2.47179e+06
53 2.80157e+06
54 1.95792e+06
55 2.44627e+06
56 2.77056e+06
57 2.81967e+06
58 2.30074e+06
59 3.5376e+06
60 2.83123e+06
61 3.2352e+06
62 2.47576e+06
63 2.91974e+06
64 2.24323e+06
65 1.86106e+06
66 1.86106e+06
67 2.27961e+06
68 2.1641e+06
69 2.13254e+06
70 1.94592e+06
71 1.86595e+06
72 2.24074e+06
73 1.91123e+06
74 2.39787e+06
75 2.12976e+06
76 2.51299e+06
77 2.0928e+06
78 3.2492e+06
79 2.82768e+06
80 2.77872e+06
81 3.35422e+06
82 2.39933e+06
83 615552
84 2.39904e+06
85 2.256e+06
86 1.73808e+06
87 2.12976e+06
88 2.65642e+06
89 661960
90 1.28191e+06
91 248832
92 1.30944e+06
93 1.05264e+06
94 685440
95 942720
96 1.3224e+06
97 1.93392e+06
98 1.87248e+06
99 2.3159e+06
100 2.0569e+06
101 2.28864e+06
102 1.90157e+06
103 2.2152e+06
104 1.97088e+06
105 1.91214e+06
106 2.20348e+06
107 1.30147e+06
108 1.86048e+06
109 2.30112e+06
110 2.04384e+06
111 2.35056e+06
112 2.22006e+06
113 178168
114 0
115 434304
116 2.17872e+06
117 1.86048e+06
118 1.77504e+06
119 2.26416e+06
120 1.04076e+06
121 1.05466e+06
122 0
123 407712
124 2.5704e+06
125 2.08239e+06
126 2.35167e+06
127 1.82559e+06
128 1.36154e+06
129 1.92678e+06
130 1.73749e+06
131 861408
132 1.8121e+06
133 1.91002e+06
134 2.05632e+06
135 2.24083e+06
136 1.78871e+06
137 1.41693e+06
138 1.53322e+06
139 950320
140 1.02931e+06
141 1.21315e+06
142 1.17619e+06
143 1.04016e+06
144 1.12608e+06
145 1.00694e+06
146 587520
147 453120
148 526080
149 538560
150 747840
151 734400
152 354720
153 452784
154 475424
155 641240
156 412416
157 1.74299e+06
158 1.94539e+06
159 1.80403e+06
160 2.61099e+06
161 1.44265e+06
162 679664
163 542112
164 2.15568e+06
165 1.3675e+06
166 482600
167 0
168 0
169 1920
170 0
171 755328
172 1.98336e+06
173 2.14224e+06
174 2.35056e+06
175 1.5901e+06
176 1.40206e+06
177 0
178 0
179 378328
180 2.49875e+06
181 1.93587e+06
182 1.81786e+06
183 2.21942e+06
184 1.92887e+06
185 1.9248e+06
186 1.9464e+06
187 2.54112e+06
188 2.27119e+06
189 2.59855e+06
190 1.06464e+06
191 2.18285e+06
192 2.1169e+06
193 2.48506e+06
194 2.31946e+06
195 2.0899e+06
196 2.06045e+06
197 2.10528e+06
198 2.10586e+06
199 2.08435e+06
200 2.17968e+06
201 2.55583e+06
202 2.20781e+06
203 2.14176e+06
204 1.99161e+06
205 2.59488e+06
206 2.09328e+06
207 1.81152e+06
208 2.0808e+06
209 2.10528e+06
210 2.42909e+06
211 2.0808e+06
212 2.03242e+06
213 2.06832e+06
214 2.60506e+06
215 2.29894e+06
216 1.66522e+06
217 1.93392e+06
218 2.28922e+06
219 2.58288e+06
220 1.43184e+06
221 2.23648e+06
222 2.06928e+06
223 2.00947e+06
224 2.26416e+06
225 2.61098e+06
226 2.36394e+06
227 2.42017e+06
228 2.22768e+06
229 1.9704e+06
230 1.92192e+06
231 2.15424e+06
232 2.02982e+06
233 1.83658e+06
234 1.32192e+06
235 1.35946e+06
236 501600
237 1.35888e+06
238 1.31472e+06
239 1.43232e+06
240 1.19952e+06
241 1.17504e+06
242 968352
243 1.69622e+06
244 2.0808e+06
245 2.38815e+06
246 1.78863e+06
247 2.40063e+06
248 2.46649e+06
249 2.70528e+06
250 2.3376e+06
251 1.97088e+06
252 2.2227e+06
253 1.9296e+06
254 1.91002e+06
255 2.00736e+06
256 1.87306e+06
257 2.26464e+06
258 2.4688e+06
259 1.90992e+06
260 1.48397e+06
261 1.848e+06
262 1.65264e+06
263 1.31925e+06
264 0
265 0
266 0
267 0
268 2400
269 491712
270 1.05502e+06
271 1.05187e+06
272 773472
273 761184
274 771840
275 845952
276 685440
277 909776
278 1.10702e+06
279 1.03569e+06
280 829088
281 898336
282 1.12483e+06
283 1.05888e+06
284 1.15258e+06
285 1.45652e+06
286 955680
287 833760
288 1.12771e+06
289 1.67524e+06
290 1.824e+06
291 1.44298e+06
292 1.06464e+06
293 1.824e+06
294 1.58506e+06
295 1.33507e+06
296 1.55856e+06
297 1.22425e+06
298 1.61626e+06
299 1.26048e+06
300 1.29802e+06
301 1.00368e+06
302 1.31922e+06
303 1.55629e+06
304 1.28496e+06
305 1.49328e+06
306 1.28544e+06
307 1.31184e+06
308 2.28874e+06
309 2.74176e+06
310 1.64016e+06
311 2.03184e+06
312 2.33041e+06
313 2.6328e+06
314 2.37456e+06
315 2.22768e+06
316 2.23715e+06
317 2.52144e+06
318 2.05632e+06
319 1.44432e+06
320 2.33514e+06
321 1.93392e+06
322 2.28912e+06
323 2.64384e+06
324 2.71776e+06
325 2.71728e+06
326 1.87248e+06
327 2.03184e+06
328 2.26464e+06
329 2.04643e+06
330 2.04432e+06
331 1.86048e+06
332 2.14176e+06
333 2.15424e+06
334 1.92192e+06
335 2.47344e+06
336 1.99488e+06
337 2.29008e+06
338 2.65584e+06
339 483008
340 0
341 0
342 0
343 0
344 0
345 136736
346 2.41898e+06
347 2.20416e+06
348 2.69424e+06
349 2.47392e+06
350 3.29472e+06
351 2.5008e+06
352 2.55312e+06
353 3.19392e+06
354 2.07696e+06
355 2.17056e+06
356 759608
357 0
358 0
359 0
360 0
361 272832
362 2.48342e+06
363 2.88979e+06
364 2.14608e+06
365 2.16741e+06
366 2.11071e+06
367 2.22639e+06
368 2.30271e+06
369 2.28537e+06
370 2.32243e+06
371 2.71978e+06
372 839528
373 0
374 0
375 0
376 1152
377 116352
378 2.26608e+06
379 3.52512e+06
380 2.83152e+06
381 3.2352e+06
382 2.47248e+06
383 2.91312e+06
384 2.02133e+06
385 960
386 0
387 0
388 0
389 0
390 2016
391 0
392 0
393 697056
394 2.12157e+06
395 2.14368e+06
396 2.5104e+06
397 2.09424e+06
398 2.02202e+06
399 2.86032e+06
400 2.77968e+06
401 3.34416e+06
402 2.72976e+06
403 2.67312e+06
404 2.44896e+06
405 2.26416e+06
406 1.54897e+06
407 2.15942e+06
408 2.6689e+06
409 1.12723e+06
410 1.45927e+06
411 1.01203e+06
412 1.33651e+06
413 1.0608e+06
414 709440
415 943336
416 1.31217e+06
417 1.9465e+06
418 1.86887e+06
419 2.54254e+06
420 1.85597e+06
421 2.29088e+06
422 1.89696e+06
423 2.21568e+06
424 1.97136e+06
425 2.11075e+06
426 2.6761e+06
427 2.2152e+06
428 1.86048e+06
429 2.31504e+06
430 2.0472e+06
431 2.33808e+06
432 3.10456e+06
433 3.55411e+06
434 2.1552e+06
435 2.36611e+06
436 2.17872e+06
437 1.84806e+06
438 1.77562e+06
439 2.26172e+06
440 1.99642e+06
441 1.97858e+06
442 1.812e+06
443 1.61643e+06
444 2.57456e+06
445 2.09635e+06
446 2.33808e+06
447 1.81075e+06
448 1.35456e+06
449 2.10154e+06
450 2.07696e+06
451 1.72704e+06
452 1.48102e+06
453 1.71691e+06
454 1.75922e+06
455 2.07427e+06
456 1.66704e+06
457 856152
458 0
459 0
460 0
461 2016
462 2016
463 0
464 0
465 0
466 3072
467 480
468 0
469 0
470 0
471 0
472 960
473 0
474 0
475 0
476 0
477 0
478 0
479 0
480 0
481 0
482 138408
483 1.98576e+06
484 2.14224e+06
485 2.22927e+06
486 2.07135e+06
487 2.08335e+06
488 2.14527e+06
489 2.62128e+06
490 2.20896e+06
491 2.19552e+06
492 2.03424e+06
493 2.13466e+06
494 1.39734e+06
495 5320
496 1152
497 0
498 1152
499 5904
500 1152
501 0
502 2304
503 0
504 0
505 2016
506 1152
507 4448
508 0
509 0
510 960
511 0
512 0
513 0
514 480
515 480
516 0
517 0
518 0
519 0
520 0
521 0
522 0
523 0
524 0
525 0
526 960
527 0
528 0
529 0
530 384
531 960
532 0
533 0
534 0
535 0
536 0
537 0
538 0
539 0
540 0
541 0
542 0
543 0
544 0
545 0
546 384
547 0
548 0
549 0
550 0
551 0
552 0
553 0
554 0
555 0
556 0
557 0
558 960
559 0
560 3728
561 1152
562 576
563 4496
564 2304
565 960
566 1152
567 0
568 1152
569 0
570 1152
571 0
572 0
573 0
574 0
575 0
576 960
577 0
578 480
579 645600
580 1.50144e+06
581 1.86096e+06
582 1.65408e+06
583 1.64064e+06
584 1.61616e+06
585 1.5672e+06
586 1.10832e+06
587 894240
588 1.20816e+06
589 907680
590 1.26454e+06
591 1.04278e+06
592 761792
593 764832
594 758560
595 672448
596 686400
597 995040
598 1.0896e+06
599 1.04064e+06
600 844800
601 894240
602 1.0896e+06
603 1.07856e+06
604 1.05659e+06
605 1.55583e+06
606 968792
607 790768
608 1.10847e+06
609 1.78963e+06
610 1.81242e+06
611 1.41446e+06
612 1.0712e+06
613 1.8175e+06
614 1.524e+06
615 1.32115e+06
616 1.26003e+06
617 1.24848e+06
618 1.62384e+06
619 1.27344e+06
620 1.28592e+06
621 1.01712e+06
622 1.43952e+06
623 1.4179e+06
624 1.29744e+06
625 1.51008e+06
626 1.28592e+06
627 1.29792e+06
628 2.25744e+06
629 501208
630 0
631 0
632 0
633 0
634 0
635 0
636 0
637 0
638 0
639 2016
640 0
641 0
642 2016
643 0
644 0
645 0
646 0
647 0
648 0
649 0
650 0
651 0
652 0
653 0
654 0
655 0
656 0
657 0
658 0
659 0
660 0
661 0
662 0
663 0
664 0
665 0
666 0
667 0
668 0
669 0
670 0
671 0
672 0
673 0
674 0
675 0
676 0
677 0
678 0
679 0
680 0
681 0
682 0
683 0
684 0
685 0
686 0
687 0
688 0
689 0
690 0
691 0
692 0
693 0
694 0
695 0
696 0
697 0
698 0
699 0
700 0
701 0
702 0
703 0
704 0
705 0
706 0
707 0
708 0
709 0
710 0
711 0
712 0
713 5912
714 2.1049e+06
715 2.14224e+06
716 2.50992e+06
717 912816
718 0
719 0
720 0
721 0
722 0
723 1152
724 576
725 2168
726 4184
727 2168
728 1592
729 1152
730 1.26003e+06
731 914912
732 1.34112e+06
733 1.04112e+06
734 698880
735 943200
736 1.31136e+06
737 1.94064e+06
738 1.45383e+06
739 960
740 0
741 0
742 0
743 0
744 0
745 15344
746 2.26421e+06
747 2.21568e+06
748 1.86048e+06
749 2.31456e+06
750 2.04528e+06
751 2.35104e+06
752 3.06672e+06
753 3.58128e+06
754 2.20128e+06
755 2.37552e+06
756 1.78324e+06
757 1.86048e+06
758 1.77504e+06
759 2.268e+06
760 1.99651e+06
761 1.98259e+06
762 1.824e+06
763 1.78589e+06
764 2.32427e+06
765 2.0928e+06
766 2.33808e+06
767 1.83658e+06
768 1.3633e+06
769 2.14176e+06
770 2.09712e+06
771 1.75056e+06
772 1.81152e+06
773 1.90944e+06
774 1.85106e+06
775 2.24026e+06
776 1.788e+06
777 1.59178e+06
778 1.5792e+06
779 1.44816e+06
780 689360
781 1152
782 0
783 576
784 576
785 3392
786 480
787 0
788 2112
789 0
790 0
791 0
792 960
793 0
794 0
795 0
796 960
797 0
798 0
799 0
800 832
801 0
802 0
803 0
804 0
805 0
806 0
807 0
808 0
809 0
810 0
811 0
812 960
813 0
814 0
815 0
816 0
817 0
818 0
819 0
820 0
821 0
822 0
823 0
824 0
825 960
826 0
827 0
828 0
829 0
830 0
831 0
832 0
833 0
834 0
835 0
836 0
837 0
838 0
839 0
840 0
841 0
842 0
843 0
844 0
845 2552
846 1592
847 1592
848 1592
849 0
850 0
851 0
852 0
853 0
854 0
855 0
856 0
857 0
858 0
859 0
860 0
861 0
862 0
863 0
864 0
865 0
866 0
867 0
868 0
869 0
870 0
871 0
872 0
873 0
874 0
875 0
876 0
877 0
878 0
879 0
880 0
881 658248
882 975360
883 1.90944e+06
884 2.0688e+06
885 2.39952e+06
886 1.788e+06
887 2.40576e+06
888 2.46288e+06
889 2.74368e+06
890 2.34336e+06
891 1.9992e+06
892 2.196e+06
893 1.93008e+06
894 622688
895 0
896 0
897 0
898 0
899 0
900 2016
901 0
902 0
903 0
904 0
905 697056
906 946080
907 0
908 0
909 0
910 0
911 4304
912 576
913 583296
914 799296
915 842976
916 689760
917 983520
918 1.09594e+06
919 1.04506e+06
920 837120
921 918720
922 1.07279e+06
923 1.00344e+06
924 1.15699e+06
925 1.56747e+06
926 953904
927 830016
928 1.1217e+06
929 1.48576e+06
930 1152
931 2720
932 0
933 0
934 0
935 0
936 0
937 0
938 0
939 0
940 0
941 0
942 0
943 960
944 0
945 0
946 0
947 0
948 0
949 0
950 0
951 0
952 0
953 0
954 0
955 0
956 0
957 0
958 0
959 0
960 0
961 0
962 0
963 0
964 0
965 1592
966 1592
967 1592
968 1592
969 0
970 0
971 0
972 0
973 0
974 0
975 0
976 960
977 0
978 0
979 0
980 0
981 0
982 0
983 0
984 0
985 0
986 0
987 0
988 0
989 0
990 0
991 0
992 0
993 0
994 0
995 0
996 0
997 0
998 0
999 0
1000 0
1001 0
1002 0
1003 0
1004 0
1005 0
1006 0
1007 0
1008 0
1009 0
1010 0
1011 0
1012 0
1013 0
1014 0
1015 0
1016 0
1017 0
1018 0
1019 0
1020 0
1021 0
1022 0
1023 0
1024 0
1025 0
1026 0
1027 0
1028 0
1029 0
1030 0
1031 0
1032 0
1033 0
1034 880528
1035 2.14848e+06
1036 2.50944e+06
1037 2.09376e+06
1038 3.22032e+06
1039 2.84112e+06
1040 2.796e+06
1041 3.33792e+06
1042 2.7672e+06
1043 2.69232e+06
1044 93064
1045 0
1046 0
1047 0
1048 0
1049 0
1050 382920
1051 991680
1052 1.31328e+06
1053 1.05648e+06
1054 685440
1055 942720
1056 1.32253e+06
1057 1.89494e+06
1058 1.88547e+06
1059 2.51136e+06
1060 374272
1061 0
1062 0
1063 0
1064 0
1065 0
1066 929472
1067 2.22192e+06
1068 1.73446e+06
1069 14816
1070 1536
1071 0
1072 1152
1073 0
1074 0
1075 0
1076 1152
1077 0
1078 0
1079 2016
1080 0
1081 1152
1082 3296
1083 0
1084 960
1085 1592
1086 1592
1087 1976
1088 1592
1089 0
1090 0
1091 0
1092 0
1093 0
1094 0
1095 0
1096 0
1097 0
1098 0
1099 0
1100 960
1101 0
1102 0
1103 0
1104 0
1105 0
1106 4112
1107 1152
1108 0
1109 1152
1110 0
1111 0
1112 0
1113 1152
1114 0
1115 0
1116 0
1117 0
1118 0
1119 0
1120 0
1121 960
1122 0
1123 0
1124 0
1125 0
1126 0
1127 0
1128 0
1129 0
1130 0
1131 0
1132 0
1133 0
1134 960
1135 0
1136 0
1137 480
1138 480
1139 0
1140 0
1141 0
1142 0
1143 0
1144 0
1145 0
1146 0
1147 0
1148 0
1149 0
1150 0
1151 0
1152 0
1153 0
1154 0
1155 0
1156 0
1157 0
1158 0
1159 0
1160 0
1161 0
1162 0
1163 0
1164 0
1165 0
1166 4496
1167 1152
1168 0
1169 1152
1170 0
1171 960
1172 0
1173 1152
1174 0
1175 0
1176 0
1177 0
1178 0
1179 0
1180 0
1181 480
1182 480
1183 0
1184 0
1185 0
1186 0
1187 0
1188 0
1189 0
1190 0
1191 0
1192 0
1193 14832
1194 1.23338e+06
1195 1.36464e+06
1196 514080
1197 1.34986e+06
1198 1.31568e+06
1199 1.43616e+06
1200 1.21392e+06
1201 1.16928e+06
1202 990720
1203 1.9008e+06
1204 2.11728e+06
1205 2.42511e+06
1206 1.64408e+06
1207 2.39218e+06
1208 2.46207e+06
1209 2.70643e+06
1210 2.33818e+06
1211 498120
1212 0
1213 0
1214 0
1215 0
1216 0
1217 0
1218 0
1219 0
1220 0
1221 2016
1222 0
1223 3648
1224 800
1225 0
1226 0
1227 0
1228 0
1229 0
1230 960
1231 0
1232 0
1233 0
1234 0
1235 0
1236 0
1237 0
1238 0
1239 0
1240 0
1241 0
1242 0
1243 0
1244 0
1245 0
1246 0
1247 0
1248 0
1249 0
1250 0
1251 0
1252 0
1253 0
1254 0
1255 0
1256 0
1257 0
1258 0
1259 0
1260 0
1261 0
1262 0
1263 0
1264 0
1265 0
1266 0
1267 0
1268 0
1269 0
1270 0
1271 0
1272 0
1273 0
1274 0
1275 0
1276 0
1277 0
1278 0
1279 0
1280 0
1281 0
1282 0
1283 0
1284 0
1285 0
1286 0
1287 0
1288 0
1289 0
1290 0
1291 0
1292 0
1293 0
1294 0
1295 0
1296 0
1297 0
1298 0
1299 0
1300 0
1301 0
1302 0
1303 0
1304 0
1305 0
1306 0
1307 0
1308 0
1309 0
1310 0
1311 0
1312 0
1313 0
1314 0
1315 0
1316 0
1317 0
1318 0
1319 0
1320 0
1321 0
1322 0
1323 0
1324 0
1325 1592
1326 1592
1327 1592
1328 1592
1329 0
1330 0
1331 0
1332 0
1333 0
1334 0
1335 0
1336 0
1337 0
1338 0
1339 0
1340 0
1341 0
1342 0
1343 0
1344 1.39392e+06
1345 1.87872e+06
1346 1.86192e+06
1347 2.2656e+06
1348 2.15568e+06
1349 2.1432e+06
1350 1.94928e+06
1351 1.86576e+06
1352 2.26032e+06
1353 1.9152e+06
1354 2.40816e+06
1355 2.1432e+06
1356 1.20714e+06
1357 1152
1358 0
1359 1152
1360 0
1361 0
1362 0
1363 576
1364 576
1365 0
1366 2016
1367 0
1368 0
1369 4448
1370 0
1371 0
1372 960
1373 0
1374 0
1375 0
1376 0
1377 0
1378 0
1379 0
1380 0
1381 0
1382 0
1383 0
1384 0
1385 0
1386 0
1387 0
1388 960
1389 0
1390 0
1391 0
1392 0
1393 0
1394 0
1395 0
1396 0
1397 0
1398 0
1399 0
1400 0
1401 0
1402 0
1403 0
1404 0
1405 0
1406 0
1407 0
1408 0
1409 0
1410 0
1411 0
1412 0
1413 0
1414 0
1415 0
1416 0
1417 0
1418 0
1419 0
1420 0
1421 960
1422 0
1423 0
1424 0
1425 0
1426 0
1427 0
1428 0
1429 0
1430 0
1431 0
1432 0
1433 0
1434 0
1435 0
1436 0
1437 0
1438 0
1439 0
1440 0
1441 0
1442 0
1443 0
1444 0
1445 1592
1446 1592
1447 1592
1448 1592
1449 0
1450 0
1451 0
1452 0
1453 0
1454 0
1455 0
1456 0
1457 0
1458 0
1459 0
1460 0
1461 0
1462 0
1463 0
1464 0
1465 0
1466 0
1467 0
1468 0
1469 0
1470 0
1471 0
1472 0
1473 0
1474 0
1475 0
1476 0
1477 0
1478 0
1479 0
1480 0
1481 0
1482 0
1483 0
1484 0
1485 0
1486 0
1487 0
1488 0
1489 0
1490 0
1491 0
1492 0
1493 0
1494 0
1495 0
1496 0
1497 1.1575e+06
1498 2.30352e+06
1499 2.58384e+06
1500 1.4448e+06
1501 2.22e+06
1502 2.06976e+06
1503 2.01024e+06
1504 2.28672e+06
1505 2.63424e+06
1506 2.26895e+06
1507 0
1508 0
1509 0
1510 0
1511 0
1512 0
1513 0
1514 2016
1515 2016
1516 0
1517 0
1518 0
1519 0
1520 0
1521 0
1522 0
1523 0
1524 0
1525 0
1526 0
1527 0
1528 3920
1529 1152
1530 576
1531 576
1532 576
1533 0
1534 0
1535 0
1536 1152
1537 0
1538 0
1539 0
1540 0
1541 0
1542 0
1543 0
1544 960
1545 0
1546 0
1547 0
1548 0
1549 0
1550 0
1551 0
1552 0
1553 0
1554 0
1555 0
1556 0
1557 0
1558 0
1559 0
1560 960
1561 0
1562 0
1563 0
1564 0
1565 1592
1566 1592
1567 1592
1568 1592
1569 0
1570 0
1571 0
1572 0
1573 0
1574 0
1575 0
1576 0
1577 0
1578 0
1579 0
1580 0
1581 0
1582 0
1583 0
1584 0
1585 0
1586 0
1587 0
1588 0
1589 0
1590 0
1591 0
1592 0
1593 960
1594 0
1595 0
1596 0
1597 0
1598 0
1599 0
1600 0
1601 0
1602 0
1603 0
1604 0
1605 0
1606 0
1607 0
1608 0
1609 0
1610 0
1611 0
1612 0
1613 0
1614 0
1615 0
1616 0
1617 0
1618 0
1619 0
1620 0
1621 0
1622 0
1623 0
1624 0
1625 0
1626 0
1627 0
1628 0
1629 0
1630 0
1631 0
1632 0
1633 0
1634 0
1635 0
1636 0
1637 0
1638 0
1639 19432
1640 6568
1641 1728
1642 576
1643 1728
1644 0
1645 0
1646 0
1647 2304
1648 0
1649 2016
1650 0
1651 0
1652 4448
1653 0
1654 0
1655 1920
1656 0
1657 0
1658 0
1659 0
1660 0
1661 0
1662 0
1663 0
1664 0
1665 0
1666 0
1667 0
1668 0
1669 0
1670 0
1671 1920
1672 0
1673 0
1674 0
1675 0
1676 0
1677 0
1678 0
1679 0
1680 0
1681 0
1682 0
1683 0
1684 0
1685 1592
1686 1592
1687 1592
1688 1592
1689 0
1690 0
1691 0
1692 0
1693 0
1694 0
1695 0
1696 0
1697 0
1698 0
1699 0
1700 0
1701 0
1702 0
1703 1440
1704 0
1705 480
1706 0
1707 0
1708 0
1709 0
1710 0
1711 0
1712 0
1713 0
1714 0
1715 0
1716 0
1717 0
1718 0
1719 0
1720 0
1721 0
1722 0
1723 0
1724 0
1725 0
1726 0
1727 0
1728 0
1729 0
1730 0
1731 0
1732 0
1733 0
1734 0
1735 0
1736 0
1737 0
1738 0
1739 0
1740 0
1741 0
1742 0
1743 0
1744 0
1745 0
1746 0
1747 0
1748 0
1749 0
1750 0
1751 0
1752 0
1753 0
1754 0
1755 0
1756 0
1757 0
1758 0
1759 0
1760 0
1761 0
1762 0
1763 0
1764 0
1765 0
1766 0
1767 0
1768 0
1769 0
1770 0
1771 0
1772 0
1773 0
1774 0
1775 0
1776 0
1777 0
1778 0
1779 0
1780 142392
1781 0
1782 0
1783 0
1784 0
1785 0
1786 0
1787 0
1788 0
1789 0
1790 2016
1791 0
1792 0
1793 2016
1794 0
1795 0
1796 0
1797 0
1798 0
1799 0
1800 0
1801 0
1802 0
1803 0
1804 0
1805 7624
1806 2744
1807 1592
1808 2744
1809 0
1810 0
1811 0
1812 1152
1813 0
1814 0
1815 0
1816 0
1817 0
1818 0
1819 0
1820 960
1821 0
1822 0
1823 0
1824 0
1825 0
1826 0
1827 0
1828 0
1829 0
1830 0
1831 0
1832 0
1833 0
1834 0
1835 0
1836 960
1837 0
1838 0
1839 0
1840 0
1841 0
1842 0
1843 0
1844 0
1845 0
1846 0
1847 0
1848 0
1849 0
1850 0
1851 0
1852 0
1853 0
1854 0
1855 0
1856 0
1857 4304
1858 1152
1859 0
1860 1152
1861 0
1862 0
1863 0
1864 1152
1865 0
1866 0
1867 0
1868 0
1869 960
1870 0
1871 0
1872 0
1873 960
1874 0
1875 0
1876 0
1877 0
1878 0
1879 0
1880 0
1881 0
1882 0
1883 0
1884 0
1885 0
1886 0
1887 0
1888 0
1889 960
1890 0
1891 0
1892 0
1893 0
1894 0
1895 0
1896 0
1897 0
1898 0
1899 0
1900 0
1901 0
1902 0
1903 0
1904 0
1905 0
1906 0
1907 0
1908 0
1909 0
1910 0
1911 0
1912 0
1913 0
1914 0
1915 0
1916 0
1917 0
1918 0
1919 0
1920 0
1921 146688
1922 2112
1923 0
1924 1152
1925 1592
1926 1592
1927 1592
1928 2744
1929 0
1930 0
1931 2016
1932 0
1933 0
1934 2016
1935 1152
1936 1632
1937 480
1938 1152
1939 0
1940 0
1941 0
1942 1152
1943 0
1944 0
1945 0
1946 0
1947 0
1948 0
1949 0
1950 960
1951 0
1952 480
1953 480
1954 0
1955 0
1956 0
1957 0
1958 0
1959 0
1960 0
1961 0
1962 0
1963 0
1964 0
1965 0
1966 960
1967 0
1968 0
1969 0
1970 0
1971 0
1972 0
1973 0
1974 0
1975 0
1976 0
1977 0
1978 0
1979 0
1980 0
1981 0
1982 0
1983 0
1984 0
1985 0
1986 960
1987 0
1988 0
1989 0
1990 0
1991 0
1992 0
1993 0
1994 0
1995 0
1996 0
1997 0
1998 0
1999 0
2000 960
2001 0
2002 0
2003 0
2004 0
2005 0
2006 0
2007 0
2008 0
2009 0
2010 0
2011 0
2012 0
2013 0
2014 0
2015 0
2016 0
2017 0
2018 0
2019 0
2020 0
2021 0
2022 0
2023 0
2024 0
2025 0
2026 0
2027 0
2028 0
2029 0
2030 0
2031 0
2032 0
2033 0
2034 0
2035 0
2036 0
2037 0
2038 0
2039 0
2040 0
2041 0
2042 0
2043 0
2044 0
2045 1592
2046 1592
2047 1592
2048 1592
2049 0
2050 0
2051 0
2052 0
2053 0
2054 0
2055 0
2056 0
2057 0
2058 0
2059 0
2060 0
2061 1152
2062 141240
2063 0
2064 0
2065 0
2066 0
2067 0
2068 0
2069 0
2070 0
2071 0
2072 2016
2073 0
2074 576
2075 1440
2076 0
2077 0
2078 0
2079 0
2080 0
2081 0
2082 0
2083 0
2084 0
2085 0
2086 0
2087 0
2088 0
2089 0
2090 0
2091 0
2092 0
2093 0
2094 0
2095 0
2096 0
2097 0
2098 0
2099 0
2100 0
2101 0
2102 0
2103 0
2104 0
2105 0
2106 0
2107 0
2108 0
2109 0
2110 0
2111 0
2112 0
2113 0
2114 0
2115 0
2116 0
2117 0
2118 0
2119 384
2120 0
2121 0
2122 0
2123 0
2124 0
2125 0
2126 0
2127 0
2128 0
2129 0
2130 0
2131 0
2132 0
2133 0
2134 0
2135 0
2136 0
2137 0
2138 0
2139 0
2140 0
2141 0
2142 0
2143 0
2144 0
2145 0
2146 0
2147 0
2148 0
2149 520
2150 3976
2151 1152
2152 0
2153 1152
2154 0
2155 0
2156 0
2157 1152
2158 0
2159 0
2160 0
2161 0
2162 0
2163 0
2164 0
2165 2552
2166 1592
2167 1592
2168 1592
2169 0
2170 0
2171 0
2172 0
2173 0
2174 0
2175 0
2176 0
2177 0
2178 0
2179 0
2180 0
2181 960
2182 0
2183 0
2184 0
2185 0
2186 0
2187 0
2188 0
2189 0
2190 0
2191 0
2192 0
2193 0
2194 0
2195 0
2196 0
2197 0
2198 0
2199 0
2200 0
2201 0
2202 127616
2203 19744
2204 1152
2205 0
2206 1152
2207 0
2208 0
2209 0
2210 1152
2211 0
2212 0
2213 2016
2214 0
2215 2976
2216 0
2217 0
2218 960
2219 0
2220 0
2221 0
2222 0
2223 0
2224 0
2225 0
2226 0
2227 0
2228 0
2229 0
2230 0
2231 0
2232 0
2233 0
2234 960
2235 0
2236 0
2237 0
2238 0
2239 0
2240 0
2241 0
2242 0
2243 0
2244 0
2245 0
2246 0
2247 0
2248 0
2249 0
2250 384
2251 0
2252 0
2253 0
2254 0
2255 0
2256 0
2257 0
2258 0
2259 0
2260 0
2261 0
2262 0
2263 0
2264 0
2265 0
2266 960
2267 0
2268 0
2269 0
2270 0
2271 0
2272 0
2273 0
2274 0
2275 0
2276 0
2277 0
2278 0
2279 0
2280 0
2281 0
2282 0
2283 0
2284 0
2285 1592
2286 1592
2287 1592
2288 1592
2289 0
2290 0
2291 0
2292 0
2293 0
2294 0
2295 0
2296 0
2297 0
2298 0
2299 0
2300 0
2301 0
2302 0
2303 0
2304 0
2305 0
2306 0
2307 0
2308 0
2309 0
2310 0
2311 0
2312 0
2313 0
2314 0
2315 0
2316 0
2317 0
2318 0
2319 0
2320 0
2321 0
2322 0
2323 0
2324 0
2325 0
2326 0
2327 0
2328 0
2329 0
2330 0
2331 0
2332 0
2333 0
2334 0
2335 0
2336 0
2337 0
2338 0
2339 0
2340 0
2341 0
2342 0
2343 142392
2344 0
2345 0
2346 0
2347 0
2348 0
2349 0
2350 0
2351 0
2352 0
2353 2016
2354 0
2355 0
2356 2016
2357 0
2358 0
2359 0
2360 0
2361 0
2362 0
2363 0
2364 0
2365 0
2366 0
2367 0
2368 0
2369 0
2370 0
2371 0
2372 0
2373 0
2374 0
2375 0
2376 0
2377 0
2378 0
2379 0
2380 0
2381 0
2382 0
2383 0
2384 0
2385 0
2386 0
2387 0
2388 0
2389 0
2390 0
2391 0
2392 0
2393 0
2394 0
2395 0
2396 0
2397 0
2398 0
2399 0
2400 0
2401 0
2402 0
2403 0
2404 0
2405 1592
2406 1592
2407 1592
2408 1592
2409 0
2410 0
2411 0
2412 0
2413 0
2414 0
2415 0
2416 0
2417 0
2418 0
2419 0
2420 0
2421 0
2422 0
2423 0
2424 0
2425 0
2426 0
2427 0
2428 0
2429 0
2430 0
2431 0
2432 0
2433 0
2434 0
2435 0
2436 0
2437 0
2438 0
2439 0
2440 0
2441 0
2442 0
2443 0
2444 0
2445 0
2446 0
2447 0
2448 0
2449 0
2450 0
2451 0
2452 0
2453 0
2454 0
2455 0
2456 0
2457 0
2458 0
2459 0
2460 0
2461 0
2462 0
2463 0
2464 0
2465 0
2466 0
2467 0
2468 0
2469 0
2470 0
2471 0
2472 0
2473 0
2474 0
2475 0
2476 0
2477 0
2478 0
2479 0
2480 0
2481 0
2482 0
2483 0
2484 146688
2485 1152
2486 0
2487 1152
2488 0
2489 0
2490 0
2491 576
2492 576
2493 0
2494 2016
2495 0
2496 0
2497 2016
2498 0
2499 480
2500 480
2501 0
2502 0
2503 0
2504 0
2505 0
2506 0
2507 0
2508 0
2509 0
2510 0
2511 0
2512 0
2513 0
2514 0
2515 0
2516 960
2517 0
2518 0
2519 0
2520 0
2521 0
2522 0
2523 0
2524 0
2525 1592
2526 1592
2527 1592
2528 1592
2529 0
2530 0
2531 0
2532 0
2533 0
2534 0
2535 0
2536 0
2537 0
2538 0
2539 0
2540 0
2541 0
2542 0
2543 0
2544 0
2545 0
2546 0
2547 0
2548 0
2549 960
2550 0
2551 0
2552 0
2553 0
2554 0
2555 0
2556 0
2557 0
2558 0
2559 0
2560 0
2561 0
2562 0
2563 0
2564 0
2565 0
2566 0
2567 0
2568 0
2569 0
2570 0
2571 0
2572 0
2573 0
2574 0
2575 0
2576 0
2577 0
2578 0
2579 0
2580 0
2581 0
2582 0
2583 0
2584 0
2585 0
2586 0
2587 0
2588 0
2589 0
2590 0
2591 0
2592 0
2593 0
2594 0
2595 0
2596 0
2597 0
2598 0
2599 0
2600 0
2601 0
2602 0
2603 0
2604 0
2605 0
2606 0
2607 0
2608 0
2609 0
2610 0
2611 0
2612 0
2613 0
2614 0
2615 0
2616 0
2617 0
2618 0
2619 0
2620 0
2621 0
2622 0
2623 0
2624 0
2625 143064
2626 0
2627 0
2628 0
2629 0
2630 0
2631 0
2632 0
2633 0
2634 0
2635 2016
2636 0
2637 576
2638 1440
2639 0
2640 0
2641 0
2642 0
2643 0
2644 0
2645 1592
2646 1592
2647 1592
2648 1592
2649 0
2650 0
2651 0
2652 0
2653 0
2654 0
2655 0
2656 0
2657 0
2658 0
2659 0
2660 0
2661 0
2662 0
2663 0
2664 0
2665 0
2666 0
2667 0
2668 0
2669 0
2670 0
2671 0
2672 0
2673 0
2674 0
2675 0
2676 0
2677 0
2678 0
2679 0
2680 0
2681 0
2682 0
2683 0
2684 0
2685 0
2686 0
2687 0
2688 0
2689 0
2690 0
2691 0
2692 0
2693 0
2694 0
2695 0
2696 0
2697 0
2698 0
2699 0
2700 0
2701 0
2702 0
2703 0
2704 0
2705 0
2706 0
2707 0
2708 0
2709 0
2710 0
2711 0
2712 0
2713 0
2714 0
2715 0
2716 0
2717 0
2718 0
2719 0
2720 0
2721 0
2722 0
2723 0
2724 0
2725 0
2726 0
2727 0
2728 0
2729 0
2730 0
2731 0
2732 0
2733 0
2734 0
2735 0
2736 0
2737 0
2738 0
2739 0
2740 0
2741 0
2742 0
2743 0
2744 0
2745 0
2746 0
2747 0
2748 0
2749 0
2750 0
2751 0
2752 0
2753 0
2754 0
2755 0
2756 0
2757 0
2758 0
2759 0
2760 0
2761 0
2762 0
2763 0
2764 0
2765 13568
2766 136976
2767 2744
2768 1592
2769 1152
2770 0
2771 0
2772 0
2773 1152
2774 0
2775 0
2776 2016
2777 0
2778 2016
2779 0
2780 0
2781 960
2782 0
2783 0
2784 0
2785 0
2786 0
2787 0
2788 0
2789 0
2790 0
2791 0
2792 0
2793 0
2794 0
2795 0
2796 0
2797 960
2798 0
2799 0
2800 0
2801 0
2802 0
2803 0
2804 0
2805 0
2806 0
2807 0
2808 0
2809 0
2810 0
2811 0
2812 0
2813 0
2814 0
2815 0
2816 0
2817 0
2818 0
2819 0
2820 0
2821 0
2822 0
2823 0
2824 0
2825 0
2826 0
2827 0
2828 0
2829 0
2830 960
2831 0
2832 0
2833 0
2834 0
2835 0
2836 0
2837 0
2838 0
2839 0
2840 0
2841 0
2842 0
2843 0
2844 0
2845 0
2846 0
2847 0
2848 0
2849 0
2850 0
2851 0
2852 0
2853 0
2854 0
2855 0
2856 0
2857 0
2858 0
2859 0
2860 0
2861 0
2862 0
2863 0
2864 0
2865 0
2866 0
2867 0
2868 0
2869 0
2870 0
2871 0
2872 0
2873 0
2874 0
2875 0
2876 0
2877 0
2878 0
2879 0
2880 0
2881 0
2882 0
2883 0
2884 0
2885 1592
2886 1592
2887 1592
2888 1592
2889 0
2890 0
2891 0
2892 0
2893 0
2894 0
2895 0
2896 0
2897 0
2898 0
2899 0
2900 0
2901 0
2902 0
2903 0
2904 0
2905 0
2906 143064
2907 0
2908 0
2909 0
2910 0
2911 1152
2912 2720
2913 0
2914 0
2915 0
2916 0
2917 0
2918 0
2919 0
2920 0
2921 0
2922 0
2923 0
2924 0
2925 0
2926 0
2927 0
2928 0
2929 0
2930 0
2931 0
2932 0
2933 0
2934 0
2935 0
2936 0
2937 0
2938 0
2939 0
2940 0
2941 0
2942 0
2943 0
2944 0
2945 0
2946 0
2947 0
2948 0
2949 0
2950 0
2951 0
2952 0
2953 0
2954 0
2955 0
2956 0
2957 0
2958 0
2959 0
2960 0
2961 0
2962 0
2963 0
2964 0
2965 0
2966 0
2967 0
2968 0
2969 0
2970 0
2971 0
2972 0
2973 0
2974 0
2975 0
2976 0
2977 0
2978 0
2979 0
2980 0
2981 0
2982 0
2983 0
2984 0
2985 0
2986 0
2987 0
2988 0
2989 0
2990 0
2991 0
2992 0
2993 0
2994 0
2995 0
2996 0
2997 0
2998 0
2999 0
3000 0
3001 0
3002 0
3003 0
3004 0
3005 1592
3006 1592
3007 1592
3008 1592
3009 0
3010 0
3011 0
3012 0
3013 0
3014 0
3015 0
3016 0
3017 0
3018 0
3019 0
3020 0
3021 0
3022 0
3023 0
3024 0
3025 0
3026 0
3027 0
3028 0
3029 0
3030 0
3031 0
3032 0
3033 0
3034 0
3035 0
3036 0
3037 0
3038 0
3039 0
3040 0
3041 0
3042 0
3043 0
3044 0
3045 0
3046 0
3047 142752
