-523.50652 0.0172413793103
-349.770678 0.0344827586207
-16.008352 0.051724137931
37.026217 0.0689655172414
94.256849 0.0862068965517
115.492806 0.103448275862
127.188151 0.120689655172
134.01176 0.137931034483
147.298871 0.155172413793
156.429593 0.172413793103
156.45247 0.189655172414
160.742506 0.206896551724
163.572908 0.224137931034
164.506367 0.241379310345
164.760305 0.258620689655
167.899371 0.275862068966
168.678256 0.293103448276
171.479831 0.310344827586
175.086562 0.327586206897
184.609173 0.344827586207
185.086435 0.362068965517
198.431773 0.379310344828
200.615258 0.396551724138
203.121274 0.413793103448
203.522552 0.431034482759
212.987529 0.448275862069
214.91936 0.465517241379
218.533221 0.48275862069
219.908396 0.5
226.996591 0.51724137931
233.682251 0.534482758621
233.775076 0.551724137931
235.227344 0.568965517241
251.353279 0.586206896552
251.905969 0.603448275862
262.155773 0.620689655172
264.550908 0.637931034483
267.346844 0.655172413793
282.180187 0.672413793103
284.835491 0.689655172414
287.432549 0.706896551724
291.891252 0.724137931034
304.433144 0.741379310345
306.910165 0.758620689655
307.125552 0.775862068966
329.002833 0.793103448276
349.88295 0.810344827586
354.426732 0.827586206897
362.964562 0.844827586207
363.185582 0.862068965517
374.565619 0.879310344828
376.939812 0.896551724138
378.662193 0.913793103448
413.03709 0.931034482759
414.181233 0.948275862069
433.372742 0.965517241379
457.502687 0.98275862069
467.655042 1.0