131.1886
-219.0109
-47.2957
-18.5435
-27.0107
-157.7187
-39.9637
-368.6677
-59.566
-32.8819
5.3285
-23.6146
-89.6142
-90.5953
-73.1413
-128.3983
-134.4317
317.0
-375.0526
81.1982
-10.8069
-93.0634
-166.794
-13.3218
30.9012
-107.9183
-112.3635
-230.4518
7.4266
61.6738
-973.8339
297.7
-100.859
49.7717
-1378.2021
101.6929
-34.6205
-164.9683
-238.3687
16.0133
210.186
-54.1929
-127.805
-11.1922
-213.0516
-94.485
-207.6972
-251.6999
13.8558
6.2599
257.065
-98.255
-92.3203
-106.3515
60.4836
47.5324
66.7425
-205.0556