143.358309
23.471582
128.876771
194.16332
159.532434
173.710462
304.59198
-21.183186
183.445238
239.793753
215.773013
122.784131
-36.09942
-49.824622
232.366543
55.624381
213.050845
563.581351
-39.621913
197.126276
51.882764
155.380503
131.784821
207.930533
62.646652
113.017089
258.954505
171.394515
236.748337
141.634304
-117.081751
477.887746
47.547323
139.722126
-842.125761
249.612078
197.519256
84.786957
57.788058
199.272717
130.83583
191.835723
54.601523
51.409033
316.450763
359.693925
188.936908
108.583265
206.447284
213.908931
306.500684
-80.029836
-15.789129
24.994854
149.900892
209.67161
144.373325
9.135467