0.09037037037037036	0.08333333333333333
0.09185185185185185	0.125
0.09605488850771869	0.20833333333333334
0.09948542024013722	0.25
0.10291595197255575	0.2916666666666667
0.10644257703081232	0.375
0.10814814814814815	0.4166666666666667
0.11064425770308123	0.4583333333333333
0.1134453781512605	0.5
0.11407407407407408	0.5416666666666666
0.11663807890222985	0.5833333333333334
0.12464985994397759	0.625
0.13550600343053174	0.6666666666666666
0.1400560224089636	0.7083333333333334
0.1451851851851852	0.75
0.14565826330532214	0.7916666666666666
0.15266106442577032	0.8333333333333334
0.1680960548885077	0.875
0.17629629629629628	0.9166666666666666
0.1837037037037037	0.9583333333333334
0.18524871355060035	1.0