0 0.0 537.0 0.35871743487 0.35871743487
1 14.0 1.0 0.000668002672011 0.359385437542
2 15.0 1.0 0.000668002672011 0.360053440214
3 16.0 1.0 0.000668002672011 0.360721442886
4 20.0 1.0 0.000668002672011 0.361389445558
5 23.0 1.0 0.000668002672011 0.36205744823
6 25.0 1.0 0.000668002672011 0.362725450902
7 85.0 1.0 0.000668002672011 0.363393453574
8 100.0 1.0 0.000668002672011 0.364061456246
9 117.0 1.0 0.000668002672011 0.364729458918
10 125.0 1.0 0.000668002672011 0.36539746159
11 136.0 1.0 0.000668002672011 0.366065464262
12 150.0 1.0 0.000668002672011 0.366733466934
13 153.0 1.0 0.000668002672011 0.367401469606
14 166.0 1.0 0.000668002672011 0.368069472278
15 168.0 1.0 0.000668002672011 0.36873747495
16 173.0 1.0 0.000668002672011 0.369405477622
17 219.0 1.0 0.000668002672011 0.370073480294
18 254.0 1.0 0.000668002672011 0.370741482966
19 317.0 1.0 0.000668002672011 0.371409485638
20 330.0 2.0 0.00133600534402 0.372745490982
21 337.0 1.0 0.000668002672011 0.373413493654
22 349.0 1.0 0.000668002672011 0.374081496326
23 362.0 1.0 0.000668002672011 0.374749498998
24 393.0 1.0 0.000668002672011 0.37541750167
25 429.0 1.0 0.000668002672011 0.376085504342
26 490.0 1.0 0.000668002672011 0.376753507014
27 535.0 1.0 0.000668002672011 0.377421509686
28 541.0 1.0 0.000668002672011 0.378089512358
29 644.0 1.0 0.000668002672011 0.37875751503
30 690.0 1.0 0.000668002672011 0.379425517702
31 707.0 1.0 0.000668002672011 0.380093520374
32 731.0 1.0 0.000668002672011 0.380761523046
33 765.0 1.0 0.000668002672011 0.381429525718
34 848.0 1.0 0.000668002672011 0.38209752839
35 864.0 1.0 0.000668002672011 0.382765531062
36 943.0 1.0 0.000668002672011 0.383433533734
37 950.0 1.0 0.000668002672011 0.384101536406
38 953.0 2.0 0.00133600534402 0.38543754175
39 977.0 1.0 0.000668002672011 0.386105544422
40 994.0 1.0 0.000668002672011 0.386773547094
41 1016.0 1.0 0.000668002672011 0.387441549766
42 1024.0 1.0 0.000668002672011 0.388109552438
43 1036.0 1.0 0.000668002672011 0.38877755511
44 1061.0 1.0 0.000668002672011 0.389445557782
45 1086.0 1.0 0.000668002672011 0.390113560454
46 1090.0 2.0 0.00133600534402 0.391449565798
47 1169.0 1.0 0.000668002672011 0.39211756847
48 1209.0 1.0 0.000668002672011 0.392785571142
49 1218.0 1.0 0.000668002672011 0.393453573814
50 1246.0 1.0 0.000668002672011 0.394121576486
51 1252.0 1.0 0.000668002672011 0.394789579158
52 1271.0 2.0 0.00133600534402 0.396125584502
53 1273.0 1.0 0.000668002672011 0.396793587174
54 1287.0 2.0 0.00133600534402 0.398129592518
55 1312.0 1.0 0.000668002672011 0.39879759519
56 1324.0 1.0 0.000668002672011 0.399465597862
57 1327.0 1.0 0.000668002672011 0.400133600534
58 1333.0 1.0 0.000668002672011 0.400801603206
59 1349.0 1.0 0.000668002672011 0.401469605878
60 1351.0 1.0 0.000668002672011 0.40213760855
61 1352.0 1.0 0.000668002672011 0.402805611222
62 1357.0 1.0 0.000668002672011 0.403473613894
63 1381.0 1.0 0.000668002672011 0.404141616566
64 1384.0 1.0 0.000668002672011 0.404809619238
65 1400.0 1.0 0.000668002672011 0.40547762191
66 1403.0 2.0 0.00133600534402 0.406813627255
67 1412.0 1.0 0.000668002672011 0.407481629927
68 1420.0 1.0 0.000668002672011 0.408149632599
69 1446.0 1.0 0.000668002672011 0.408817635271
70 1453.0 1.0 0.000668002672011 0.409485637943
71 1459.0 1.0 0.000668002672011 0.410153640615
72 1464.0 1.0 0.000668002672011 0.410821643287
73 1469.0 1.0 0.000668002672011 0.411489645959
74 1481.0 1.0 0.000668002672011 0.412157648631
75 1485.0 1.0 0.000668002672011 0.412825651303
76 1491.0 1.0 0.000668002672011 0.413493653975
77 1502.0 1.0 0.000668002672011 0.414161656647
78 1523.0 1.0 0.000668002672011 0.414829659319
79 1524.0 1.0 0.000668002672011 0.415497661991
80 1531.0 1.0 0.000668002672011 0.416165664663
81 1570.0 1.0 0.000668002672011 0.416833667335
82 1599.0 1.0 0.000668002672011 0.417501670007
83 1615.0 1.0 0.000668002672011 0.418169672679
84 1617.0 1.0 0.000668002672011 0.418837675351
85 1625.0 1.0 0.000668002672011 0.419505678023
86 1627.0 1.0 0.000668002672011 0.420173680695
87 1632.0 1.0 0.000668002672011 0.420841683367
88 1639.0 1.0 0.000668002672011 0.421509686039
89 1642.0 1.0 0.000668002672011 0.422177688711
90 1647.0 1.0 0.000668002672011 0.422845691383
91 1665.0 1.0 0.000668002672011 0.423513694055
92 1678.0 1.0 0.000668002672011 0.424181696727
93 1682.0 1.0 0.000668002672011 0.424849699399
94 1692.0 1.0 0.000668002672011 0.425517702071
95 1715.0 1.0 0.000668002672011 0.426185704743
96 1721.0 1.0 0.000668002672011 0.426853707415
97 1726.0 1.0 0.000668002672011 0.427521710087
98 1728.0 1.0 0.000668002672011 0.428189712759
99 1734.0 1.0 0.000668002672011 0.428857715431
100 1745.0 1.0 0.000668002672011 0.429525718103
101 1746.0 2.0 0.00133600534402 0.430861723447
102 1748.0 1.0 0.000668002672011 0.431529726119
103 1750.0 1.0 0.000668002672011 0.432197728791
104 1753.0 1.0 0.000668002672011 0.432865731463
105 1754.0 2.0 0.00133600534402 0.434201736807
106 1756.0 1.0 0.000668002672011 0.434869739479
107 1759.0 1.0 0.000668002672011 0.435537742151
108 1786.0 1.0 0.000668002672011 0.436205744823
109 1788.0 1.0 0.000668002672011 0.436873747495
110 1796.0 1.0 0.000668002672011 0.437541750167
111 1801.0 1.0 0.000668002672011 0.438209752839
112 1837.0 1.0 0.000668002672011 0.438877755511
113 1840.0 1.0 0.000668002672011 0.439545758183
114 1847.0 1.0 0.000668002672011 0.440213760855
115 1848.0 1.0 0.000668002672011 0.440881763527
116 1854.0 1.0 0.000668002672011 0.441549766199
117 1891.0 1.0 0.000668002672011 0.442217768871
118 1908.0 1.0 0.000668002672011 0.442885771543
119 1912.0 1.0 0.000668002672011 0.443553774215
120 1915.0 1.0 0.000668002672011 0.444221776887
121 1927.0 1.0 0.000668002672011 0.444889779559
122 1928.0 1.0 0.000668002672011 0.445557782231
123 1937.0 1.0 0.000668002672011 0.446225784903
124 1939.0 1.0 0.000668002672011 0.446893787575
125 1940.0 1.0 0.000668002672011 0.447561790247
126 1948.0 1.0 0.000668002672011 0.448229792919
127 1949.0 1.0 0.000668002672011 0.448897795591
128 1950.0 1.0 0.000668002672011 0.449565798263
129 1951.0 1.0 0.000668002672011 0.450233800935
130 1971.0 1.0 0.000668002672011 0.450901803607
131 1977.0 1.0 0.000668002672011 0.451569806279
132 1979.0 1.0 0.000668002672011 0.452237808951
133 1985.0 1.0 0.000668002672011 0.452905811623
134 1988.0 1.0 0.000668002672011 0.453573814295
135 1994.0 1.0 0.000668002672011 0.454241816967
136 1996.0 1.0 0.000668002672011 0.454909819639
137 2002.0 1.0 0.000668002672011 0.455577822311
138 2006.0 1.0 0.000668002672011 0.456245824983
139 2009.0 1.0 0.000668002672011 0.456913827655
140 2010.0 1.0 0.000668002672011 0.457581830327
141 2020.0 1.0 0.000668002672011 0.458249832999
142 2022.0 1.0 0.000668002672011 0.458917835671
143 2029.0 3.0 0.00200400801603 0.460921843687
144 2034.0 1.0 0.000668002672011 0.461589846359
145 2037.0 1.0 0.000668002672011 0.462257849031
146 2038.0 1.0 0.000668002672011 0.462925851703
147 2039.0 1.0 0.000668002672011 0.463593854375
148 2043.0 4.0 0.00267201068804 0.466265865063
149 2044.0 1.0 0.000668002672011 0.466933867735
150 2047.0 1.0 0.000668002672011 0.467601870407
151 2050.0 1.0 0.000668002672011 0.468269873079
152 2051.0 1.0 0.000668002672011 0.468937875752
153 2052.0 1.0 0.000668002672011 0.469605878424
154 2053.0 3.0 0.00200400801603 0.47160988644
155 2055.0 2.0 0.00133600534402 0.472945891784
156 2064.0 1.0 0.000668002672011 0.473613894456
157 2067.0 1.0 0.000668002672011 0.474281897128
158 2078.0 1.0 0.000668002672011 0.4749498998
159 2080.0 1.0 0.000668002672011 0.475617902472
160 2090.0 1.0 0.000668002672011 0.476285905144
161 2115.0 1.0 0.000668002672011 0.476953907816
162 2123.0 2.0 0.00133600534402 0.47828991316
163 2125.0 2.0 0.00133600534402 0.479625918504
164 2137.0 1.0 0.000668002672011 0.480293921176
165 2139.0 1.0 0.000668002672011 0.480961923848
166 2148.0 1.0 0.000668002672011 0.48162992652
167 2154.0 1.0 0.000668002672011 0.482297929192
168 2159.0 1.0 0.000668002672011 0.482965931864
169 2160.0 1.0 0.000668002672011 0.483633934536
170 2169.0 1.0 0.000668002672011 0.484301937208
171 2197.0 1.0 0.000668002672011 0.48496993988
172 2210.0 1.0 0.000668002672011 0.485637942552
173 2212.0 1.0 0.000668002672011 0.486305945224
174 2216.0 1.0 0.000668002672011 0.486973947896
175 2222.0 1.0 0.000668002672011 0.487641950568
176 2225.0 1.0 0.000668002672011 0.48830995324
177 2239.0 1.0 0.000668002672011 0.488977955912
178 2247.0 1.0 0.000668002672011 0.489645958584
179 2250.0 1.0 0.000668002672011 0.490313961256
180 2251.0 1.0 0.000668002672011 0.490981963928
181 2252.0 1.0 0.000668002672011 0.4916499666
182 2259.0 1.0 0.000668002672011 0.492317969272
183 2260.0 1.0 0.000668002672011 0.492985971944
184 2262.0 1.0 0.000668002672011 0.493653974616
185 2263.0 1.0 0.000668002672011 0.494321977288
186 2264.0 1.0 0.000668002672011 0.49498997996
187 2265.0 1.0 0.000668002672011 0.495657982632
188 2267.0 2.0 0.00133600534402 0.496993987976
189 2268.0 1.0 0.000668002672011 0.497661990648
190 2269.0 1.0 0.000668002672011 0.49832999332
191 2273.0 3.0 0.00200400801603 0.500334001336
192 2274.0 1.0 0.000668002672011 0.501002004008
193 2280.0 1.0 0.000668002672011 0.50167000668
194 2282.0 1.0 0.000668002672011 0.502338009352
195 2283.0 1.0 0.000668002672011 0.503006012024
196 2286.0 1.0 0.000668002672011 0.503674014696
197 2289.0 1.0 0.000668002672011 0.504342017368
198 2296.0 2.0 0.00133600534402 0.505678022712
199 2301.0 1.0 0.000668002672011 0.506346025384
200 2315.0 1.0 0.000668002672011 0.507014028056
201 2333.0 1.0 0.000668002672011 0.507682030728
202 2341.0 1.0 0.000668002672011 0.5083500334
203 2356.0 1.0 0.000668002672011 0.509018036072
204 2364.0 1.0 0.000668002672011 0.509686038744
205 2405.0 2.0 0.00133600534402 0.511022044088
206 2407.0 1.0 0.000668002672011 0.51169004676
207 2414.0 1.0 0.000668002672011 0.512358049432
208 2424.0 1.0 0.000668002672011 0.513026052104
209 2447.0 1.0 0.000668002672011 0.513694054776
210 2469.0 2.0 0.00133600534402 0.51503006012
211 2473.0 1.0 0.000668002672011 0.515698062792
212 2515.0 1.0 0.000668002672011 0.516366065464
213 2528.0 1.0 0.000668002672011 0.517034068136
214 2532.0 1.0 0.000668002672011 0.517702070808
215 2536.0 1.0 0.000668002672011 0.51837007348
216 2551.0 1.0 0.000668002672011 0.519038076152
217 2558.0 1.0 0.000668002672011 0.519706078824
218 2562.0 1.0 0.000668002672011 0.520374081496
219 2575.0 1.0 0.000668002672011 0.521042084168
220 2577.0 1.0 0.000668002672011 0.52171008684
221 2582.0 1.0 0.000668002672011 0.522378089512
222 2597.0 1.0 0.000668002672011 0.523046092184
223 2630.0 1.0 0.000668002672011 0.523714094856
224 2636.0 1.0 0.000668002672011 0.524382097528
225 2656.0 1.0 0.000668002672011 0.5250501002
226 2658.0 1.0 0.000668002672011 0.525718102872
227 2667.0 1.0 0.000668002672011 0.526386105544
228 2668.0 1.0 0.000668002672011 0.527054108216
229 2670.0 1.0 0.000668002672011 0.527722110888
230 2687.0 1.0 0.000668002672011 0.52839011356
231 2732.0 1.0 0.000668002672011 0.529058116232
232 2734.0 1.0 0.000668002672011 0.529726118904
233 2765.0 1.0 0.000668002672011 0.530394121576
234 2768.0 1.0 0.000668002672011 0.531062124248
235 2791.0 1.0 0.000668002672011 0.531730126921
236 2802.0 1.0 0.000668002672011 0.532398129593
237 2804.0 1.0 0.000668002672011 0.533066132265
238 2806.0 1.0 0.000668002672011 0.533734134937
239 2821.0 1.0 0.000668002672011 0.534402137609
240 2827.0 1.0 0.000668002672011 0.535070140281
241 2828.0 1.0 0.000668002672011 0.535738142953
242 2860.0 1.0 0.000668002672011 0.536406145625
243 2904.0 1.0 0.000668002672011 0.537074148297
244 2917.0 1.0 0.000668002672011 0.537742150969
245 2918.0 1.0 0.000668002672011 0.538410153641
246 2937.0 1.0 0.000668002672011 0.539078156313
247 2942.0 1.0 0.000668002672011 0.539746158985
248 2943.0 1.0 0.000668002672011 0.540414161657
249 2962.0 1.0 0.000668002672011 0.541082164329
250 2975.0 1.0 0.000668002672011 0.541750167001
251 2977.0 1.0 0.000668002672011 0.542418169673
252 3002.0 1.0 0.000668002672011 0.543086172345
253 3005.0 1.0 0.000668002672011 0.543754175017
254 3006.0 1.0 0.000668002672011 0.544422177689
255 3015.0 1.0 0.000668002672011 0.545090180361
256 3027.0 1.0 0.000668002672011 0.545758183033
257 3048.0 1.0 0.000668002672011 0.546426185705
258 3060.0 1.0 0.000668002672011 0.547094188377
259 3104.0 1.0 0.000668002672011 0.547762191049
260 3165.0 1.0 0.000668002672011 0.548430193721
261 3166.0 1.0 0.000668002672011 0.549098196393
262 3173.0 1.0 0.000668002672011 0.549766199065
263 3182.0 1.0 0.000668002672011 0.550434201737
264 3184.0 1.0 0.000668002672011 0.551102204409
265 3193.0 1.0 0.000668002672011 0.551770207081
266 3215.0 1.0 0.000668002672011 0.552438209753
267 3227.0 2.0 0.00133600534402 0.553774215097
268 3229.0 1.0 0.000668002672011 0.554442217769
269 3246.0 1.0 0.000668002672011 0.555110220441
270 3250.0 1.0 0.000668002672011 0.555778223113
271 3296.0 1.0 0.000668002672011 0.556446225785
272 3307.0 2.0 0.00133600534402 0.557782231129
273 3325.0 1.0 0.000668002672011 0.558450233801
274 3327.0 1.0 0.000668002672011 0.559118236473
275 3356.0 1.0 0.000668002672011 0.559786239145
276 3379.0 1.0 0.000668002672011 0.560454241817
277 3413.0 1.0 0.000668002672011 0.561122244489
278 3430.0 1.0 0.000668002672011 0.561790247161
279 3439.0 1.0 0.000668002672011 0.562458249833
280 3454.0 1.0 0.000668002672011 0.563126252505
281 3469.0 1.0 0.000668002672011 0.563794255177
282 3516.0 1.0 0.000668002672011 0.564462257849
283 3525.0 1.0 0.000668002672011 0.565130260521
284 3539.0 1.0 0.000668002672011 0.565798263193
285 3547.0 1.0 0.000668002672011 0.566466265865
286 3576.0 1.0 0.000668002672011 0.567134268537
287 3577.0 1.0 0.000668002672011 0.567802271209
288 3590.0 1.0 0.000668002672011 0.568470273881
289 3619.0 1.0 0.000668002672011 0.569138276553
290 3641.0 1.0 0.000668002672011 0.569806279225
291 3678.0 1.0 0.000668002672011 0.570474281897
292 3682.0 1.0 0.000668002672011 0.571142284569
293 3707.0 1.0 0.000668002672011 0.571810287241
294 3708.0 1.0 0.000668002672011 0.572478289913
295 3719.0 1.0 0.000668002672011 0.573146292585
296 3753.0 1.0 0.000668002672011 0.573814295257
297 3768.0 1.0 0.000668002672011 0.574482297929
298 3783.0 3.0 0.00200400801603 0.576486305945
299 3816.0 1.0 0.000668002672011 0.577154308617
300 3836.0 1.0 0.000668002672011 0.577822311289
301 3862.0 1.0 0.000668002672011 0.578490313961
302 3864.0 1.0 0.000668002672011 0.579158316633
303 3881.0 1.0 0.000668002672011 0.579826319305
304 3884.0 1.0 0.000668002672011 0.580494321977
305 3885.0 1.0 0.000668002672011 0.581162324649
306 3887.0 1.0 0.000668002672011 0.581830327321
307 3890.0 1.0 0.000668002672011 0.582498329993
308 3913.0 1.0 0.000668002672011 0.583166332665
309 3947.0 1.0 0.000668002672011 0.583834335337
310 3959.0 1.0 0.000668002672011 0.584502338009
311 3989.0 1.0 0.000668002672011 0.585170340681
312 3998.0 1.0 0.000668002672011 0.585838343353
313 4015.0 6.0 0.00400801603206 0.589846359385
314 4022.0 1.0 0.000668002672011 0.590514362057
315 4096.0 1.0 0.000668002672011 0.591182364729
316 4104.0 1.0 0.000668002672011 0.591850367401
317 4122.0 1.0 0.000668002672011 0.592518370073
318 4133.0 1.0 0.000668002672011 0.593186372745
319 4151.0 1.0 0.000668002672011 0.593854375418
320 4157.0 1.0 0.000668002672011 0.59452237809
321 4158.0 3.0 0.00200400801603 0.596526386106
322 4169.0 1.0 0.000668002672011 0.597194388778
323 4171.0 1.0 0.000668002672011 0.59786239145
324 4188.0 1.0 0.000668002672011 0.598530394122
325 4190.0 1.0 0.000668002672011 0.599198396794
326 4201.0 1.0 0.000668002672011 0.599866399466
327 4258.0 2.0 0.00133600534402 0.60120240481
328 4282.0 1.0 0.000668002672011 0.601870407482
329 4303.0 1.0 0.000668002672011 0.602538410154
330 4315.0 1.0 0.000668002672011 0.603206412826
331 4336.0 1.0 0.000668002672011 0.603874415498
332 4337.0 2.0 0.00133600534402 0.605210420842
333 4421.0 2.0 0.00133600534402 0.606546426186
334 4432.0 1.0 0.000668002672011 0.607214428858
335 4442.0 1.0 0.000668002672011 0.60788243153
336 4449.0 1.0 0.000668002672011 0.608550434202
337 4482.0 1.0 0.000668002672011 0.609218436874
338 4501.0 2.0 0.00133600534402 0.610554442218
339 4503.0 1.0 0.000668002672011 0.61122244489
340 4528.0 1.0 0.000668002672011 0.611890447562
341 4546.0 1.0 0.000668002672011 0.612558450234
342 4614.0 1.0 0.000668002672011 0.613226452906
343 4653.0 1.0 0.000668002672011 0.613894455578
344 4654.0 1.0 0.000668002672011 0.61456245825
345 4668.0 1.0 0.000668002672011 0.615230460922
346 4684.0 1.0 0.000668002672011 0.615898463594
347 4693.0 1.0 0.000668002672011 0.616566466266
348 4737.0 1.0 0.000668002672011 0.617234468938
349 4745.0 2.0 0.00133600534402 0.618570474282
350 4753.0 1.0 0.000668002672011 0.619238476954
351 4809.0 1.0 0.000668002672011 0.619906479626
352 4813.0 2.0 0.00133600534402 0.62124248497
353 4821.0 1.0 0.000668002672011 0.621910487642
354 4841.0 1.0 0.000668002672011 0.622578490314
355 4876.0 1.0 0.000668002672011 0.623246492986
356 4970.0 1.0 0.000668002672011 0.623914495658
357 5006.0 1.0 0.000668002672011 0.62458249833
358 5019.0 1.0 0.000668002672011 0.625250501002
359 5033.0 1.0 0.000668002672011 0.625918503674
360 5079.0 1.0 0.000668002672011 0.626586506346
361 5106.0 1.0 0.000668002672011 0.627254509018
362 5132.0 1.0 0.000668002672011 0.62792251169
363 5151.0 1.0 0.000668002672011 0.628590514362
364 5188.0 1.0 0.000668002672011 0.629258517034
365 5201.0 1.0 0.000668002672011 0.629926519706
366 5203.0 1.0 0.000668002672011 0.630594522378
367 5205.0 1.0 0.000668002672011 0.63126252505
368 5211.0 1.0 0.000668002672011 0.631930527722
369 5229.0 1.0 0.000668002672011 0.632598530394
370 5246.0 1.0 0.000668002672011 0.633266533066
371 5255.0 1.0 0.000668002672011 0.633934535738
372 5285.0 1.0 0.000668002672011 0.63460253841
373 5346.0 1.0 0.000668002672011 0.635270541082
374 5398.0 1.0 0.000668002672011 0.635938543754
375 5486.0 1.0 0.000668002672011 0.636606546426
376 5533.0 1.0 0.000668002672011 0.637274549098
377 5619.0 1.0 0.000668002672011 0.63794255177
378 5649.0 1.0 0.000668002672011 0.638610554442
379 5655.0 1.0 0.000668002672011 0.639278557114
380 5698.0 1.0 0.000668002672011 0.639946559786
381 5700.0 1.0 0.000668002672011 0.640614562458
382 5786.0 1.0 0.000668002672011 0.64128256513
383 5797.0 2.0 0.00133600534402 0.642618570474
384 5833.0 1.0 0.000668002672011 0.643286573146
385 5856.0 1.0 0.000668002672011 0.643954575818
386 5877.0 1.0 0.000668002672011 0.64462257849
387 5970.0 1.0 0.000668002672011 0.645290581162
388 6005.0 1.0 0.000668002672011 0.645958583834
389 6022.0 1.0 0.000668002672011 0.646626586506
390 6038.0 1.0 0.000668002672011 0.647294589178
391 6127.0 1.0 0.000668002672011 0.64796259185
392 6170.0 1.0 0.000668002672011 0.648630594522
393 6177.0 1.0 0.000668002672011 0.649298597194
394 6225.0 1.0 0.000668002672011 0.649966599866
395 6283.0 1.0 0.000668002672011 0.650634602538
396 6302.0 1.0 0.000668002672011 0.65130260521
397 6364.0 1.0 0.000668002672011 0.651970607882
398 6407.0 1.0 0.000668002672011 0.652638610554
399 6432.0 1.0 0.000668002672011 0.653306613226
400 6447.0 1.0 0.000668002672011 0.653974615898
401 6463.0 1.0 0.000668002672011 0.65464261857
402 6479.0 1.0 0.000668002672011 0.655310621242
403 6630.0 1.0 0.000668002672011 0.655978623914
404 6665.0 1.0 0.000668002672011 0.656646626587
405 6845.0 1.0 0.000668002672011 0.657314629259
406 6888.0 1.0 0.000668002672011 0.657982631931
407 6925.0 1.0 0.000668002672011 0.658650634603
408 6942.0 1.0 0.000668002672011 0.659318637275
409 7090.0 1.0 0.000668002672011 0.659986639947
410 7167.0 1.0 0.000668002672011 0.660654642619
411 7187.0 1.0 0.000668002672011 0.661322645291
412 7196.0 1.0 0.000668002672011 0.661990647963
413 7220.0 1.0 0.000668002672011 0.662658650635
414 7428.0 1.0 0.000668002672011 0.663326653307
415 7465.0 1.0 0.000668002672011 0.663994655979
416 7479.0 1.0 0.000668002672011 0.664662658651
417 7483.0 1.0 0.000668002672011 0.665330661323
418 7508.0 1.0 0.000668002672011 0.665998663995
419 7522.0 1.0 0.000668002672011 0.666666666667
420 7581.0 1.0 0.000668002672011 0.667334669339
421 7811.0 1.0 0.000668002672011 0.668002672011
422 7858.0 1.0 0.000668002672011 0.668670674683
423 8108.0 1.0 0.000668002672011 0.669338677355
424 8178.0 1.0 0.000668002672011 0.670006680027
425 8236.0 1.0 0.000668002672011 0.670674682699
426 8358.0 1.0 0.000668002672011 0.671342685371
427 8420.0 1.0 0.000668002672011 0.672010688043
428 8427.0 1.0 0.000668002672011 0.672678690715
429 8494.0 1.0 0.000668002672011 0.673346693387
430 8532.0 1.0 0.000668002672011 0.674014696059
431 8659.0 1.0 0.000668002672011 0.674682698731
432 8756.0 1.0 0.000668002672011 0.675350701403
433 8818.0 1.0 0.000668002672011 0.676018704075
434 8988.0 1.0 0.000668002672011 0.676686706747
435 9030.0 1.0 0.000668002672011 0.677354709419
436 9098.0 1.0 0.000668002672011 0.678022712091
437 9099.0 1.0 0.000668002672011 0.678690714763
438 9129.0 1.0 0.000668002672011 0.679358717435
439 9179.0 1.0 0.000668002672011 0.680026720107
440 9416.0 1.0 0.000668002672011 0.680694722779
441 9494.0 1.0 0.000668002672011 0.681362725451
442 9497.0 1.0 0.000668002672011 0.682030728123
443 9829.0 1.0 0.000668002672011 0.682698730795
444 9947.0 1.0 0.000668002672011 0.683366733467
445 9994.0 1.0 0.000668002672011 0.684034736139
446 10630.0 1.0 0.000668002672011 0.684702738811
447 10857.0 1.0 0.000668002672011 0.685370741483
448 11088.0 1.0 0.000668002672011 0.686038744155
449 11195.0 1.0 0.000668002672011 0.686706746827
450 11244.0 1.0 0.000668002672011 0.687374749499
451 11264.0 1.0 0.000668002672011 0.688042752171
452 11878.0 1.0 0.000668002672011 0.688710754843
453 11940.0 1.0 0.000668002672011 0.689378757515
454 11947.0 1.0 0.000668002672011 0.690046760187
455 11988.0 1.0 0.000668002672011 0.690714762859
456 12094.0 1.0 0.000668002672011 0.691382765531
457 12236.0 1.0 0.000668002672011 0.692050768203
458 12263.0 1.0 0.000668002672011 0.692718770875
459 12315.0 1.0 0.000668002672011 0.693386773547
460 12370.0 1.0 0.000668002672011 0.694054776219
461 12919.0 1.0 0.000668002672011 0.694722778891
462 12965.0 1.0 0.000668002672011 0.695390781563
463 13188.0 1.0 0.000668002672011 0.696058784235
464 13998.0 1.0 0.000668002672011 0.696726786907
465 14463.0 1.0 0.000668002672011 0.697394789579
466 14843.0 1.0 0.000668002672011 0.698062792251
467 14859.0 1.0 0.000668002672011 0.698730794923
468 14938.0 1.0 0.000668002672011 0.699398797595
469 15087.0 1.0 0.000668002672011 0.700066800267
470 15416.0 1.0 0.000668002672011 0.700734802939
471 15522.0 1.0 0.000668002672011 0.701402805611
472 15649.0 1.0 0.000668002672011 0.702070808283
473 15665.0 1.0 0.000668002672011 0.702738810955
474 15855.0 1.0 0.000668002672011 0.703406813627
475 16032.0 1.0 0.000668002672011 0.704074816299
476 16229.0 1.0 0.000668002672011 0.704742818971
477 17442.0 1.0 0.000668002672011 0.705410821643
478 17512.0 1.0 0.000668002672011 0.706078824315
479 17607.0 1.0 0.000668002672011 0.706746826987
480 17886.0 1.0 0.000668002672011 0.707414829659
481 18199.0 1.0 0.000668002672011 0.708082832331
482 18482.0 1.0 0.000668002672011 0.708750835003
483 18498.0 1.0 0.000668002672011 0.709418837675
484 18555.0 1.0 0.000668002672011 0.710086840347
485 18588.0 1.0 0.000668002672011 0.710754843019
486 18618.0 1.0 0.000668002672011 0.711422845691
487 19075.0 1.0 0.000668002672011 0.712090848363
488 19245.0 1.0 0.000668002672011 0.712758851035
489 19287.0 1.0 0.000668002672011 0.713426853707
490 19339.0 1.0 0.000668002672011 0.714094856379
491 19341.0 1.0 0.000668002672011 0.714762859051
492 19440.0 1.0 0.000668002672011 0.715430861723
493 19786.0 1.0 0.000668002672011 0.716098864395
494 20020.0 1.0 0.000668002672011 0.716766867067
495 20403.0 1.0 0.000668002672011 0.717434869739
496 20541.0 1.0 0.000668002672011 0.718102872411
497 20583.0 1.0 0.000668002672011 0.718770875084
498 20996.0 1.0 0.000668002672011 0.719438877756
499 21307.0 1.0 0.000668002672011 0.720106880428
500 21318.0 1.0 0.000668002672011 0.7207748831
501 21374.0 1.0 0.000668002672011 0.721442885772
502 21489.0 1.0 0.000668002672011 0.722110888444
503 21707.0 1.0 0.000668002672011 0.722778891116
504 22183.0 1.0 0.000668002672011 0.723446893788
505 22221.0 1.0 0.000668002672011 0.72411489646
506 22513.0 1.0 0.000668002672011 0.724782899132
507 22626.0 1.0 0.000668002672011 0.725450901804
508 22727.0 1.0 0.000668002672011 0.726118904476
509 22786.0 1.0 0.000668002672011 0.726786907148
510 23442.0 1.0 0.000668002672011 0.72745490982
511 23598.0 1.0 0.000668002672011 0.728122912492
512 23727.0 1.0 0.000668002672011 0.728790915164
513 23848.0 1.0 0.000668002672011 0.729458917836
514 24314.0 1.0 0.000668002672011 0.730126920508
515 24741.0 1.0 0.000668002672011 0.73079492318
516 24958.0 1.0 0.000668002672011 0.731462925852
517 25125.0 1.0 0.000668002672011 0.732130928524
518 25265.0 1.0 0.000668002672011 0.732798931196
519 25540.0 1.0 0.000668002672011 0.733466933868
520 25719.0 1.0 0.000668002672011 0.73413493654
521 25731.0 1.0 0.000668002672011 0.734802939212
522 25842.0 1.0 0.000668002672011 0.735470941884
523 25917.0 1.0 0.000668002672011 0.736138944556
524 26169.0 1.0 0.000668002672011 0.736806947228
525 26502.0 1.0 0.000668002672011 0.7374749499
526 27100.0 1.0 0.000668002672011 0.738142952572
527 27769.0 1.0 0.000668002672011 0.738810955244
528 27983.0 1.0 0.000668002672011 0.739478957916
529 28016.0 1.0 0.000668002672011 0.740146960588
530 28300.0 1.0 0.000668002672011 0.74081496326
531 29007.0 1.0 0.000668002672011 0.741482965932
532 29308.0 1.0 0.000668002672011 0.742150968604
533 29709.0 1.0 0.000668002672011 0.742818971276
534 29829.0 1.0 0.000668002672011 0.743486973948
535 30237.0 1.0 0.000668002672011 0.74415497662
536 30260.0 1.0 0.000668002672011 0.744822979292
537 30626.0 1.0 0.000668002672011 0.745490981964
538 30953.0 1.0 0.000668002672011 0.746158984636
539 31358.0 1.0 0.000668002672011 0.746826987308
540 31758.0 1.0 0.000668002672011 0.74749498998
541 31764.0 1.0 0.000668002672011 0.748162992652
542 32030.0 1.0 0.000668002672011 0.748830995324
543 32226.0 1.0 0.000668002672011 0.749498997996
544 32353.0 1.0 0.000668002672011 0.750167000668
545 32613.0 1.0 0.000668002672011 0.75083500334
546 32783.0 1.0 0.000668002672011 0.751503006012
547 32957.0 1.0 0.000668002672011 0.752171008684
548 33061.0 1.0 0.000668002672011 0.752839011356
549 33294.0 1.0 0.000668002672011 0.753507014028
550 33670.0 1.0 0.000668002672011 0.7541750167
551 33763.0 1.0 0.000668002672011 0.754843019372
552 33824.0 1.0 0.000668002672011 0.755511022044
553 33831.0 1.0 0.000668002672011 0.756179024716
554 34031.0 1.0 0.000668002672011 0.756847027388
555 34299.0 1.0 0.000668002672011 0.75751503006
556 34775.0 1.0 0.000668002672011 0.758183032732
557 34782.0 1.0 0.000668002672011 0.758851035404
558 34926.0 1.0 0.000668002672011 0.759519038076
559 35043.0 1.0 0.000668002672011 0.760187040748
560 35115.0 1.0 0.000668002672011 0.76085504342
561 35240.0 1.0 0.000668002672011 0.761523046092
562 35584.0 1.0 0.000668002672011 0.762191048764
563 35660.0 1.0 0.000668002672011 0.762859051436
564 35697.0 1.0 0.000668002672011 0.763527054108
565 35914.0 1.0 0.000668002672011 0.76419505678
566 36382.0 1.0 0.000668002672011 0.764863059452
567 36561.0 1.0 0.000668002672011 0.765531062124
568 36679.0 1.0 0.000668002672011 0.766199064796
569 36681.0 1.0 0.000668002672011 0.766867067468
570 37123.0 1.0 0.000668002672011 0.76753507014
571 37460.0 1.0 0.000668002672011 0.768203072812
572 37475.0 1.0 0.000668002672011 0.768871075484
573 37767.0 1.0 0.000668002672011 0.769539078156
574 37823.0 1.0 0.000668002672011 0.770207080828
575 38000.0 1.0 0.000668002672011 0.7708750835
576 38471.0 1.0 0.000668002672011 0.771543086172
577 38522.0 1.0 0.000668002672011 0.772211088844
578 38671.0 1.0 0.000668002672011 0.772879091516
579 38751.0 1.0 0.000668002672011 0.773547094188
580 38755.0 1.0 0.000668002672011 0.77421509686
581 39188.0 1.0 0.000668002672011 0.774883099532
582 39235.0 1.0 0.000668002672011 0.775551102204
583 41334.0 1.0 0.000668002672011 0.776219104876
584 41534.0 1.0 0.000668002672011 0.776887107548
585 41604.0 1.0 0.000668002672011 0.77755511022
586 41859.0 1.0 0.000668002672011 0.778223112892
587 41888.0 1.0 0.000668002672011 0.778891115564
588 42075.0 1.0 0.000668002672011 0.779559118236
589 42331.0 1.0 0.000668002672011 0.780227120908
590 42339.0 1.0 0.000668002672011 0.780895123581
591 42755.0 1.0 0.000668002672011 0.781563126253
592 43269.0 1.0 0.000668002672011 0.782231128925
593 43534.0 1.0 0.000668002672011 0.782899131597
594 43537.0 1.0 0.000668002672011 0.783567134269
595 43685.0 1.0 0.000668002672011 0.784235136941
596 44249.0 1.0 0.000668002672011 0.784903139613
597 45256.0 1.0 0.000668002672011 0.785571142285
598 45987.0 1.0 0.000668002672011 0.786239144957
599 46938.0 1.0 0.000668002672011 0.786907147629
600 47011.0 1.0 0.000668002672011 0.787575150301
601 47063.0 1.0 0.000668002672011 0.788243152973
602 47325.0 1.0 0.000668002672011 0.788911155645
603 47399.0 1.0 0.000668002672011 0.789579158317
604 47709.0 1.0 0.000668002672011 0.790247160989
605 47748.0 1.0 0.000668002672011 0.790915163661
606 47958.0 1.0 0.000668002672011 0.791583166333
607 48207.0 1.0 0.000668002672011 0.792251169005
608 48590.0 1.0 0.000668002672011 0.792919171677
609 48608.0 1.0 0.000668002672011 0.793587174349
610 48767.0 1.0 0.000668002672011 0.794255177021
611 49819.0 1.0 0.000668002672011 0.794923179693
612 50088.0 1.0 0.000668002672011 0.795591182365
613 50276.0 1.0 0.000668002672011 0.796259185037
614 50583.0 1.0 0.000668002672011 0.796927187709
615 50921.0 1.0 0.000668002672011 0.797595190381
616 51416.0 1.0 0.000668002672011 0.798263193053
617 51588.0 1.0 0.000668002672011 0.798931195725
618 51767.0 1.0 0.000668002672011 0.799599198397
619 52161.0 1.0 0.000668002672011 0.800267201069
620 52703.0 1.0 0.000668002672011 0.800935203741
621 52918.0 1.0 0.000668002672011 0.801603206413
622 53074.0 1.0 0.000668002672011 0.802271209085
623 53148.0 1.0 0.000668002672011 0.802939211757
624 53184.0 1.0 0.000668002672011 0.803607214429
625 53321.0 1.0 0.000668002672011 0.804275217101
626 54182.0 1.0 0.000668002672011 0.804943219773
627 54301.0 1.0 0.000668002672011 0.805611222445
628 54386.0 1.0 0.000668002672011 0.806279225117
629 54551.0 1.0 0.000668002672011 0.806947227789
630 54670.0 1.0 0.000668002672011 0.807615230461
631 54960.0 1.0 0.000668002672011 0.808283233133
632 55267.0 1.0 0.000668002672011 0.808951235805
633 55270.0 1.0 0.000668002672011 0.809619238477
634 55448.0 1.0 0.000668002672011 0.810287241149
635 56285.0 1.0 0.000668002672011 0.810955243821
636 56576.0 1.0 0.000668002672011 0.811623246493
637 57478.0 1.0 0.000668002672011 0.812291249165
638 58383.0 1.0 0.000668002672011 0.812959251837
639 58583.0 1.0 0.000668002672011 0.813627254509
640 58886.0 1.0 0.000668002672011 0.814295257181
641 59742.0 1.0 0.000668002672011 0.814963259853
642 59763.0 1.0 0.000668002672011 0.815631262525
643 59885.0 1.0 0.000668002672011 0.816299265197
644 60087.0 1.0 0.000668002672011 0.816967267869
645 60273.0 1.0 0.000668002672011 0.817635270541
646 60294.0 1.0 0.000668002672011 0.818303273213
647 60404.0 1.0 0.000668002672011 0.818971275885
648 61357.0 1.0 0.000668002672011 0.819639278557
649 61655.0 1.0 0.000668002672011 0.820307281229
650 62305.0 1.0 0.000668002672011 0.820975283901
651 62487.0 1.0 0.000668002672011 0.821643286573
652 62587.0 1.0 0.000668002672011 0.822311289245
653 62645.0 1.0 0.000668002672011 0.822979291917
654 63074.0 1.0 0.000668002672011 0.823647294589
655 63946.0 1.0 0.000668002672011 0.824315297261
656 64191.0 1.0 0.000668002672011 0.824983299933
657 64608.0 1.0 0.000668002672011 0.825651302605
658 65332.0 1.0 0.000668002672011 0.826319305277
659 65818.0 1.0 0.000668002672011 0.826987307949
660 66549.0 1.0 0.000668002672011 0.827655310621
661 67260.0 1.0 0.000668002672011 0.828323313293
662 67462.0 1.0 0.000668002672011 0.828991315965
663 67492.0 1.0 0.000668002672011 0.829659318637
664 67859.0 1.0 0.000668002672011 0.830327321309
665 68355.0 1.0 0.000668002672011 0.830995323981
666 68676.0 1.0 0.000668002672011 0.831663326653
667 69106.0 1.0 0.000668002672011 0.832331329325
668 70019.0 1.0 0.000668002672011 0.832999331997
669 70293.0 1.0 0.000668002672011 0.833667334669
670 70620.0 1.0 0.000668002672011 0.834335337341
671 71219.0 1.0 0.000668002672011 0.835003340013
672 71369.0 1.0 0.000668002672011 0.835671342685
673 71533.0 1.0 0.000668002672011 0.836339345357
674 71637.0 1.0 0.000668002672011 0.837007348029
675 72087.0 1.0 0.000668002672011 0.837675350701
676 72192.0 1.0 0.000668002672011 0.838343353373
677 72346.0 1.0 0.000668002672011 0.839011356045
678 73403.0 1.0 0.000668002672011 0.839679358717
679 73518.0 1.0 0.000668002672011 0.840347361389
680 73658.0 1.0 0.000668002672011 0.841015364061
681 73713.0 1.0 0.000668002672011 0.841683366733
682 74546.0 1.0 0.000668002672011 0.842351369405
683 74905.0 1.0 0.000668002672011 0.843019372078
684 75539.0 1.0 0.000668002672011 0.84368737475
685 75601.0 1.0 0.000668002672011 0.844355377422
686 75658.0 1.0 0.000668002672011 0.845023380094
687 76318.0 1.0 0.000668002672011 0.845691382766
688 76590.0 1.0 0.000668002672011 0.846359385438
689 77040.0 1.0 0.000668002672011 0.84702738811
690 77088.0 1.0 0.000668002672011 0.847695390782
691 77136.0 1.0 0.000668002672011 0.848363393454
692 77586.0 1.0 0.000668002672011 0.849031396126
693 77602.0 1.0 0.000668002672011 0.849699398798
694 77924.0 1.0 0.000668002672011 0.85036740147
695 78142.0 1.0 0.000668002672011 0.851035404142
696 79439.0 1.0 0.000668002672011 0.851703406814
697 79772.0 1.0 0.000668002672011 0.852371409486
698 79888.0 2.0 0.00133600534402 0.85370741483
699 80656.0 1.0 0.000668002672011 0.854375417502
700 80985.0 1.0 0.000668002672011 0.855043420174
701 81900.0 1.0 0.000668002672011 0.855711422846
702 82586.0 1.0 0.000668002672011 0.856379425518
703 82986.0 1.0 0.000668002672011 0.85704742819
704 83088.0 1.0 0.000668002672011 0.857715430862
705 83613.0 1.0 0.000668002672011 0.858383433534
706 83663.0 1.0 0.000668002672011 0.859051436206
707 83821.0 1.0 0.000668002672011 0.859719438878
708 83827.0 1.0 0.000668002672011 0.86038744155
709 84228.0 1.0 0.000668002672011 0.861055444222
710 84928.0 1.0 0.000668002672011 0.861723446894
711 85292.0 1.0 0.000668002672011 0.862391449566
712 85359.0 1.0 0.000668002672011 0.863059452238
713 85544.0 1.0 0.000668002672011 0.86372745491
714 85589.0 1.0 0.000668002672011 0.864395457582
715 85851.0 1.0 0.000668002672011 0.865063460254
716 86081.0 1.0 0.000668002672011 0.865731462926
717 86666.0 1.0 0.000668002672011 0.866399465598
718 86857.0 1.0 0.000668002672011 0.86706746827
719 87049.0 1.0 0.000668002672011 0.867735470942
720 87490.0 1.0 0.000668002672011 0.868403473614
721 87586.0 1.0 0.000668002672011 0.869071476286
722 87988.0 1.0 0.000668002672011 0.869739478958
723 88188.0 1.0 0.000668002672011 0.87040748163
724 88552.0 1.0 0.000668002672011 0.871075484302
725 88949.0 1.0 0.000668002672011 0.871743486974
726 89117.0 1.0 0.000668002672011 0.872411489646
727 89238.0 1.0 0.000668002672011 0.873079492318
728 89328.0 1.0 0.000668002672011 0.87374749499
729 89666.0 1.0 0.000668002672011 0.874415497662
730 90144.0 1.0 0.000668002672011 0.875083500334
731 90296.0 1.0 0.000668002672011 0.875751503006
732 90314.0 1.0 0.000668002672011 0.876419505678
733 90397.0 1.0 0.000668002672011 0.87708750835
734 90492.0 1.0 0.000668002672011 0.877755511022
735 90546.0 1.0 0.000668002672011 0.878423513694
736 90783.0 1.0 0.000668002672011 0.879091516366
737 91338.0 1.0 0.000668002672011 0.879759519038
738 92000.0 1.0 0.000668002672011 0.88042752171
739 92044.0 1.0 0.000668002672011 0.881095524382
740 92239.0 1.0 0.000668002672011 0.881763527054
741 92405.0 1.0 0.000668002672011 0.882431529726
742 92435.0 1.0 0.000668002672011 0.883099532398
743 92930.0 1.0 0.000668002672011 0.88376753507
744 93204.0 1.0 0.000668002672011 0.884435537742
745 94275.0 1.0 0.000668002672011 0.885103540414
746 94517.0 1.0 0.000668002672011 0.885771543086
747 95266.0 1.0 0.000668002672011 0.886439545758
748 95591.0 1.0 0.000668002672011 0.88710754843
749 95673.0 1.0 0.000668002672011 0.887775551102
750 95860.0 1.0 0.000668002672011 0.888443553774
751 95865.0 1.0 0.000668002672011 0.889111556446
752 96071.0 1.0 0.000668002672011 0.889779559118
753 96187.0 1.0 0.000668002672011 0.89044756179
754 96374.0 1.0 0.000668002672011 0.891115564462
755 97410.0 1.0 0.000668002672011 0.891783567134
756 97753.0 1.0 0.000668002672011 0.892451569806
757 98165.0 1.0 0.000668002672011 0.893119572478
758 100613.0 1.0 0.000668002672011 0.89378757515
759 101280.0 1.0 0.000668002672011 0.894455577822
760 101474.0 1.0 0.000668002672011 0.895123580494
761 101589.0 1.0 0.000668002672011 0.895791583166
762 102258.0 1.0 0.000668002672011 0.896459585838
763 102504.0 1.0 0.000668002672011 0.89712758851
764 102650.0 1.0 0.000668002672011 0.897795591182
765 103082.0 1.0 0.000668002672011 0.898463593854
766 103416.0 1.0 0.000668002672011 0.899131596526
767 104285.0 1.0 0.000668002672011 0.899799599198
768 105059.0 1.0 0.000668002672011 0.90046760187
769 105320.0 1.0 0.000668002672011 0.901135604542
770 105385.0 1.0 0.000668002672011 0.901803607214
771 105512.0 1.0 0.000668002672011 0.902471609886
772 105823.0 1.0 0.000668002672011 0.903139612558
773 105993.0 1.0 0.000668002672011 0.90380761523
774 106182.0 1.0 0.000668002672011 0.904475617902
775 106253.0 1.0 0.000668002672011 0.905143620575
776 106335.0 1.0 0.000668002672011 0.905811623247
777 106418.0 1.0 0.000668002672011 0.906479625919
778 107455.0 1.0 0.000668002672011 0.907147628591
779 107628.0 1.0 0.000668002672011 0.907815631263
780 108028.0 1.0 0.000668002672011 0.908483633935
781 108559.0 1.0 0.000668002672011 0.909151636607
782 108762.0 2.0 0.00133600534402 0.910487641951
783 109503.0 1.0 0.000668002672011 0.911155644623
784 110059.0 1.0 0.000668002672011 0.911823647295
785 110253.0 1.0 0.000668002672011 0.912491649967
786 110359.0 1.0 0.000668002672011 0.913159652639
787 110614.0 1.0 0.000668002672011 0.913827655311
788 110630.0 1.0 0.000668002672011 0.914495657983
789 110959.0 1.0 0.000668002672011 0.915163660655
790 112343.0 1.0 0.000668002672011 0.915831663327
791 112515.0 1.0 0.000668002672011 0.916499665999
792 113247.0 1.0 0.000668002672011 0.917167668671
793 113423.0 1.0 0.000668002672011 0.917835671343
794 113569.0 1.0 0.000668002672011 0.918503674015
795 114273.0 1.0 0.000668002672011 0.919171676687
796 114338.0 1.0 0.000668002672011 0.919839679359
797 115531.0 1.0 0.000668002672011 0.920507682031
798 115857.0 1.0 0.000668002672011 0.921175684703
799 116649.0 1.0 0.000668002672011 0.921843687375
800 116838.0 1.0 0.000668002672011 0.922511690047
801 117586.0 1.0 0.000668002672011 0.923179692719
802 118091.0 1.0 0.000668002672011 0.923847695391
803 119006.0 1.0 0.000668002672011 0.924515698063
804 119836.0 1.0 0.000668002672011 0.925183700735
805 120212.0 1.0 0.000668002672011 0.925851703407
806 120288.0 1.0 0.000668002672011 0.926519706079
807 121259.0 1.0 0.000668002672011 0.927187708751
808 121793.0 1.0 0.000668002672011 0.927855711423
809 121871.0 1.0 0.000668002672011 0.928523714095
810 122777.0 1.0 0.000668002672011 0.929191716767
811 123872.0 1.0 0.000668002672011 0.929859719439
812 124919.0 1.0 0.000668002672011 0.930527722111
813 125200.0 1.0 0.000668002672011 0.931195724783
814 125701.0 1.0 0.000668002672011 0.931863727455
815 127133.0 1.0 0.000668002672011 0.932531730127
816 127490.0 1.0 0.000668002672011 0.933199732799
817 128637.0 1.0 0.000668002672011 0.933867735471
818 129037.0 1.0 0.000668002672011 0.934535738143
819 129142.0 1.0 0.000668002672011 0.935203740815
820 131065.0 1.0 0.000668002672011 0.935871743487
821 131827.0 1.0 0.000668002672011 0.936539746159
822 131914.0 1.0 0.000668002672011 0.937207748831
823 132358.0 1.0 0.000668002672011 0.937875751503
824 132588.0 1.0 0.000668002672011 0.938543754175
825 132705.0 1.0 0.000668002672011 0.939211756847
826 132915.0 1.0 0.000668002672011 0.939879759519
827 133723.0 1.0 0.000668002672011 0.940547762191
828 134198.0 1.0 0.000668002672011 0.941215764863
829 134563.0 1.0 0.000668002672011 0.941883767535
830 135257.0 1.0 0.000668002672011 0.942551770207
831 137696.0 1.0 0.000668002672011 0.943219772879
832 138001.0 1.0 0.000668002672011 0.943887775551
833 139987.0 1.0 0.000668002672011 0.944555778223
834 140198.0 1.0 0.000668002672011 0.945223780895
835 142699.0 1.0 0.000668002672011 0.945891783567
836 143086.0 1.0 0.000668002672011 0.946559786239
837 143170.0 1.0 0.000668002672011 0.947227788911
838 144252.0 1.0 0.000668002672011 0.947895791583
839 144832.0 1.0 0.000668002672011 0.948563794255
840 145035.0 1.0 0.000668002672011 0.949231796927
841 145187.0 1.0 0.000668002672011 0.949899799599
842 145730.0 1.0 0.000668002672011 0.950567802271
843 146649.0 1.0 0.000668002672011 0.951235804943
844 146775.0 1.0 0.000668002672011 0.951903807615
845 148016.0 1.0 0.000668002672011 0.952571810287
846 148361.0 1.0 0.000668002672011 0.953239812959
847 149373.0 1.0 0.000668002672011 0.953907815631
848 151567.0 1.0 0.000668002672011 0.954575818303
849 151772.0 1.0 0.000668002672011 0.955243820975
850 152406.0 1.0 0.000668002672011 0.955911823647
851 153103.0 1.0 0.000668002672011 0.956579826319
852 153336.0 1.0 0.000668002672011 0.957247828991
853 154496.0 1.0 0.000668002672011 0.957915831663
854 155836.0 1.0 0.000668002672011 0.958583834335
855 156315.0 1.0 0.000668002672011 0.959251837007
856 157739.0 1.0 0.000668002672011 0.959919839679
857 159794.0 1.0 0.000668002672011 0.960587842351
858 159828.0 1.0 0.000668002672011 0.961255845023
859 160411.0 1.0 0.000668002672011 0.961923847695
860 160777.0 1.0 0.000668002672011 0.962591850367
861 160838.0 1.0 0.000668002672011 0.963259853039
862 161085.0 1.0 0.000668002672011 0.963927855711
863 171385.0 1.0 0.000668002672011 0.964595858383
864 172167.0 1.0 0.000668002672011 0.965263861055
865 172752.0 1.0 0.000668002672011 0.965931863727
866 175435.0 1.0 0.000668002672011 0.966599866399
867 179605.0 1.0 0.000668002672011 0.967267869071
868 180638.0 1.0 0.000668002672011 0.967935871744
869 183588.0 1.0 0.000668002672011 0.968603874416
870 185512.0 1.0 0.000668002672011 0.969271877088
871 193636.0 1.0 0.000668002672011 0.96993987976
872 195090.0 1.0 0.000668002672011 0.970607882432
873 195836.0 1.0 0.000668002672011 0.971275885104
874 199334.0 1.0 0.000668002672011 0.971943887776
875 200091.0 1.0 0.000668002672011 0.972611890448
876 200765.0 1.0 0.000668002672011 0.97327989312
877 201841.0 1.0 0.000668002672011 0.973947895792
878 206586.0 1.0 0.000668002672011 0.974615898464
879 207079.0 1.0 0.000668002672011 0.975283901136
880 209586.0 1.0 0.000668002672011 0.975951903808
881 209954.0 1.0 0.000668002672011 0.97661990648
882 210900.0 1.0 0.000668002672011 0.977287909152
883 215761.0 1.0 0.000668002672011 0.977955911824
884 216055.0 1.0 0.000668002672011 0.978623914496
885 223967.0 1.0 0.000668002672011 0.979291917168
886 226048.0 1.0 0.000668002672011 0.97995991984
887 226573.0 1.0 0.000668002672011 0.980627922512
888 227891.0 1.0 0.000668002672011 0.981295925184
889 229013.0 1.0 0.000668002672011 0.981963927856
890 230112.0 1.0 0.000668002672011 0.982631930528
891 230743.0 1.0 0.000668002672011 0.9832999332
892 235835.0 1.0 0.000668002672011 0.983967935872
893 242847.0 1.0 0.000668002672011 0.984635938544
894 252915.0 1.0 0.000668002672011 0.985303941216
895 254361.0 1.0 0.000668002672011 0.985971943888
896 266761.0 1.0 0.000668002672011 0.98663994656
897 267628.0 1.0 0.000668002672011 0.987307949232
898 274789.0 1.0 0.000668002672011 0.987975951904
899 279396.0 1.0 0.000668002672011 0.988643954576
900 280760.0 1.0 0.000668002672011 0.989311957248
901 295783.0 1.0 0.000668002672011 0.98997995992
902 298123.0 1.0 0.000668002672011 0.990647962592
903 303736.0 1.0 0.000668002672011 0.991315965264
904 313003.0 1.0 0.000668002672011 0.991983967936
905 324383.0 1.0 0.000668002672011 0.992651970608
906 339763.0 1.0 0.000668002672011 0.99331997328
907 353643.0 1.0 0.000668002672011 0.993987975952
908 381986.0 1.0 0.000668002672011 0.994655978624
909 383334.0 1.0 0.000668002672011 0.995323981296
910 388133.0 1.0 0.000668002672011 0.995991983968
911 390232.0 1.0 0.000668002672011 0.99665998664
912 423727.0 1.0 0.000668002672011 0.997327989312
913 430972.0 1.0 0.000668002672011 0.997995991984
914 464467.0 1.0 0.000668002672011 0.998663994656
915 475212.0 1.0 0.000668002672011 0.999331997328
916 533707.0 1.0 0.000668002672011 1.0
