1 2.836 1 0.000245037980887 0.000245037980887
2 3.437 1 0.000245037980887 0.000490075961774
3 3.604 2 0.000490075961774 0.000980151923548
4 4.471 1 0.000245037980887 0.00122518990444
5 5.0 99 0.0242587601078 0.0254839500123
6 5.005 263 0.0644449889733 0.0899289389855
7 5.031 16 0.00392060769419 0.0938495466797
8 5.032 37 0.00906640529282 0.102915951973
9 5.045 17 0.00416564567508 0.107081597648
10 5.046 48 0.0117618230826 0.11884342073
11 5.066 79 0.0193580004901 0.13820142122
12 5.067 151 0.0370007351139 0.175202156334
13 5.071 4 0.000980151923548 0.176182308258
14 5.072 9 0.00220534182798 0.178387650086
15 5.12 740 0.181328105856 0.359715755942
16 5.146 3 0.000735113942661 0.360450869885
17 5.147 2 0.000490075961774 0.360940945847
18 5.333 127 0.0311198235727 0.392060769419
19 5.334 69 0.0169076206812 0.4089683901
20 5.338 115 0.028179367802 0.437147757902
21 5.339 211 0.0517030139672 0.48885077187
22 5.356 7 0.00171526586621 0.490566037736
23 5.357 4 0.000980151923548 0.491546189659
24 5.4 146 0.0357755452095 0.527321734869
25 5.606 1 0.000245037980887 0.52756677285
26 6.2 1 0.000245037980887 0.527811810831
27 7.467 1 0.000245037980887 0.528056848812
28 10.133 1 0.000245037980887 0.528301886792
29 10.134 1 0.000245037980887 0.528546924773
30 10.24 12 0.00294045577064 0.531487380544
31 10.48 1 0.000245037980887 0.531732418525
32 10.666 2 0.000490075961774 0.532222494487
33 10.667 4 0.000980151923548 0.53320264641
34 10.677 6 0.00147022788532 0.534672874296
35 10.678 3 0.000735113942661 0.535407988238
36 10.8 4 0.000980151923548 0.536388140162
37 12.833 1 0.000245037980887 0.536633178143
38 14.482 1 0.000245037980887 0.536878216123
39 15.2 11 0.00269541778976 0.539573633913
40 15.36 7 0.00171526586621 0.541288899779
41 15.467 1 0.000245037980887 0.54153393776
42 16.0 13 0.00318549375153 0.544719431512
43 16.016 11 0.00269541778976 0.547414849302
44 16.2 2 0.000490075961774 0.547904925263
45 16.5 1 0.000245037980887 0.548149963244
46 20.02 9 0.00220534182798 0.550355305072
47 20.127 4 0.000980151923548 0.551335456996
48 20.183 2 0.000490075961774 0.551825532958
49 20.266 17 0.00416564567508 0.555991178633
50 20.267 32 0.00784121538839 0.563832394021
51 20.287 3 0.000735113942661 0.564567507964
52 20.48 133 0.032590051458 0.597157559422
53 21.333 45 0.0110267091399 0.608184268562
54 21.334 18 0.00441068365597 0.612594952218
55 21.354 18 0.00441068365597 0.617005635874
56 21.355 46 0.0112717471208 0.628277382994
57 21.425 5 0.00122518990444 0.629502572899
58 21.426 5 0.00122518990444 0.630727762803
59 21.6 4 0.000980151923548 0.631707914727
60 22.367 1 0.000245037980887 0.631952952708
61 25.0 52 0.0127419750061 0.644694927714
62 25.025 65 0.0159274687577 0.660622396471
63 25.158 4 0.000980151923548 0.661602548395
64 25.159 4 0.000980151923548 0.662582700319
65 25.228 2 0.000490075961774 0.66307277628
66 25.229 1 0.000245037980887 0.663317814261
67 25.333 58 0.0142122028914 0.677530017153
68 25.334 30 0.00735113942661 0.684881156579
69 25.6 105 0.0257289879931 0.710610144572
70 26.266 1 0.000245037980887 0.710855182553
71 26.666 18 0.00441068365597 0.715265866209
72 26.667 46 0.0112717471208 0.72653761333
73 26.693 29 0.00710610144572 0.733643714776
74 26.694 12 0.00294045577064 0.736584170546
75 26.781 1 0.000245037980887 0.736829208527
76 26.782 5 0.00122518990444 0.738054398432
77 27.0 29 0.00710610144572 0.745160499877
78 28.8 1 0.000245037980887 0.745405537858
79 29.497 1 0.000245037980887 0.745650575839
80 30.0 12 0.00294045577064 0.74859103161
81 30.03 50 0.0122518990444 0.760842930654
82 30.19 1 0.000245037980887 0.761087968635
83 30.191 1 0.000245037980887 0.761333006616
84 30.4 18 0.00441068365597 0.765743690272
85 30.43 1 0.000245037980887 0.765988728253
86 30.431 1 0.000245037980887 0.766233766234
87 30.72 123 0.0301396716491 0.796373437883
88 30.879 1 0.000245037980887 0.796618475864
89 32.0 44 0.010781671159 0.807400147023
90 32.032 51 0.0124969370252 0.819897084048
91 32.138 1 0.000245037980887 0.820142122029
92 32.4 45 0.0110267091399 0.831168831169
93 35.0 14 0.00343053173242 0.834599362901
94 35.035 35 0.00857632933105 0.843175692232
95 35.222 1 0.000245037980887 0.843420730213
96 35.32 1 0.000245037980887 0.843665768194
97 35.84 112 0.0274442538593 0.871110022053
98 36.026 1 0.000245037980887 0.871355060034
99 37.333 21 0.00514579759863 0.876500857633
100 37.334 10 0.00245037980887 0.878951237442
101 37.37 11 0.00269541778976 0.881646655232
102 37.371 27 0.00661602548395 0.888262680716
103 37.8 26 0.00637098750306 0.894633668219
104 40.0 7 0.00171526586621 0.896348934085
105 40.04 21 0.00514579759863 0.901494731683
106 40.574 1 0.000245037980887 0.901739769664
107 40.7 1 0.000245037980887 0.901984807645
108 40.96 60 0.0147022788532 0.916687086498
109 41.172 1 0.000245037980887 0.916932124479
110 42.666 8 0.0019603038471 0.918892428326
111 42.667 9 0.00220534182798 0.921097770154
112 42.709 13 0.00318549375153 0.924283263906
113 42.71 11 0.00269541778976 0.926978681696
114 43.2 14 0.00343053173242 0.930409213428
115 45.0 11 0.00269541778976 0.933104631218
116 45.045 11 0.00269541778976 0.935800049008
117 46.08 36 0.00882136731193 0.94462141632
118 48.0 3 0.000735113942661 0.945356530262
119 48.048 13 0.00318549375153 0.948542024014
120 48.207 1 0.000245037980887 0.948787061995
121 48.208 1 0.000245037980887 0.949032099975
122 48.6 11 0.00269541778976 0.951727517765
123 50.0 11 0.00269541778976 0.954422935555
124 50.05 8 0.0019603038471 0.956383239402
125 50.667 1 0.000245037980887 0.956628277383
126 51.2 29 0.00710610144572 0.963734378829
127 51.466 1 0.000245037980887 0.96397941681
128 53.333 4 0.000980151923548 0.964959568733
129 53.334 2 0.000490075961774 0.965449644695
130 53.386 2 0.000490075961774 0.965939720657
131 53.387 3 0.000735113942661 0.966674834599
132 54.0 6 0.00147022788532 0.968145062485
133 55.0 7 0.00171526586621 0.969860328351
134 55.055 3 0.000735113942661 0.970595442294
135 56.32 13 0.00318549375153 0.973780936045
136 56.613 1 0.000245037980887 0.974025974026
137 58.667 2 0.000490075961774 0.974516049988
138 58.725 4 0.000980151923548 0.975496201911
139 58.726 2 0.000490075961774 0.975986277873
140 59.4 4 0.000980151923548 0.976966429797
141 60.0 1 0.000245037980887 0.977211467778
142 60.06 3 0.000735113942661 0.97794658172
143 61.44 18 0.00441068365597 0.982357265376
144 61.759 1 0.000245037980887 0.982602303357
145 64.064 9 0.00220534182798 0.984807645185
146 64.8 1 0.000245037980887 0.985052683166
147 65.0 3 0.000735113942661 0.985787797109
148 66.56 7 0.00171526586621 0.987503062975
149 69.402 3 0.000735113942661 0.988238176917
150 69.403 2 0.000490075961774 0.988728252879
151 70.0 1 0.000245037980887 0.98897329086
152 70.2 1 0.000245037980887 0.989218328841
153 71.68 5 0.00122518990444 0.990443518745
154 74.667 2 0.000490075961774 0.990933594707
155 74.741 2 0.000490075961774 0.991423670669
156 74.742 1 0.000245037980887 0.99166870865
157 75.0 1 0.000245037980887 0.991913746631
158 75.6 1 0.000245037980887 0.992158784612
159 76.8 2 0.000490075961774 0.992648860573
160 80.0 1 0.000245037980887 0.992893898554
161 80.08 1 0.000245037980887 0.993138936535
162 81.92 6 0.00147022788532 0.99460916442
163 85.0 1 0.000245037980887 0.994854202401
164 85.085 1 0.000245037980887 0.995099240382
165 85.418 2 0.000490075961774 0.995589316344
166 87.04 1 0.000245037980887 0.995834354325
167 90.757 1 0.000245037980887 0.996079392306
168 92.16 4 0.000980151923548 0.997059544229
169 96.096 2 0.000490075961774 0.997549620191
170 97.28 1 0.000245037980887 0.997794658172
171 100.1 1 0.000245037980887 0.998039696153
172 106.773 1 0.000245037980887 0.998284734134
173 110.0 1 0.000245037980887 0.998529772115
174 130.0 1 0.000245037980887 0.998774810096
175 135.0 1 0.000245037980887 0.999019848076
176 140.14 1 0.000245037980887 0.999264886057
177 185.0 1 0.000245037980887 0.999509924038
178 195.0 1 0.000245037980887 0.999754962019
179 195.195 1 0.000245037980887 1.0
