1 0.0 257 0.028520696926 0.028520696926
2 0.067 1 0.00011097547442 0.0286316724004
3 0.12 2 0.00022195094884 0.0288536233492
4 0.2 2 0.00022195094884 0.0290755742981
5 0.24 2 0.00022195094884 0.0292975252469
6 0.333 3 0.00033292642326 0.0296304516702
7 0.334 3 0.00033292642326 0.0299633780934
8 0.36 1 0.00011097547442 0.0300743535679
9 0.417 1 0.00011097547442 0.0301853290423
10 0.44 2 0.00022195094884 0.0304072799911
11 0.52 1 0.00011097547442 0.0305182554655
12 0.6 1 0.00011097547442 0.03062923094
13 0.8 1 0.00011097547442 0.0307402064144
14 0.92 1 0.00011097547442 0.0308511818888
15 0.96 1 0.00011097547442 0.0309621573632
16 1.0 1 0.00011097547442 0.0310731328376
17 1.067 1 0.00011097547442 0.0311841083121
18 1.08 1 0.00011097547442 0.0312950837865
19 1.12 3 0.00033292642326 0.0316280102097
20 1.167 1 0.00011097547442 0.0317389856842
21 1.205 1 0.00011097547442 0.0318499611586
22 1.28 2 0.00022195094884 0.0320719121074
23 1.56 3 0.00033292642326 0.0324048385307
24 1.734 1 0.00011097547442 0.0325158140051
25 1.833 1 0.00011097547442 0.0326267894795
26 1.841 1 0.00011097547442 0.0327377649539
27 2.0 1 0.00011097547442 0.0328487404284
28 2.04 1 0.00011097547442 0.0329597159028
29 2.067 1 0.00011097547442 0.0330706913772
30 2.086 1 0.00011097547442 0.0331816668516
31 2.12 1 0.00011097547442 0.033292642326
32 2.2 1 0.00011097547442 0.0334036178005
33 2.236 1 0.00011097547442 0.0335145932749
34 2.25 1 0.00011097547442 0.0336255687493
35 2.269 1 0.00011097547442 0.0337365442237
36 2.31 1 0.00011097547442 0.0338475196981
37 2.36 1 0.00011097547442 0.0339584951726
38 2.4 1 0.00011097547442 0.034069470647
39 2.41 1 0.00011097547442 0.0341804461214
40 2.433 1 0.00011097547442 0.0342914215958
41 2.44 1 0.00011097547442 0.0344023970702
42 2.48 1 0.00011097547442 0.0345133725447
43 2.567 1 0.00011097547442 0.0346243480191
44 2.64 1 0.00011097547442 0.0347353234935
45 2.68 3 0.00033292642326 0.0350682499168
46 2.72 3 0.00033292642326 0.03540117634
47 2.767 1 0.00011097547442 0.0355121518144
48 2.803 1 0.00011097547442 0.0356231272889
49 2.92 1 0.00011097547442 0.0357341027633
50 2.946 1 0.00011097547442 0.0358450782377
51 2.96 1 0.00011097547442 0.0359560537121
52 3.003 1 0.00011097547442 0.0360670291865
53 3.04 1 0.00011097547442 0.036178004661
54 3.047 1 0.00011097547442 0.0362889801354
55 3.067 1 0.00011097547442 0.0363999556098
56 3.083 1 0.00011097547442 0.0365109310842
57 3.103 1 0.00011097547442 0.0366219065587
58 3.16 1 0.00011097547442 0.0367328820331
59 3.253 1 0.00011097547442 0.0368438575075
60 3.28 1 0.00011097547442 0.0369548329819
61 3.336 1 0.00011097547442 0.0370658084563
62 3.404 1 0.00011097547442 0.0371767839308
63 3.47 1 0.00011097547442 0.0372877594052
64 3.515 1 0.00011097547442 0.0373987348796
65 3.56 2 0.00022195094884 0.0376206858284
66 3.6 1 0.00011097547442 0.0377316613029
67 3.603 1 0.00011097547442 0.0378426367773
68 3.659 1 0.00011097547442 0.0379536122517
69 3.737 1 0.00011097547442 0.0380645877261
70 3.76 1 0.00011097547442 0.0381755632005
71 3.767 1 0.00011097547442 0.038286538675
72 3.783 1 0.00011097547442 0.0383975141494
73 3.804 2 0.00022195094884 0.0386194650982
74 3.833 1 0.00011097547442 0.0387304405726
75 3.84 1 0.00011097547442 0.0388414160471
76 3.867 1 0.00011097547442 0.0389523915215
77 3.92 1 0.00011097547442 0.0390633669959
78 3.96 2 0.00022195094884 0.0392853179447
79 3.971 1 0.00011097547442 0.0393962934192
80 4.0 3 0.00033292642326 0.0397292198424
81 4.004 1 0.00011097547442 0.0398401953168
82 4.04 4 0.000443901897681 0.0402840972145
83 4.104 1 0.00011097547442 0.0403950726889
84 4.12 2 0.00022195094884 0.0406170236378
85 4.152 1 0.00011097547442 0.0407279991122
86 4.16 2 0.00022195094884 0.040949950061
87 4.2 1 0.00011097547442 0.0410609255355
88 4.252 1 0.00011097547442 0.0411719010099
89 4.271 1 0.00011097547442 0.0412828764843
90 4.28 2 0.00022195094884 0.0415048274331
91 4.3 1 0.00011097547442 0.0416158029076
92 4.32 1 0.00011097547442 0.041726778382
93 4.333 1 0.00011097547442 0.0418377538564
94 4.4 2 0.00022195094884 0.0420597048052
95 4.467 1 0.00011097547442 0.0421706802797
96 4.471 2 0.00022195094884 0.0423926312285
97 4.48 3 0.00033292642326 0.0427255576518
98 4.538 1 0.00011097547442 0.0428365331262
99 4.56 1 0.00011097547442 0.0429475086006
100 4.567 1 0.00011097547442 0.043058484075
101 4.6 4 0.000443901897681 0.0435023859727
102 4.605 1 0.00011097547442 0.0436133614471
103 4.638 1 0.00011097547442 0.0437243369215
104 4.68 4 0.000443901897681 0.0441682388192
105 4.72 2 0.00022195094884 0.0443901897681
106 4.738 1 0.00011097547442 0.0445011652425
107 4.76 3 0.00033292642326 0.0448340916657
108 4.871 1 0.00011097547442 0.0449450671402
109 4.88 2 0.00022195094884 0.045167018089
110 4.917 1 0.00011097547442 0.0452779935634
111 4.937 1 0.00011097547442 0.0453889690378
112 4.938 1 0.00011097547442 0.0454999445123
113 4.955 1 0.00011097547442 0.0456109199867
114 4.96 2 0.00022195094884 0.0458328709355
115 5.0 569 0.0631450449451 0.108977915881
116 5.005 552 0.0612584618799 0.170236377761
117 5.021 1 0.00011097547442 0.170347353235
118 5.031 6 0.000665852846521 0.171013206081
119 5.032 20 0.0022195094884 0.17323271557
120 5.04 1 0.00011097547442 0.173343691044
121 5.045 6 0.000665852846521 0.174009543891
122 5.046 21 0.00233048496282 0.176340028854
123 5.066 85 0.00943291532571 0.185772944179
124 5.067 178 0.0197536344468 0.205526578626
125 5.071 4 0.000443901897681 0.205970480524
126 5.072 11 0.00122073021862 0.207191210742
127 5.12 1934 0.214626567529 0.421817778271
128 5.122 1 0.00011097547442 0.421928753745
129 5.146 12 0.00133170569304 0.423260459438
130 5.147 19 0.00210853401398 0.425368993452
131 5.239 1 0.00011097547442 0.425479968927
132 5.272 1 0.00011097547442 0.425590944401
133 5.292 1 0.00011097547442 0.425701919876
134 5.333 324 0.0359560537121 0.461657973588
135 5.334 158 0.0175341249584 0.479192098546
136 5.338 306 0.0339584951726 0.513150593719
137 5.339 640 0.0710243036289 0.584174897348
138 5.356 32 0.00355121518144 0.587726112529
139 5.357 15 0.0016646321163 0.589390744645
140 5.4 311 0.0345133725447 0.62390411719
141 5.405 1 0.00011097547442 0.624015092665
142 5.44 1 0.00011097547442 0.624126068139
143 5.472 1 0.00011097547442 0.624237043613
144 5.48 1 0.00011097547442 0.624348019088
145 5.52 1 0.00011097547442 0.624458994562
146 5.533 1 0.00011097547442 0.624569970037
147 5.539 1 0.00011097547442 0.624680945511
148 5.56 2 0.00022195094884 0.62490289646
149 5.6 1 0.00011097547442 0.625013871934
150 5.666 1 0.00011097547442 0.625124847409
151 5.673 2 0.00022195094884 0.625346798358
152 5.68 2 0.00022195094884 0.625568749306
153 5.72 1 0.00011097547442 0.625679724781
154 5.734 1 0.00011097547442 0.625790700255
155 5.739 1 0.00011097547442 0.62590167573
156 5.758 1 0.00011097547442 0.626012651204
157 5.76 2 0.00022195094884 0.626234602153
158 5.772 1 0.00011097547442 0.626345577627
159 5.8 1 0.00011097547442 0.626456553102
160 5.806 1 0.00011097547442 0.626567528576
161 5.84 1 0.00011097547442 0.626678504051
162 5.939 1 0.00011097547442 0.626789479525
163 5.96 2 0.00022195094884 0.627011430474
164 6.006 1 0.00011097547442 0.627122405948
165 6.039 1 0.00011097547442 0.627233381423
166 6.066 1 0.00011097547442 0.627344356897
167 6.099 1 0.00011097547442 0.627455332372
168 6.206 2 0.00022195094884 0.62767728332
169 6.24 1 0.00011097547442 0.627788258795
170 6.273 1 0.00011097547442 0.627899234269
171 6.28 1 0.00011097547442 0.628010209744
172 6.333 2 0.00022195094884 0.628232160692
173 6.34 1 0.00011097547442 0.628343136167
174 6.366 1 0.00011097547442 0.628454111641
175 6.367 1 0.00011097547442 0.628565087116
176 6.406 1 0.00011097547442 0.62867606259
177 6.54 1 0.00011097547442 0.628787038065
178 6.574 1 0.00011097547442 0.628898013539
179 6.6 1 0.00011097547442 0.629008989013
180 6.634 1 0.00011097547442 0.629119964488
181 6.64 2 0.00022195094884 0.629341915437
182 6.674 1 0.00011097547442 0.629452890911
183 6.72 1 0.00011097547442 0.629563866386
184 6.767 1 0.00011097547442 0.62967484186
185 6.796 1 0.00011097547442 0.629785817334
186 6.807 2 0.00022195094884 0.630007768283
187 6.93 1 0.00011097547442 0.630118743758
188 7.073 1 0.00011097547442 0.630229719232
189 7.12 1 0.00011097547442 0.630340694706
190 7.207 1 0.00011097547442 0.630451670181
191 7.275 1 0.00011097547442 0.630562645655
192 7.366 1 0.00011097547442 0.63067362113
193 7.407 1 0.00011097547442 0.630784596604
194 7.44 1 0.00011097547442 0.630895572079
195 7.474 2 0.00022195094884 0.631117523027
196 7.52 1 0.00011097547442 0.631228498502
197 7.541 2 0.00022195094884 0.631450449451
198 7.599 1 0.00011097547442 0.631561424925
199 7.607 1 0.00011097547442 0.6316724004
200 7.741 1 0.00011097547442 0.631783375874
201 7.875 2 0.00022195094884 0.632005326823
202 7.9 1 0.00011097547442 0.632116302297
203 7.933 1 0.00011097547442 0.632227277772
204 8.008 1 0.00011097547442 0.632338253246
205 8.08 3 0.00033292642326 0.632671179669
206 8.12 1 0.00011097547442 0.632782155144
207 8.2 1 0.00011097547442 0.632893130618
208 8.275 1 0.00011097547442 0.633004106093
209 8.28 1 0.00011097547442 0.633115081567
210 8.32 1 0.00011097547442 0.633226057041
211 8.36 1 0.00011097547442 0.633337032516
212 8.409 1 0.00011097547442 0.63344800799
213 8.56 1 0.00011097547442 0.633558983465
214 8.599 1 0.00011097547442 0.633669958939
215 8.676 1 0.00011097547442 0.633780934413
216 8.76 1 0.00011097547442 0.633891909888
217 8.88 1 0.00011097547442 0.634002885362
218 8.96 1 0.00011097547442 0.634113860837
219 9.076 1 0.00011097547442 0.634224836311
220 9.08 1 0.00011097547442 0.634335811786
221 9.12 1 0.00011097547442 0.63444678726
222 9.4 1 0.00011097547442 0.634557762734
223 9.41 1 0.00011097547442 0.634668738209
224 9.48 1 0.00011097547442 0.634779713683
225 9.61 1 0.00011097547442 0.634890689158
226 9.64 1 0.00011097547442 0.635001664632
227 9.72 1 0.00011097547442 0.635112640107
228 9.743 1 0.00011097547442 0.635223615581
229 9.8 1 0.00011097547442 0.635334591055
230 10.0 44 0.00488292087449 0.64021751193
231 10.01 48 0.00532682277217 0.645544334702
232 10.063 2 0.00022195094884 0.645766285651
233 10.064 1 0.00011097547442 0.645877261125
234 10.077 2 0.00022195094884 0.646099212074
235 10.091 3 0.00033292642326 0.646432138497
236 10.092 2 0.00022195094884 0.646654089446
237 10.12 1 0.00011097547442 0.646765064921
238 10.133 31 0.00344023970702 0.650205304628
239 10.134 11 0.00122073021862 0.651426034846
240 10.143 2 0.00022195094884 0.651647985795
241 10.144 1 0.00011097547442 0.65175896127
242 10.166 1 0.00011097547442 0.651869936744
243 10.21 1 0.00011097547442 0.651980912218
244 10.24 188 0.020863389191 0.672844301409
245 10.276 1 0.00011097547442 0.672955276884
246 10.28 1 0.00011097547442 0.673066252358
247 10.293 2 0.00022195094884 0.673288203307
248 10.334 1 0.00011097547442 0.673399178781
249 10.343 1 0.00011097547442 0.673510154256
250 10.344 1 0.00011097547442 0.67362112973
251 10.477 1 0.00011097547442 0.673732105205
252 10.578 1 0.00011097547442 0.673843080679
253 10.666 24 0.00266341138608 0.676506492065
254 10.667 44 0.00488292087449 0.68138941294
255 10.677 62 0.00688047941405 0.688269892354
256 10.678 17 0.00188658306514 0.690156475419
257 10.68 1 0.00011097547442 0.690267450893
258 10.712 2 0.00022195094884 0.690489401842
259 10.713 2 0.00022195094884 0.690711352791
260 10.777 1 0.00011097547442 0.690822328265
261 10.8 33 0.00366219065587 0.694484518921
262 10.84 1 0.00011097547442 0.694595494396
263 10.878 1 0.00011097547442 0.69470646987
264 11.0 1 0.00011097547442 0.694817445345
265 11.011 1 0.00011097547442 0.694928420819
266 11.08 1 0.00011097547442 0.695039396293
267 11.167 1 0.00011097547442 0.695150371768
268 11.267 1 0.00011097547442 0.695261347242
269 11.36 1 0.00011097547442 0.695372322717
270 11.4 1 0.00011097547442 0.695483298191
271 11.6 1 0.00011097547442 0.695594273666
272 11.611 1 0.00011097547442 0.69570524914
273 11.666 1 0.00011097547442 0.695816224614
274 11.812 1 0.00011097547442 0.695927200089
275 12.146 1 0.00011097547442 0.696038175563
276 12.32 1 0.00011097547442 0.696149151038
277 12.36 1 0.00011097547442 0.696260126512
278 12.679 1 0.00011097547442 0.696371101986
279 13.413 1 0.00011097547442 0.696482077461
280 13.6 1 0.00011097547442 0.696593052935
281 13.614 1 0.00011097547442 0.69670402841
282 14.081 1 0.00011097547442 0.696815003884
283 14.233 1 0.00011097547442 0.696925979359
284 14.24 1 0.00011097547442 0.697036954833
285 14.348 1 0.00011097547442 0.697147930307
286 14.614 1 0.00011097547442 0.697258905782
287 14.815 1 0.00011097547442 0.697369881256
288 15.0 17 0.00188658306514 0.699256464321
289 15.015 32 0.00355121518144 0.702807679503
290 15.095 2 0.00022195094884 0.703029630452
291 15.137 2 0.00022195094884 0.703251581401
292 15.2 17 0.00188658306514 0.705138164466
293 15.215 2 0.00022195094884 0.705360115414
294 15.282 1 0.00011097547442 0.705471090889
295 15.36 96 0.0106536455443 0.716124736433
296 15.44 1 0.00011097547442 0.716235711908
297 15.6 1 0.00011097547442 0.716346687382
298 15.84 1 0.00011097547442 0.716457662857
299 15.96 1 0.00011097547442 0.716568638331
300 16.0 39 0.00432804350239 0.720896681833
301 16.016 36 0.00399511707913 0.724891798912
302 16.069 2 0.00022195094884 0.725113749861
303 16.07 1 0.00011097547442 0.725224725336
304 16.12 1 0.00011097547442 0.72533570081
305 16.2 14 0.00155365664188 0.726889357452
306 16.417 1 0.00011097547442 0.727000332926
307 16.56 1 0.00011097547442 0.727111308401
308 16.75 1 0.00011097547442 0.727222283875
309 16.76 1 0.00011097547442 0.72733325935
310 16.8 1 0.00011097547442 0.727444234824
311 17.067 1 0.00011097547442 0.727555210299
312 17.084 1 0.00011097547442 0.727666185773
313 17.2 1 0.00011097547442 0.727777161247
314 17.751 1 0.00011097547442 0.727888136722
315 18.618 1 0.00011097547442 0.727999112196
316 19.84 1 0.00011097547442 0.728110087671
317 19.953 1 0.00011097547442 0.728221063145
318 20.0 18 0.00199755853956 0.730218621685
319 20.02 19 0.00210853401398 0.732327155699
320 20.126 1 0.00011097547442 0.732438131173
321 20.153 1 0.00011097547442 0.732549106647
322 20.183 1 0.00011097547442 0.732660082122
323 20.266 4 0.000443901897681 0.73310398402
324 20.267 7 0.000776828320941 0.73388081234
325 20.287 1 0.00011097547442 0.733991787815
326 20.48 64 0.00710243036289 0.741094218178
327 20.586 2 0.00022195094884 0.741316169127
328 20.667 1 0.00011097547442 0.741427144601
329 20.888 1 0.00011097547442 0.741538120075
330 21.333 13 0.00144268116746 0.742980801243
331 21.334 8 0.000887803795361 0.743868605038
332 21.354 5 0.000554877372101 0.74442348241
333 21.355 22 0.00244146043724 0.746864942848
334 21.367 1 0.00011097547442 0.746975918322
335 21.425 2 0.00022195094884 0.747197869271
336 21.6 12 0.00133170569304 0.748529574964
337 21.688 1 0.00011097547442 0.748640550438
338 22.022 1 0.00011097547442 0.748751525913
339 22.44 1 0.00011097547442 0.748862501387
340 22.64 1 0.00011097547442 0.748973476862
341 22.96 1 0.00011097547442 0.749084452336
342 23.223 1 0.00011097547442 0.74919542781
343 23.64 1 0.00011097547442 0.749306403285
344 23.92 1 0.00011097547442 0.749417378759
345 24.12 1 0.00011097547442 0.749528354234
346 24.892 1 0.00011097547442 0.749639329708
347 25.0 19 0.00210853401398 0.751747863722
348 25.025 20 0.0022195094884 0.753967373211
349 25.158 13 0.00144268116746 0.755410054378
350 25.159 19 0.00210853401398 0.757518588392
351 25.228 13 0.00144268116746 0.758961269559
352 25.229 24 0.00266341138608 0.761624680946
353 25.333 133 0.0147597380979 0.776384419043
354 25.334 70 0.00776828320941 0.784152702253
355 25.359 5 0.000554877372101 0.784707579625
356 25.426 1 0.00011097547442 0.784818555099
357 25.534 1 0.00011097547442 0.784929530574
358 25.6 314 0.0348462989679 0.819775829542
359 25.682 1 0.00011097547442 0.819886805016
360 25.826 1 0.00011097547442 0.819997780491
361 26.24 1 0.00011097547442 0.820108755965
362 26.32 1 0.00011097547442 0.820219731439
363 26.36 2 0.00022195094884 0.820441682388
364 26.56 1 0.00011097547442 0.820552657863
365 26.666 36 0.00399511707913 0.824547774942
366 26.667 64 0.00710243036289 0.831650205305
367 26.693 74 0.00821218510709 0.839862390412
368 26.694 34 0.00377316613029 0.843635556542
369 26.782 1 0.00011097547442 0.843746532016
370 27.0 29 0.00321828875818 0.846964820775
371 27.027 1 0.00011097547442 0.847075796249
372 27.28 1 0.00011097547442 0.847186771723
373 27.36 1 0.00011097547442 0.847297747198
374 27.762 1 0.00011097547442 0.847408722672
375 28.067 1 0.00011097547442 0.847519698147
376 28.069 1 0.00011097547442 0.847630673621
377 28.161 1 0.00011097547442 0.847741649096
378 28.228 1 0.00011097547442 0.84785262457
379 30.0 3 0.00033292642326 0.848185550993
380 30.03 20 0.0022195094884 0.850405060482
381 30.19 2 0.00022195094884 0.85062701143
382 30.4 39 0.00432804350239 0.854955054933
383 30.43 12 0.00133170569304 0.856286760626
384 30.431 7 0.000776828320941 0.857063588947
385 30.72 355 0.0393962934192 0.896459882366
386 30.964 1 0.00011097547442 0.89657085784
387 32.0 137 0.0152036399956 0.911774497836
388 32.032 153 0.0169792475863 0.928753745422
389 32.299 1 0.00011097547442 0.928864720897
390 32.4 23 0.00255243591166 0.931417156808
391 34.368 1 0.00011097547442 0.931528132283
392 34.466 1 0.00011097547442 0.931639107757
393 35.0 17 0.00188658306514 0.933525690822
394 35.035 28 0.00310731328376 0.936633004106
395 35.222 1 0.00011097547442 0.936743979581
396 35.467 2 0.00022195094884 0.936965930529
397 35.502 1 0.00011097547442 0.937076906004
398 35.702 1 0.00011097547442 0.937187881478
399 35.84 45 0.00499389634891 0.942181777827
400 36.026 1 0.00011097547442 0.942292753302
401 37.333 24 0.00266341138608 0.944956164688
402 37.334 13 0.00144268116746 0.946398845855
403 37.37 26 0.00288536233492 0.94928420819
404 37.371 37 0.00410609255355 0.953390300744
405 37.495 1 0.00011097547442 0.953501276218
406 37.8 14 0.00155365664188 0.95505493286
407 38.171 1 0.00011097547442 0.955165908334
408 40.0 15 0.0016646321163 0.956830540451
409 40.04 30 0.0033292642326 0.960159804683
410 40.533 2 0.00022195094884 0.960381755632
411 40.96 33 0.00366219065587 0.964043946288
412 41.172 2 0.00022195094884 0.964265897237
413 41.173 1 0.00011097547442 0.964376872711
414 41.175 1 0.00011097547442 0.964487848186
415 42.666 5 0.000554877372101 0.965042725558
416 42.667 6 0.000665852846521 0.965708578404
417 42.709 7 0.000776828320941 0.966485406725
418 42.71 7 0.000776828320941 0.967262235046
419 42.851 4 0.000443901897681 0.967706136944
420 43.12 1 0.00011097547442 0.967817112418
421 43.2 17 0.00188658306514 0.969703695483
422 43.643 1 0.00011097547442 0.969814670958
423 43.734 1 0.00011097547442 0.969925646432
424 44.244 1 0.00011097547442 0.970036621907
425 44.578 1 0.00011097547442 0.970147597381
426 45.0 5 0.000554877372101 0.970702474753
427 45.045 13 0.00144268116746 0.972145155921
428 46.08 26 0.00288536233492 0.975030518255
429 46.319 1 0.00011097547442 0.97514149373
430 46.58 1 0.00011097547442 0.975252469204
431 48.0 6 0.000665852846521 0.975918322051
432 48.048 6 0.000665852846521 0.976584174897
433 48.6 12 0.00133170569304 0.97791588059
434 49.116 1 0.00011097547442 0.978026856065
435 49.183 1 0.00011097547442 0.978137831539
436 50.0 2 0.00022195094884 0.978359782488
437 50.05 17 0.00188658306514 0.980246365553
438 50.851 1 0.00011097547442 0.980357341028
439 51.2 16 0.00177560759072 0.982132948618
440 51.384 1 0.00011097547442 0.982243924093
441 51.785 1 0.00011097547442 0.982354899567
442 53.333 1 0.00011097547442 0.982465875042
443 53.334 3 0.00033292642326 0.982798801465
444 53.387 3 0.00033292642326 0.983131727888
445 53.52 1 0.00011097547442 0.983242703363
446 53.587 1 0.00011097547442 0.983353678837
447 54.0 6 0.000665852846521 0.984019531684
448 54.655 1 0.00011097547442 0.984130507158
449 55.0 1 0.00011097547442 0.984241482632
450 55.055 7 0.000776828320941 0.985018310953
451 55.455 1 0.00011097547442 0.985129286428
452 55.923 1 0.00011097547442 0.985240261902
453 55.989 1 0.00011097547442 0.985351237377
454 56.123 1 0.00011097547442 0.985462212851
455 56.32 15 0.0016646321163 0.987126844967
456 56.523 1 0.00011097547442 0.987237820442
457 56.589 1 0.00011097547442 0.987348795916
458 56.933 1 0.00011097547442 0.987459771391
459 58.325 1 0.00011097547442 0.987570746865
460 58.525 1 0.00011097547442 0.987681722339
461 58.666 1 0.00011097547442 0.987792697814
462 58.725 5 0.000554877372101 0.988347575186
463 58.726 3 0.00033292642326 0.988680501609
464 59.059 1 0.00011097547442 0.988791477084
465 59.192 1 0.00011097547442 0.988902452558
466 59.4 2 0.00022195094884 0.989124403507
467 59.793 1 0.00011097547442 0.989235378981
468 60.0 5 0.000554877372101 0.989790256353
469 60.06 3 0.00033292642326 0.990123182777
470 60.527 1 0.00011097547442 0.990234158251
471 61.44 15 0.0016646321163 0.991898790367
472 61.758 1 0.00011097547442 0.992009765842
473 61.759 2 0.00022195094884 0.992231716791
474 62.929 1 0.00011097547442 0.992342692265
475 64.0 2 0.00022195094884 0.992564643214
476 64.064 8 0.000887803795361 0.993452447009
477 64.197 1 0.00011097547442 0.993563422484
478 64.598 1 0.00011097547442 0.993674397958
479 64.8 2 0.00022195094884 0.993896348907
480 65.0 1 0.00011097547442 0.994007324381
481 65.065 1 0.00011097547442 0.994118299856
482 66.56 10 0.0011097547442 0.9952280546
483 66.905 2 0.00022195094884 0.995450005549
484 66.934 1 0.00011097547442 0.995560981023
485 67.134 1 0.00011097547442 0.995671956498
486 69.334 1 0.00011097547442 0.995782931972
487 71.68 6 0.000665852846521 0.996448784819
488 72.052 1 0.00011097547442 0.996559760293
489 74.666 1 0.00011097547442 0.996670735767
490 75.0 1 0.00011097547442 0.996781711242
491 75.075 1 0.00011097547442 0.996892686716
492 76.8 5 0.000554877372101 0.997447564088
493 81.0 1 0.00011097547442 0.997558539563
494 81.214 1 0.00011097547442 0.997669515037
495 81.92 2 0.00022195094884 0.997891465986
496 85.0 2 0.00022195094884 0.998113416935
497 85.32 1 0.00011097547442 0.998224392409
498 90.04 1 0.00011097547442 0.998335367884
499 96.096 2 0.00022195094884 0.998557318833
500 100.0 1 0.00011097547442 0.998668294307
501 101.333 1 0.00011097547442 0.998779269781
502 120.12 2 0.00022195094884 0.99900122073
503 128.6 1 0.00011097547442 0.999112196205
504 130.0 1 0.00011097547442 0.999223171679
505 130.13 1 0.00011097547442 0.999334147153
506 135.0 1 0.00011097547442 0.999445122628
507 160.0 1 0.00011097547442 0.999556098102
508 165.0 1 0.00011097547442 0.999667073577
509 200.0 1 0.00011097547442 0.999778049051
510 235.0 1 0.00011097547442 0.999889024526
