1 0.0 341 0.289473684211 0.289473684211
2 0.067 1 0.000848896434635 0.290322580645
3 0.6 1 0.000848896434635 0.29117147708
4 0.96 1 0.000848896434635 0.292020373514
5 1.566 1 0.000848896434635 0.292869269949
6 1.6 1 0.000848896434635 0.293718166384
7 1.75 1 0.000848896434635 0.294567062818
8 1.768 1 0.000848896434635 0.295415959253
9 2.034 1 0.000848896434635 0.296264855688
10 2.48 2 0.00169779286927 0.297962648557
11 3.3 1 0.000848896434635 0.298811544992
12 3.47 1 0.000848896434635 0.299660441426
13 3.537 1 0.000848896434635 0.300509337861
14 3.57 1 0.000848896434635 0.301358234295
15 3.583 1 0.000848896434635 0.30220713073
16 3.733 1 0.000848896434635 0.303056027165
17 3.737 1 0.000848896434635 0.303904923599
18 3.767 1 0.000848896434635 0.304753820034
19 3.971 1 0.000848896434635 0.305602716469
20 4.0 1 0.000848896434635 0.306451612903
21 4.004 1 0.000848896434635 0.307300509338
22 4.137 1 0.000848896434635 0.308149405772
23 4.16 1 0.000848896434635 0.308998302207
24 4.2 1 0.000848896434635 0.309847198642
25 4.204 1 0.000848896434635 0.310696095076
26 4.271 1 0.000848896434635 0.311544991511
27 4.32 1 0.000848896434635 0.312393887946
28 4.52 1 0.000848896434635 0.31324278438
29 4.6 1 0.000848896434635 0.314091680815
30 4.68 1 0.000848896434635 0.31494057725
31 4.8 1 0.000848896434635 0.315789473684
32 4.805 2 0.00169779286927 0.317487266553
33 4.84 1 0.000848896434635 0.318336162988
34 4.92 1 0.000848896434635 0.319185059423
35 4.933 1 0.000848896434635 0.320033955857
36 4.938 1 0.000848896434635 0.320882852292
37 5.0 41 0.03480475382 0.355687606112
38 5.005 81 0.0687606112054 0.424448217317
39 5.031 3 0.0025466893039 0.426994906621
40 5.032 1 0.000848896434635 0.427843803056
41 5.045 3 0.0025466893039 0.43039049236
42 5.046 6 0.00509337860781 0.435483870968
43 5.066 31 0.0263157894737 0.461799660441
44 5.067 55 0.0466893039049 0.508488964346
45 5.071 3 0.0025466893039 0.51103565365
46 5.072 6 0.00509337860781 0.516129032258
47 5.08 1 0.000848896434635 0.516977928693
48 5.12 266 0.225806451613 0.742784380306
49 5.146 3 0.0025466893039 0.74533106961
50 5.147 3 0.0025466893039 0.747877758913
51 5.2 1 0.000848896434635 0.748726655348
52 5.333 42 0.0356536502547 0.784380305603
53 5.334 25 0.0212224108659 0.805602716469
54 5.338 37 0.0314091680815 0.83701188455
55 5.339 85 0.072156196944 0.909168081494
56 5.356 3 0.0025466893039 0.911714770798
57 5.36 1 0.000848896434635 0.912563667233
58 5.4 47 0.0398981324278 0.95246179966
59 5.533 2 0.00169779286927 0.95415959253
60 5.605 1 0.000848896434635 0.955008488964
61 5.606 2 0.00169779286927 0.956706281834
62 5.666 1 0.000848896434635 0.957555178268
63 5.672 1 0.000848896434635 0.958404074703
64 5.68 1 0.000848896434635 0.959252971138
65 5.739 2 0.00169779286927 0.960950764007
66 5.88 1 0.000848896434635 0.961799660441
67 6.006 2 0.00169779286927 0.963497453311
68 6.12 1 0.000848896434635 0.964346349745
69 6.467 1 0.000848896434635 0.96519524618
70 6.54 3 0.0025466893039 0.967741935484
71 6.706 1 0.000848896434635 0.968590831919
72 6.874 1 0.000848896434635 0.969439728353
73 7.207 1 0.000848896434635 0.970288624788
74 7.741 1 0.000848896434635 0.971137521222
75 7.941 1 0.000848896434635 0.971986417657
76 9.209 1 0.000848896434635 0.972835314092
77 9.24 1 0.000848896434635 0.973684210526
78 10.133 2 0.00169779286927 0.975382003396
79 10.24 11 0.00933786078098 0.984719864177
80 10.611 1 0.000848896434635 0.985568760611
81 10.677 2 0.00169779286927 0.98726655348
82 10.678 1 0.000848896434635 0.988115449915
83 10.8 1 0.000848896434635 0.98896434635
84 11.412 1 0.000848896434635 0.989813242784
85 11.611 1 0.000848896434635 0.990662139219
86 15.015 2 0.00169779286927 0.992359932088
87 15.36 1 0.000848896434635 0.993208828523
88 20.48 1 0.000848896434635 0.994057724958
89 21.355 1 0.000848896434635 0.994906621392
90 30.0 1 0.000848896434635 0.995755517827
91 37.37 1 0.000848896434635 0.996604414261
92 37.371 1 0.000848896434635 0.997453310696
93 40.96 2 0.00169779286927 0.999151103565
94 64.064 1 0.000848896434635 1.0
