1 0.0 25 0.0044420753376 0.0044420753376
2 1.0 1 0.000177683013504 0.0046197583511
3 1.166 1 0.000177683013504 0.00479744136461
4 3.76 1 0.000177683013504 0.00497512437811
5 4.367 1 0.000177683013504 0.00515280739161
6 4.84 1 0.000177683013504 0.00533049040512
7 5.0 220 0.0390902629709 0.044420753376
8 5.005 358 0.0636105188344 0.10803127221
9 5.031 2 0.000355366027008 0.108386638237
10 5.032 4 0.000710732054016 0.109097370291
11 5.045 6 0.00106609808102 0.110163468372
12 5.046 14 0.00248756218905 0.112651030561
13 5.066 57 0.0101279317697 0.122778962331
14 5.067 118 0.0209665955935 0.143745557925
15 5.071 1 0.000177683013504 0.143923240938
16 5.12 1071 0.190298507463 0.334221748401
17 5.133 1 0.000177683013504 0.334399431414
18 5.146 12 0.00213219616205 0.336531627576
19 5.147 16 0.00284292821606 0.339374555792
20 5.333 174 0.0309168443497 0.370291400142
21 5.334 85 0.0151030561478 0.38539445629
22 5.338 155 0.0275408670931 0.412935323383
23 5.339 315 0.0559701492537 0.468905472637
24 5.356 13 0.00230987917555 0.471215351812
25 5.357 8 0.00142146410803 0.47263681592
26 5.4 207 0.0367803837953 0.509417199716
27 6.96 1 0.000177683013504 0.509594882729
28 8.4 1 0.000177683013504 0.509772565743
29 9.25 1 0.000177683013504 0.509950248756
30 9.28 1 0.000177683013504 0.51012793177
31 10.0 3 0.000533049040512 0.51066098081
32 10.01 5 0.00088841506752 0.511549395878
33 10.063 2 0.000355366027008 0.511904761905
34 10.064 1 0.000177683013504 0.512082444918
35 10.091 3 0.000533049040512 0.512615493959
36 10.092 3 0.000533049040512 0.513148542999
37 10.133 8 0.00142146410803 0.514570007107
38 10.134 5 0.00088841506752 0.515458422175
39 10.144 2 0.000355366027008 0.515813788202
40 10.24 37 0.00657427149964 0.522388059701
41 10.367 1 0.000177683013504 0.522565742715
42 10.666 5 0.00088841506752 0.523454157783
43 10.667 12 0.00213219616205 0.525586353945
44 10.677 9 0.00159914712154 0.527185501066
45 10.678 6 0.00106609808102 0.528251599147
46 10.8 4 0.000710732054016 0.528962331201
47 11.303 1 0.000177683013504 0.529140014215
48 13.44 1 0.000177683013504 0.529317697228
49 14.08 1 0.000177683013504 0.529495380242
50 15.0 4 0.000710732054016 0.530206112296
51 15.015 5 0.00088841506752 0.531094527363
52 15.137 3 0.000533049040512 0.531627576404
53 15.2 8 0.00142146410803 0.533049040512
54 15.36 15 0.00266524520256 0.535714285714
55 16.0 8 0.00142146410803 0.537135749822
56 16.016 12 0.00213219616205 0.539267945984
57 16.2 6 0.00106609808102 0.540334044065
58 16.32 1 0.000177683013504 0.540511727079
59 17.133 1 0.000177683013504 0.540689410092
60 17.142 1 0.000177683013504 0.540867093106
61 18.696 1 0.000177683013504 0.541044776119
62 20.0 1 0.000177683013504 0.541222459133
63 20.02 6 0.00106609808102 0.542288557214
64 20.127 1 0.000177683013504 0.542466240227
65 20.183 1 0.000177683013504 0.542643923241
66 20.266 2 0.000355366027008 0.542999289268
67 20.267 5 0.00088841506752 0.543887704335
68 20.287 1 0.000177683013504 0.544065387349
69 20.48 19 0.00337597725657 0.547441364606
70 20.64 1 0.000177683013504 0.547619047619
71 21.333 5 0.00088841506752 0.548507462687
72 21.334 2 0.000355366027008 0.548862828714
73 21.354 1 0.000177683013504 0.549040511727
74 21.355 6 0.00106609808102 0.550106609808
75 21.425 1 0.000177683013504 0.550284292822
76 21.6 3 0.000533049040512 0.550817341862
77 22.833 1 0.000177683013504 0.550995024876
78 24.09 1 0.000177683013504 0.551172707889
79 25.0 76 0.0135039090263 0.564676616915
80 25.025 37 0.00657427149964 0.571250888415
81 25.158 6 0.00106609808102 0.572316986496
82 25.159 8 0.00142146410803 0.573738450604
83 25.2 2 0.000355366027008 0.574093816631
84 25.228 8 0.00142146410803 0.575515280739
85 25.229 19 0.00337597725657 0.578891257996
86 25.333 90 0.0159914712154 0.594882729211
87 25.334 41 0.00728500355366 0.602167732765
88 25.358 1 0.000177683013504 0.602345415778
89 25.359 3 0.000533049040512 0.602878464819
90 25.44 1 0.000177683013504 0.603056147832
91 25.6 190 0.0337597725657 0.636815920398
92 26.666 32 0.00568585643213 0.64250177683
93 26.667 78 0.0138592750533 0.656361051883
94 26.693 53 0.00941719971571 0.665778251599
95 26.694 24 0.00426439232409 0.670042643923
96 26.781 1 0.000177683013504 0.670220326937
97 26.782 2 0.000355366027008 0.670575692964
98 27.0 17 0.00302061122957 0.673596304193
99 30.0 20 0.00355366027008 0.677149964463
100 30.03 61 0.0108386638237 0.687988628287
101 30.19 6 0.00106609808102 0.689054726368
102 30.191 2 0.000355366027008 0.689410092395
103 30.274 6 0.00106609808102 0.690476190476
104 30.275 2 0.000355366027008 0.690831556503
105 30.4 76 0.0135039090263 0.704335465529
106 30.43 12 0.00213219616205 0.706467661692
107 30.431 8 0.00142146410803 0.7078891258
108 30.72 221 0.0392679459844 0.747157071784
109 31.28 1 0.000177683013504 0.747334754797
110 32.0 97 0.0172352523099 0.764570007107
111 32.032 115 0.0204335465529 0.78500355366
112 32.138 4 0.000710732054016 0.785714285714
113 32.139 1 0.000177683013504 0.785891968728
114 32.36 1 0.000177683013504 0.786069651741
115 32.4 20 0.00355366027008 0.789623312011
116 34.801 1 0.000177683013504 0.789800995025
117 35.0 44 0.00781805259417 0.797619047619
118 35.035 42 0.00746268656716 0.805081734186
119 35.2 1 0.000177683013504 0.8052594172
120 35.466 1 0.000177683013504 0.805437100213
121 35.467 7 0.00124378109453 0.806680881308
122 35.502 1 0.000177683013504 0.806858564321
123 35.72 1 0.000177683013504 0.807036247335
124 35.84 132 0.0234541577825 0.830490405117
125 36.033 1 0.000177683013504 0.830668088131
126 36.236 1 0.000177683013504 0.830845771144
127 36.4 1 0.000177683013504 0.831023454158
128 37.333 38 0.00675195451315 0.837775408671
129 37.334 15 0.00266524520256 0.840440653873
130 37.37 24 0.00426439232409 0.844705046198
131 37.371 43 0.00764036958067 0.852345415778
132 37.495 2 0.000355366027008 0.852700781805
133 37.8 19 0.00337597725657 0.856076759062
134 38.272 2 0.000355366027008 0.856432125089
135 39.24 1 0.000177683013504 0.856609808102
136 39.974 1 0.000177683013504 0.856787491116
137 40.0 19 0.00337597725657 0.860163468372
138 40.04 33 0.00586353944563 0.866027007818
139 40.96 102 0.0181236673774 0.884150675195
140 41.08 1 0.000177683013504 0.884328358209
141 41.172 3 0.000533049040512 0.884861407249
142 41.173 1 0.000177683013504 0.885039090263
143 42.666 6 0.00106609808102 0.886105188344
144 42.667 19 0.00337597725657 0.889481165601
145 42.709 24 0.00426439232409 0.893745557925
146 42.71 13 0.00230987917555 0.8960554371
147 42.851 1 0.000177683013504 0.896233120114
148 42.96 1 0.000177683013504 0.896410803127
149 43.2 31 0.00550817341862 0.901918976546
150 44.08 1 0.000177683013504 0.902096659559
151 45.0 22 0.00390902629709 0.906005685856
152 45.045 22 0.00390902629709 0.909914712154
153 45.6 1 0.000177683013504 0.910092395167
154 46.013 1 0.000177683013504 0.910270078181
155 46.046 1 0.000177683013504 0.910447761194
156 46.08 49 0.00870646766169 0.919154228856
157 47.047 1 0.000177683013504 0.919331911869
158 48.0 18 0.00319829424307 0.922530206112
159 48.048 30 0.00533049040512 0.927860696517
160 48.207 1 0.000177683013504 0.928038379531
161 48.533 1 0.000177683013504 0.928216062544
162 48.6 9 0.00159914712154 0.929815209666
163 49.449 1 0.000177683013504 0.929992892679
164 50.0 15 0.00266524520256 0.932658137882
165 50.05 22 0.00390902629709 0.936567164179
166 50.717 1 0.000177683013504 0.936744847193
167 51.2 34 0.00604122245913 0.942786069652
168 51.465 2 0.000355366027008 0.943141435679
169 51.466 2 0.000355366027008 0.943496801706
170 51.467 1 0.000177683013504 0.943674484719
171 52.052 1 0.000177683013504 0.943852167733
172 53.333 5 0.00088841506752 0.9447405828
173 53.334 3 0.000533049040512 0.945273631841
174 53.386 7 0.00124378109453 0.946517412935
175 53.387 4 0.000710732054016 0.947228144989
176 53.564 2 0.000355366027008 0.947583511016
177 54.0 26 0.0046197583511 0.952203269367
178 54.054 1 0.000177683013504 0.952380952381
179 54.388 1 0.000177683013504 0.952558635394
180 54.922 1 0.000177683013504 0.952736318408
181 55.0 4 0.000710732054016 0.953447050462
182 55.055 15 0.00266524520256 0.956112295665
183 56.32 40 0.00710732054016 0.963219616205
184 57.924 1 0.000177683013504 0.963397299218
185 58.666 1 0.000177683013504 0.963574982232
186 58.667 3 0.000533049040512 0.964108031272
187 58.725 7 0.00124378109453 0.965351812367
188 58.726 6 0.00106609808102 0.966417910448
189 59.4 21 0.00373134328358 0.970149253731
190 60.0 5 0.00088841506752 0.971037668799
191 60.06 4 0.000710732054016 0.971748400853
192 60.46 1 0.000177683013504 0.971926083866
193 60.8 1 0.000177683013504 0.97210376688
194 61.44 19 0.00337597725657 0.975479744136
195 64.0 3 0.000533049040512 0.976012793177
196 64.064 14 0.00248756218905 0.978500355366
197 64.8 7 0.00124378109453 0.979744136461
198 65.0 6 0.00106609808102 0.980810234542
199 65.065 9 0.00159914712154 0.982409381663
200 66.133 1 0.000177683013504 0.982587064677
201 66.199 1 0.000177683013504 0.98276474769
202 66.56 17 0.00302061122957 0.98578535892
203 66.905 1 0.000177683013504 0.985963041933
204 67.334 1 0.000177683013504 0.986140724947
205 69.402 2 0.000355366027008 0.986496090974
206 69.403 6 0.00106609808102 0.987562189055
207 70.0 3 0.000533049040512 0.988095238095
208 70.07 4 0.000710732054016 0.988805970149
209 70.2 2 0.000355366027008 0.989161336176
210 70.204 1 0.000177683013504 0.98933901919
211 71.68 11 0.00195451314854 0.991293532338
212 74.741 1 0.000177683013504 0.991471215352
213 76.8 3 0.000533049040512 0.992004264392
214 80.0 2 0.000355366027008 0.992359630419
215 80.08 2 0.000355366027008 0.992714996446
216 81.92 5 0.00088841506752 0.993603411514
217 85.0 1 0.000177683013504 0.993781094527
218 85.085 1 0.000177683013504 0.993958777541
219 86.2 1 0.000177683013504 0.994136460554
220 87.04 3 0.000533049040512 0.994669509595
221 90.0 1 0.000177683013504 0.994847192608
222 90.757 1 0.000177683013504 0.995024875622
223 90.758 2 0.000355366027008 0.995380241649
224 92.16 1 0.000177683013504 0.995557924662
225 95.095 2 0.000355366027008 0.995913290689
226 96.096 3 0.000533049040512 0.99644633973
227 97.28 1 0.000177683013504 0.996624022743
228 100.0 2 0.000355366027008 0.99697938877
229 100.1 1 0.000177683013504 0.997157071784
230 103.737 1 0.000177683013504 0.997334754797
231 115.0 1 0.000177683013504 0.997512437811
232 115.115 2 0.000355366027008 0.997867803838
233 117.76 1 0.000177683013504 0.998045486851
234 120.0 2 0.000355366027008 0.998400852878
235 120.12 1 0.000177683013504 0.998578535892
236 125.0 1 0.000177683013504 0.998756218905
237 140.0 2 0.000355366027008 0.999111584932
238 145.0 1 0.000177683013504 0.999289267946
239 155.0 1 0.000177683013504 0.999466950959
240 155.155 1 0.000177683013504 0.999644633973
241 165.0 1 0.000177683013504 0.999822316987
242 175.0 1 0.000177683013504 1.0
