0 0.0 397.0 0.0396841263495 0.0396841263495
1 0.067 2.0 0.000199920031987 0.0398840463814
2 0.12 1.0 9.99600159936e-05 0.0399840063974
3 0.2 1.0 9.99600159936e-05 0.0400839664134
4 0.234 1.0 9.99600159936e-05 0.0401839264294
5 0.28 1.0 9.99600159936e-05 0.0402838864454
6 0.301 1.0 9.99600159936e-05 0.0403838464614
7 0.32 1.0 9.99600159936e-05 0.0404838064774
8 0.334 2.0 0.000199920031987 0.0406837265094
9 0.5 1.0 9.99600159936e-05 0.0407836865254
10 0.52 1.0 9.99600159936e-05 0.0408836465414
11 0.64 3.0 0.000299880047981 0.0411835265894
12 0.84 3.0 0.000299880047981 0.0414834066373
13 0.901 1.0 9.99600159936e-05 0.0415833666533
14 0.96 1.0 9.99600159936e-05 0.0416833266693
15 1.033 1.0 9.99600159936e-05 0.0417832866853
16 1.101 1.0 9.99600159936e-05 0.0418832467013
17 1.12 1.0 9.99600159936e-05 0.0419832067173
18 1.135 1.0 9.99600159936e-05 0.0420831667333
19 1.16 1.0 9.99600159936e-05 0.0421831267493
20 1.28 1.0 9.99600159936e-05 0.0422830867653
21 1.32 2.0 0.000199920031987 0.0424830067973
22 1.335 1.0 9.99600159936e-05 0.0425829668133
23 1.36 4.0 0.000399840063974 0.0429828068772
24 1.401 1.0 9.99600159936e-05 0.0430827668932
25 1.402 1.0 9.99600159936e-05 0.0431827269092
26 1.433 1.0 9.99600159936e-05 0.0432826869252
27 1.44 1.0 9.99600159936e-05 0.0433826469412
28 1.48 1.0 9.99600159936e-05 0.0434826069572
29 1.6 1.0 9.99600159936e-05 0.0435825669732
30 1.666 1.0 9.99600159936e-05 0.0436825269892
31 1.668 1.0 9.99600159936e-05 0.0437824870052
32 1.68 2.0 0.000199920031987 0.0439824070372
33 1.735 1.0 9.99600159936e-05 0.0440823670532
34 1.833 1.0 9.99600159936e-05 0.0441823270692
35 1.835 1.0 9.99600159936e-05 0.0442822870852
36 1.84 1.0 9.99600159936e-05 0.0443822471012
37 1.88 1.0 9.99600159936e-05 0.0444822071172
38 1.936 1.0 9.99600159936e-05 0.0445821671331
39 1.96 1.0 9.99600159936e-05 0.0446821271491
40 1.968 1.0 9.99600159936e-05 0.0447820871651
41 1.969 1.0 9.99600159936e-05 0.0448820471811
42 1.971 1.0 9.99600159936e-05 0.0449820071971
43 2.0 2.0 0.000199920031987 0.0451819272291
44 2.002 2.0 0.000199920031987 0.0453818472611
45 2.033 1.0 9.99600159936e-05 0.0454818072771
46 2.069 1.0 9.99600159936e-05 0.0455817672931
47 2.2 2.0 0.000199920031987 0.0457816873251
48 2.202 1.0 9.99600159936e-05 0.0458816473411
49 2.233 1.0 9.99600159936e-05 0.0459816073571
50 2.236 1.0 9.99600159936e-05 0.0460815673731
51 2.266 1.0 9.99600159936e-05 0.046181527389
52 2.267 1.0 9.99600159936e-05 0.046281487405
53 2.269 1.0 9.99600159936e-05 0.046381447421
54 2.28 1.0 9.99600159936e-05 0.046481407437
55 2.3 1.0 9.99600159936e-05 0.046581367453
56 2.32 1.0 9.99600159936e-05 0.046681327469
57 2.336 2.0 0.000199920031987 0.046881247501
58 2.348 1.0 9.99600159936e-05 0.046981207517
59 2.366 1.0 9.99600159936e-05 0.047081167533
60 2.369 1.0 9.99600159936e-05 0.047181127549
61 2.37 1.0 9.99600159936e-05 0.047281087565
62 2.4 1.0 9.99600159936e-05 0.047381047581
63 2.433 1.0 9.99600159936e-05 0.047481007597
64 2.466 1.0 9.99600159936e-05 0.047580967613
65 2.467 2.0 0.000199920031987 0.0477808876449
66 2.48 1.0 9.99600159936e-05 0.0478808476609
67 2.56 2.0 0.000199920031987 0.0480807676929
68 2.567 1.0 9.99600159936e-05 0.0481807277089
69 2.6 1.0 9.99600159936e-05 0.0482806877249
70 2.602 1.0 9.99600159936e-05 0.0483806477409
71 2.64 1.0 9.99600159936e-05 0.0484806077569
72 2.666 2.0 0.000199920031987 0.0486805277889
73 2.667 2.0 0.000199920031987 0.0488804478209
74 2.68 2.0 0.000199920031987 0.0490803678529
75 2.702 1.0 9.99600159936e-05 0.0491803278689
76 2.72 2.0 0.000199920031987 0.0493802479008
77 2.736 1.0 9.99600159936e-05 0.0494802079168
78 2.767 1.0 9.99600159936e-05 0.0495801679328
79 2.769 1.0 9.99600159936e-05 0.0496801279488
80 2.8 1.0 9.99600159936e-05 0.0497800879648
81 2.836 1.0 9.99600159936e-05 0.0498800479808
82 2.866 1.0 9.99600159936e-05 0.0499800079968
83 2.867 1.0 9.99600159936e-05 0.0500799680128
84 2.92 2.0 0.000199920031987 0.0502798880448
85 2.933 1.0 9.99600159936e-05 0.0503798480608
86 2.936 1.0 9.99600159936e-05 0.0504798080768
87 2.96 6.0 0.000599760095962 0.0510795681727
88 3.0 1.0 9.99600159936e-05 0.0511795281887
89 3.003 3.0 0.000299880047981 0.0514794082367
90 3.036 1.0 9.99600159936e-05 0.0515793682527
91 3.067 2.0 0.000199920031987 0.0517792882847
92 3.08 1.0 9.99600159936e-05 0.0518792483007
93 3.101 1.0 9.99600159936e-05 0.0519792083167
94 3.12 2.0 0.000199920031987 0.0521791283487
95 3.134 1.0 9.99600159936e-05 0.0522790883647
96 3.16 2.0 0.000199920031987 0.0524790083966
97 3.166 1.0 9.99600159936e-05 0.0525789684126
98 3.176 1.0 9.99600159936e-05 0.0526789284286
99 3.2 1.0 9.99600159936e-05 0.0527788884446
100 3.24 2.0 0.000199920031987 0.0529788084766
101 3.27 2.0 0.000199920031987 0.0531787285086
102 3.28 1.0 9.99600159936e-05 0.0532786885246
103 3.337 2.0 0.000199920031987 0.0534786085566
104 3.37 1.0 9.99600159936e-05 0.0535785685726
105 3.403 1.0 9.99600159936e-05 0.0536785285886
106 3.437 1.0 9.99600159936e-05 0.0537784886046
107 3.44 3.0 0.000299880047981 0.0540783686525
108 3.48 1.0 9.99600159936e-05 0.0541783286685
109 3.5 1.0 9.99600159936e-05 0.0542782886845
110 3.504 1.0 9.99600159936e-05 0.0543782487005
111 3.52 2.0 0.000199920031987 0.0545781687325
112 3.569 1.0 9.99600159936e-05 0.0546781287485
113 3.604 3.0 0.000299880047981 0.0549780087965
114 3.64 1.0 9.99600159936e-05 0.0550779688125
115 3.667 1.0 9.99600159936e-05 0.0551779288285
116 3.67 1.0 9.99600159936e-05 0.0552778888445
117 3.68 1.0 9.99600159936e-05 0.0553778488605
118 3.704 1.0 9.99600159936e-05 0.0554778088764
119 3.76 4.0 0.000399840063974 0.0558776489404
120 3.8 2.0 0.000199920031987 0.0560775689724
121 3.84 1.0 9.99600159936e-05 0.0561775289884
122 3.867 1.0 9.99600159936e-05 0.0562774890044
123 3.9 1.0 9.99600159936e-05 0.0563774490204
124 3.904 2.0 0.000199920031987 0.0565773690524
125 3.937 1.0 9.99600159936e-05 0.0566773290684
126 3.96 1.0 9.99600159936e-05 0.0567772890844
127 3.971 1.0 9.99600159936e-05 0.0568772491004
128 4.0 1.0 9.99600159936e-05 0.0569772091164
129 4.004 2.0 0.000199920031987 0.0571771291483
130 4.037 1.0 9.99600159936e-05 0.0572770891643
131 4.04 1.0 9.99600159936e-05 0.0573770491803
132 4.08 1.0 9.99600159936e-05 0.0574770091963
133 4.16 1.0 9.99600159936e-05 0.0575769692123
134 4.204 1.0 9.99600159936e-05 0.0576769292283
135 4.238 1.0 9.99600159936e-05 0.0577768892443
136 4.271 1.0 9.99600159936e-05 0.0578768492603
137 4.28 1.0 9.99600159936e-05 0.0579768092763
138 4.3 2.0 0.000199920031987 0.0581767293083
139 4.32 1.0 9.99600159936e-05 0.0582766893243
140 4.36 1.0 9.99600159936e-05 0.0583766493403
141 4.438 2.0 0.000199920031987 0.0585765693723
142 4.471 3.0 0.000299880047981 0.0588764494202
143 4.52 3.0 0.000299880047981 0.0591763294682
144 4.56 1.0 9.99600159936e-05 0.0592762894842
145 4.57 1.0 9.99600159936e-05 0.0593762495002
146 4.588 1.0 9.99600159936e-05 0.0594762095162
147 4.6 3.0 0.000299880047981 0.0597760895642
148 4.64 1.0 9.99600159936e-05 0.0598760495802
149 4.68 1.0 9.99600159936e-05 0.0599760095962
150 4.705 1.0 9.99600159936e-05 0.0600759696122
151 4.72 1.0 9.99600159936e-05 0.0601759296281
152 4.76 1.0 9.99600159936e-05 0.0602758896441
153 4.8 2.0 0.000199920031987 0.0604758096761
154 4.833 1.0 9.99600159936e-05 0.0605757696921
155 4.838 1.0 9.99600159936e-05 0.0606757297081
156 4.84 2.0 0.000199920031987 0.0608756497401
157 4.88 6.0 0.000599760095962 0.0614754098361
158 4.905 1.0 9.99600159936e-05 0.0615753698521
159 5.0 152.0 0.015193922431 0.0767692922831
160 5.005 585.0 0.0584766093563 0.135245901639
161 5.031 17.0 0.00169932027189 0.136945221911
162 5.032 43.0 0.00429828068772 0.141243502599
163 5.045 47.0 0.0046981207517 0.145941623351
164 5.046 125.0 0.0124950019992 0.15843662535
165 5.066 181.0 0.0180927628948 0.176529388245
166 5.067 325.0 0.0324870051979 0.209016393443
167 5.071 10.0 0.000999600159936 0.210015993603
168 5.072 28.0 0.00279888044782 0.21281487405
169 5.1 1.0 9.99600159936e-05 0.212914834066
170 5.105 1.0 9.99600159936e-05 0.213014794082
171 5.12 1234.0 0.123350659736 0.336365453818
172 5.138 1.0 9.99600159936e-05 0.336465413834
173 5.146 5.0 0.000499800079968 0.336965213914
174 5.147 2.0 0.000199920031987 0.337165133946
175 5.172 1.0 9.99600159936e-05 0.337265093962
176 5.239 1.0 9.99600159936e-05 0.337365053978
177 5.3 1.0 9.99600159936e-05 0.337465013994
178 5.305 1.0 9.99600159936e-05 0.33756497401
179 5.333 253.0 0.0252898840464 0.362854858057
180 5.334 129.0 0.0128948420632 0.37574970012
181 5.338 202.0 0.0201919232307 0.395941623351
182 5.339 377.0 0.0376849260296 0.43362654938
183 5.356 12.0 0.00119952019192 0.434826069572
184 5.357 7.0 0.000699720111955 0.435525789684
185 5.36 1.0 9.99600159936e-05 0.4356257497
186 5.4 206.0 0.0205917632947 0.456217512995
187 5.44 2.0 0.000199920031987 0.456417433027
188 5.471 1.0 9.99600159936e-05 0.456517393043
189 5.539 1.0 9.99600159936e-05 0.456617353059
190 5.557 1.0 9.99600159936e-05 0.456717313075
191 5.6 1.0 9.99600159936e-05 0.456817273091
192 5.606 1.0 9.99600159936e-05 0.456917233107
193 5.672 1.0 9.99600159936e-05 0.457017193123
194 5.68 2.0 0.000199920031987 0.457217113155
195 5.866 1.0 9.99600159936e-05 0.457317073171
196 5.88 1.0 9.99600159936e-05 0.457417033187
197 5.934 1.0 9.99600159936e-05 0.457516993203
198 5.939 1.0 9.99600159936e-05 0.457616953219
199 5.964 1.0 9.99600159936e-05 0.457716913235
200 6.09 1.0 9.99600159936e-05 0.457816873251
201 6.12 1.0 9.99600159936e-05 0.457916833267
202 6.133 2.0 0.000199920031987 0.458116753299
203 6.2 1.0 9.99600159936e-05 0.458216713315
204 6.206 1.0 9.99600159936e-05 0.458316673331
205 6.24 1.0 9.99600159936e-05 0.458416633347
206 6.28 1.0 9.99600159936e-05 0.458516593363
207 6.4 1.0 9.99600159936e-05 0.458616553379
208 6.48 1.0 9.99600159936e-05 0.458716513395
209 6.506 1.0 9.99600159936e-05 0.458816473411
210 6.533 1.0 9.99600159936e-05 0.458916433427
211 6.54 1.0 9.99600159936e-05 0.459016393443
212 6.64 3.0 0.000299880047981 0.459316273491
213 6.72 2.0 0.000199920031987 0.459516193523
214 6.76 1.0 9.99600159936e-05 0.459616153539
215 6.933 6.0 0.000599760095962 0.460215913635
216 6.934 1.0 9.99600159936e-05 0.460315873651
217 7.099 1.0 9.99600159936e-05 0.460415833667
218 7.28 4.0 0.000399840063974 0.460815673731
219 7.333 1.0 9.99600159936e-05 0.460915633747
220 7.467 1.0 9.99600159936e-05 0.461015593762
221 7.5 1.0 9.99600159936e-05 0.461115553778
222 7.641 1.0 9.99600159936e-05 0.461215513794
223 7.743 2.0 0.000199920031987 0.461415433826
224 7.84 1.0 9.99600159936e-05 0.461515393842
225 8.0 1.0 9.99600159936e-05 0.461615353858
226 8.067 2.0 0.000199920031987 0.46181527389
227 8.408 4.0 0.000399840063974 0.462215113954
228 8.743 1.0 9.99600159936e-05 0.46231507397
229 8.909 1.0 9.99600159936e-05 0.462415033986
230 8.92 1.0 9.99600159936e-05 0.462514994002
231 9.066 1.0 9.99600159936e-05 0.462614954018
232 9.176 1.0 9.99600159936e-05 0.462714914034
233 9.243 1.0 9.99600159936e-05 0.46281487405
234 9.6 1.0 9.99600159936e-05 0.462914834066
235 9.642 1.0 9.99600159936e-05 0.463014794082
236 9.92 1.0 9.99600159936e-05 0.463114754098
237 10.0 9.0 0.000899640143942 0.464014394242
238 10.01 17.0 0.00169932027189 0.465713714514
239 10.063 3.0 0.000299880047981 0.466013594562
240 10.091 1.0 9.99600159936e-05 0.466113554578
241 10.092 1.0 9.99600159936e-05 0.466213514594
242 10.133 12.0 0.00119952019192 0.467413034786
243 10.134 11.0 0.00109956017593 0.468512594962
244 10.143 1.0 9.99600159936e-05 0.468612554978
245 10.24 74.0 0.00739704118353 0.476009596162
246 10.293 1.0 9.99600159936e-05 0.476109556178
247 10.48 1.0 9.99600159936e-05 0.476209516194
248 10.51 1.0 9.99600159936e-05 0.47630947621
249 10.512 1.0 9.99600159936e-05 0.476409436226
250 10.577 1.0 9.99600159936e-05 0.476509396242
251 10.666 7.0 0.000699720111955 0.477209116353
252 10.667 16.0 0.0015993602559 0.478808476609
253 10.677 22.0 0.00219912035186 0.481007596961
254 10.678 9.0 0.000899640143942 0.481907237105
255 10.68 1.0 9.99600159936e-05 0.482007197121
256 10.712 1.0 9.99600159936e-05 0.482107157137
257 10.713 1.0 9.99600159936e-05 0.482207117153
258 10.8 8.0 0.000799680127949 0.483006797281
259 10.844 1.0 9.99600159936e-05 0.483106757297
260 10.911 1.0 9.99600159936e-05 0.483206717313
261 11.04 1.0 9.99600159936e-05 0.483306677329
262 11.28 1.0 9.99600159936e-05 0.483406637345
263 11.301 1.0 9.99600159936e-05 0.483506597361
264 11.32 1.0 9.99600159936e-05 0.483606557377
265 11.8 1.0 9.99600159936e-05 0.483706517393
266 12.412 1.0 9.99600159936e-05 0.483806477409
267 12.467 1.0 9.99600159936e-05 0.483906437425
268 12.512 1.0 9.99600159936e-05 0.484006397441
269 12.833 1.0 9.99600159936e-05 0.484106357457
270 13.067 1.0 9.99600159936e-05 0.484206317473
271 13.48 2.0 0.000199920031987 0.484406237505
272 13.6 1.0 9.99600159936e-05 0.484506197521
273 14.181 1.0 9.99600159936e-05 0.484606157537
274 14.266 1.0 9.99600159936e-05 0.484706117553
275 14.482 1.0 9.99600159936e-05 0.484806077569
276 15.0 4.0 0.000399840063974 0.485205917633
277 15.015 7.0 0.000699720111955 0.485905637745
278 15.2 86.0 0.00859656137545 0.49450219912
279 15.215 1.0 9.99600159936e-05 0.494602159136
280 15.24 3.0 0.000299880047981 0.494902039184
281 15.36 73.0 0.00729708116753 0.502199120352
282 15.44 1.0 9.99600159936e-05 0.502299080368
283 15.467 1.0 9.99600159936e-05 0.502399040384
284 15.782 1.0 9.99600159936e-05 0.5024990004
285 15.849 1.0 9.99600159936e-05 0.502598960416
286 16.0 58.0 0.00579768092763 0.508396641343
287 16.016 67.0 0.00669732107157 0.515093962415
288 16.069 1.0 9.99600159936e-05 0.515193922431
289 16.2 6.0 0.000599760095962 0.515793682527
290 16.44 1.0 9.99600159936e-05 0.515893642543
291 16.5 1.0 9.99600159936e-05 0.515993602559
292 16.56 1.0 9.99600159936e-05 0.516093562575
293 16.8 1.0 9.99600159936e-05 0.516193522591
294 16.88 1.0 9.99600159936e-05 0.516293482607
295 17.051 1.0 9.99600159936e-05 0.516393442623
296 19.6 1.0 9.99600159936e-05 0.516493402639
297 19.8 1.0 9.99600159936e-05 0.516593362655
298 20.0 3.0 0.000299880047981 0.516893242703
299 20.02 41.0 0.00409836065574 0.520991603359
300 20.126 3.0 0.000299880047981 0.521291483407
301 20.127 28.0 0.00279888044782 0.524090363854
302 20.183 7.0 0.000699720111955 0.524790083966
303 20.266 60.0 0.00599760095962 0.530787684926
304 20.267 113.0 0.0112954818073 0.542083166733
305 20.287 12.0 0.00119952019192 0.543282686925
306 20.48 503.0 0.0502798880448 0.59356257497
307 20.586 1.0 9.99600159936e-05 0.593662534986
308 20.6 1.0 9.99600159936e-05 0.593762495002
309 21.333 123.0 0.0122950819672 0.606057576969
310 21.334 56.0 0.00559776089564 0.611655337865
311 21.354 77.0 0.00769692123151 0.619352259096
312 21.355 164.0 0.016393442623 0.635745701719
313 21.425 13.0 0.00129948020792 0.637045181927
314 21.426 12.0 0.00119952019192 0.638244702119
315 21.6 30.0 0.00299880047981 0.641243502599
316 21.822 1.0 9.99600159936e-05 0.641343462615
317 22.367 1.0 9.99600159936e-05 0.641443422631
318 22.733 1.0 9.99600159936e-05 0.641543382647
319 24.76 1.0 9.99600159936e-05 0.641643342663
320 25.0 124.0 0.0123950419832 0.654038384646
321 25.025 157.0 0.015693722511 0.669732107157
322 25.158 8.0 0.000799680127949 0.670531787285
323 25.159 5.0 0.000499800079968 0.671031587365
324 25.228 2.0 0.000199920031987 0.671231507397
325 25.229 4.0 0.000399840063974 0.671631347461
326 25.333 72.0 0.00719712115154 0.678828468613
327 25.334 38.0 0.00379848060776 0.68262694922
328 25.358 1.0 9.99600159936e-05 0.682726909236
329 25.359 3.0 0.000299880047981 0.683026789284
330 25.6 330.0 0.0329868052779 0.716013594562
331 26.04 1.0 9.99600159936e-05 0.716113554578
332 26.266 1.0 9.99600159936e-05 0.716213514594
333 26.48 1.0 9.99600159936e-05 0.71631347461
334 26.666 57.0 0.00569772091164 0.722011195522
335 26.667 108.0 0.0107956817273 0.732806877249
336 26.693 88.0 0.00879648140744 0.741603358657
337 26.694 32.0 0.0031987205118 0.744802079168
338 26.781 2.0 0.000199920031987 0.7450019992
339 26.782 11.0 0.00109956017593 0.746101559376
340 27.0 68.0 0.00679728108756 0.752898840464
341 28.32 1.0 9.99600159936e-05 0.75299880048
342 28.434 1.0 9.99600159936e-05 0.753098760496
343 28.56 1.0 9.99600159936e-05 0.753198720512
344 28.8 1.0 9.99600159936e-05 0.753298680528
345 29.497 1.0 9.99600159936e-05 0.753398640544
346 30.0 25.0 0.00249900039984 0.755897640944
347 30.03 133.0 0.0132946821271 0.769192323071
348 30.13 1.0 9.99600159936e-05 0.769292283087
349 30.19 2.0 0.000199920031987 0.769492203119
350 30.191 3.0 0.000299880047981 0.769792083167
351 30.274 3.0 0.000299880047981 0.770091963215
352 30.4 23.0 0.00229908036785 0.772391043583
353 30.43 2.0 0.000199920031987 0.772590963615
354 30.431 1.0 9.99600159936e-05 0.772690923631
355 30.72 302.0 0.0301879248301 0.802878848461
356 30.879 2.0 0.000199920031987 0.803078768493
357 30.88 1.0 9.99600159936e-05 0.803178728509
358 32.0 101.0 0.0100959616154 0.813274690124
359 32.032 132.0 0.0131947221112 0.826469412235
360 32.138 4.0 0.000399840063974 0.826869252299
361 32.139 1.0 9.99600159936e-05 0.826969212315
362 32.4 100.0 0.00999600159936 0.836965213914
363 33.767 1.0 9.99600159936e-05 0.83706517393
364 35.0 31.0 0.0030987604958 0.840163934426
365 35.035 103.0 0.0102958816473 0.850459816074
366 35.08 1.0 9.99600159936e-05 0.85055977609
367 35.222 1.0 9.99600159936e-05 0.850659736106
368 35.32 1.0 9.99600159936e-05 0.850759696122
369 35.466 1.0 9.99600159936e-05 0.850859656138
370 35.502 1.0 9.99600159936e-05 0.850959616154
371 35.7 1.0 9.99600159936e-05 0.85105957617
372 35.84 239.0 0.0238904438225 0.874950019992
373 36.026 4.0 0.000399840063974 0.875349860056
374 36.16 1.0 9.99600159936e-05 0.875449820072
375 36.56 1.0 9.99600159936e-05 0.875549780088
376 37.0 1.0 9.99600159936e-05 0.875649740104
377 37.333 43.0 0.00429828068772 0.879948020792
378 37.334 21.0 0.00209916033587 0.882047181128
379 37.37 28.0 0.00279888044782 0.884846061575
380 37.371 54.0 0.00539784086365 0.890243902439
381 37.8 72.0 0.00719712115154 0.897441023591
382 40.0 32.0 0.0031987205118 0.900639744102
383 40.04 53.0 0.00529788084766 0.90593762495
384 40.534 1.0 9.99600159936e-05 0.906037584966
385 40.574 2.0 0.000199920031987 0.906237504998
386 40.7 1.0 9.99600159936e-05 0.906337465014
387 40.96 134.0 0.0133946421431 0.919732107157
388 41.172 4.0 0.000399840063974 0.920131947221
389 41.173 2.0 0.000199920031987 0.920331867253
390 42.666 11.0 0.00109956017593 0.921431427429
391 42.667 21.0 0.00209916033587 0.923530587765
392 42.709 35.0 0.00349860055978 0.927029188325
393 42.71 25.0 0.00249900039984 0.929528188725
394 42.851 3.0 0.000299880047981 0.929828068772
395 43.2 36.0 0.00359856057577 0.933426629348
396 43.68 1.0 9.99600159936e-05 0.933526589364
397 44.68 1.0 9.99600159936e-05 0.93362654938
398 45.0 26.0 0.00259896041583 0.936225509796
399 45.045 32.0 0.0031987205118 0.939424230308
400 45.285 1.0 9.99600159936e-05 0.939524190324
401 46.08 104.0 0.0103958416633 0.949920031987
402 46.319 3.0 0.000299880047981 0.950219912035
403 47.68 1.0 9.99600159936e-05 0.950319872051
404 48.0 16.0 0.0015993602559 0.951919232307
405 48.048 28.0 0.00279888044782 0.954718112755
406 48.207 1.0 9.99600159936e-05 0.954818072771
407 48.208 1.0 9.99600159936e-05 0.954918032787
408 48.6 21.0 0.00209916033587 0.957017193123
409 50.0 19.0 0.00189924030388 0.958916433427
410 50.05 14.0 0.00139944022391 0.960315873651
411 50.667 2.0 0.000199920031987 0.960515793683
412 50.717 1.0 9.99600159936e-05 0.960615753699
413 51.2 66.0 0.00659736105558 0.967213114754
414 51.466 1.0 9.99600159936e-05 0.96731307477
415 53.333 10.0 0.000999600159936 0.96831267493
416 53.334 3.0 0.000299880047981 0.968612554978
417 53.386 5.0 0.000499800079968 0.969112355058
418 53.387 16.0 0.0015993602559 0.970711715314
419 54.0 10.0 0.000999600159936 0.971711315474
420 55.0 20.0 0.00199920031987 0.973710515794
421 55.055 7.0 0.000699720111955 0.974410235906
422 55.733 1.0 9.99600159936e-05 0.974510195922
423 56.32 26.0 0.00259896041583 0.977109156337
424 56.612 1.0 9.99600159936e-05 0.977209116353
425 56.613 1.0 9.99600159936e-05 0.977309076369
426 57.12 1.0 9.99600159936e-05 0.977409036385
427 58.667 4.0 0.000399840063974 0.977808876449
428 58.725 11.0 0.00109956017593 0.978908436625
429 58.726 4.0 0.000399840063974 0.979308276689
430 59.033 1.0 9.99600159936e-05 0.979408236705
431 59.4 4.0 0.000399840063974 0.979808076769
432 59.759 1.0 9.99600159936e-05 0.979908036785
433 60.0 10.0 0.000999600159936 0.980907636945
434 60.06 4.0 0.000399840063974 0.981307477009
435 60.8 1.0 9.99600159936e-05 0.981407437025
436 61.44 30.0 0.00299880047981 0.984406237505
437 61.759 1.0 9.99600159936e-05 0.984506197521
438 64.064 17.0 0.00169932027189 0.986205517793
439 64.8 2.0 0.000199920031987 0.986405437825
440 65.0 5.0 0.000499800079968 0.986905237905
441 65.866 1.0 9.99600159936e-05 0.987005197921
442 66.56 10.0 0.000999600159936 0.988004798081
443 69.333 1.0 9.99600159936e-05 0.988104758097
444 69.334 2.0 0.000199920031987 0.988304678129
445 69.402 3.0 0.000299880047981 0.988604558177
446 69.403 3.0 0.000299880047981 0.988904438225
447 70.0 2.0 0.000199920031987 0.989104358257
448 70.2 2.0 0.000199920031987 0.989304278289
449 71.68 11.0 0.00109956017593 0.990403838465
450 74.666 1.0 9.99600159936e-05 0.990503798481
451 74.667 2.0 0.000199920031987 0.990703718513
452 74.741 6.0 0.000599760095962 0.991303478609
453 74.742 1.0 9.99600159936e-05 0.991403438625
454 75.0 3.0 0.000299880047981 0.991703318673
455 75.6 2.0 0.000199920031987 0.991903238705
456 76.0 2.0 0.000199920031987 0.992103158737
457 76.8 6.0 0.000599760095962 0.992702918832
458 80.0 2.0 0.000199920031987 0.992902838864
459 80.08 4.0 0.000399840063974 0.993302678928
460 81.067 2.0 0.000199920031987 0.99350259896
461 81.92 7.0 0.000699720111955 0.994202319072
462 85.0 1.0 9.99600159936e-05 0.994302279088
463 85.085 1.0 9.99600159936e-05 0.994402239104
464 85.418 2.0 0.000199920031987 0.994602159136
465 87.04 6.0 0.000599760095962 0.995201919232
466 90.0 3.0 0.000299880047981 0.99550179928
467 90.757 2.0 0.000199920031987 0.995701719312
468 92.16 4.0 0.000399840063974 0.996101559376
469 95.0 3.0 0.000299880047981 0.996401439424
470 95.095 1.0 9.99600159936e-05 0.99650139944
471 96.096 5.0 0.000499800079968 0.99700119952
472 97.28 1.0 9.99600159936e-05 0.997101159536
473 100.0 1.0 9.99600159936e-05 0.997201119552
474 100.1 1.0 9.99600159936e-05 0.997301079568
475 101.334 1.0 9.99600159936e-05 0.997401039584
476 101.435 1.0 9.99600159936e-05 0.9975009996
477 102.4 1.0 9.99600159936e-05 0.997600959616
478 105.0 2.0 0.000199920031987 0.997800879648
479 106.773 1.0 9.99600159936e-05 0.997900839664
480 110.0 1.0 9.99600159936e-05 0.99800079968
481 110.733 1.0 9.99600159936e-05 0.998100759696
482 115.115 1.0 9.99600159936e-05 0.998200719712
483 120.0 1.0 9.99600159936e-05 0.998300679728
484 125.125 1.0 9.99600159936e-05 0.998400639744
485 126.666 1.0 9.99600159936e-05 0.99850059976
486 130.0 2.0 0.000199920031987 0.998700519792
487 130.13 1.0 9.99600159936e-05 0.998800479808
488 135.0 1.0 9.99600159936e-05 0.998900439824
489 135.135 1.0 9.99600159936e-05 0.99900039984
490 140.0 1.0 9.99600159936e-05 0.999100359856
491 140.14 1.0 9.99600159936e-05 0.999200319872
492 155.0 1.0 9.99600159936e-05 0.999300279888
493 157.067 1.0 9.99600159936e-05 0.999400239904
494 165.0 1.0 9.99600159936e-05 0.99950019992
495 170.0 1.0 9.99600159936e-05 0.999600159936
496 185.0 1.0 9.99600159936e-05 0.999700119952
497 195.0 1.0 9.99600159936e-05 0.999800079968
498 195.195 1.0 9.99600159936e-05 0.999900039984
499 230.0 1.0 9.99600159936e-05 1.0
