306.910165
233.682251
134.01176
354.426732
251.353279
163.572908
413.03709
37.026217
235.227344
363.185582
226.996591
212.987529
214.91936
200.615258
203.522552
115.492806
185.086435
457.502687
-16.008352
376.939812
156.429593
167.899371
218.533221
233.775076
282.180187
164.506367
147.298871
175.086562
251.905969
291.891252
-349.770678
433.372742
164.760305
349.88295
-523.50652
304.433144
378.662193
160.742506
94.256849
264.550908
467.655042
198.431773
127.188151
168.678256
184.609173
262.155773
156.45247
329.002833
362.964562
287.432549
414.181233
219.908396
267.346844
203.121274
307.125552
374.565619
284.835491
171.479831