-1378.2021 0.0172413793103
-973.8339 0.0344827586207
-375.0526 0.051724137931
-368.6677 0.0689655172414
-251.6999 0.0862068965517
-238.3687 0.103448275862
-230.4518 0.120689655172
-219.0109 0.137931034483
-213.0516 0.155172413793
-207.6972 0.172413793103
-205.0556 0.189655172414
-166.794 0.206896551724
-164.9683 0.224137931034
-157.7187 0.241379310345
-134.4317 0.258620689655
-128.3983 0.275862068966
-127.805 0.293103448276
-112.3635 0.310344827586
-107.9183 0.327586206897
-106.3515 0.344827586207
-100.859 0.362068965517
-98.255 0.379310344828
-94.485 0.396551724138
-93.0634 0.413793103448
-92.3203 0.431034482759
-90.5953 0.448275862069
-89.6142 0.465517241379
-73.1413 0.48275862069
-59.566 0.5
-54.1929 0.51724137931
-47.2957 0.534482758621
-39.9637 0.551724137931
-34.6205 0.568965517241
-32.8819 0.586206896552
-27.0107 0.603448275862
-23.6146 0.620689655172
-18.5435 0.637931034483
-13.3218 0.655172413793
-11.1922 0.672413793103
-10.8069 0.689655172414
5.3285 0.706896551724
6.2599 0.724137931034
7.4266 0.741379310345
13.8558 0.758620689655
16.0133 0.775862068966
30.9012 0.793103448276
47.5324 0.810344827586
49.7717 0.827586206897
60.4836 0.844827586207
61.6738 0.862068965517
66.7425 0.879310344828
81.1982 0.896551724138
101.6929 0.913793103448
131.1886 0.931034482759
210.186 0.948275862069
257.065 0.965517241379
297.7 0.98275862069
317.0 1.0