-1894.4869 0.0172413793103
-567.0679 0.0344827586207
-532.0903 0.051724137931
-510.205 0.0689655172414
-444.8605 0.0862068965517
-433.3083 0.103448275862
-428.2738 0.120689655172
-406.956 0.137931034483
-406.1147 0.155172413793
-326.5089 0.172413793103
-312.5333 0.189655172414
-306.8425 0.206896551724
-277.077 0.224137931034
-268.5711 0.241379310345
-257.1834 0.258620689655
-232.1141 0.275862068966
-204.3208 0.293103448276
-201.385 0.310344827586
-181.4583 0.327586206897
-177.4782 0.344827586207
-175.314 0.362068965517
-174.6014 0.379310344828
-162.6162 0.396551724138
-162.1694 0.413793103448
-155.0634 0.431034482759
-153.3925 0.448275862069
-135.8115 0.465517241379
-133.4565 0.48275862069
-122.0407 0.5
-119.6688 0.51724137931
-108.7355 0.534482758621
-106.9997 0.551724137931
-104.0445 0.568965517241
-100.6797 0.586206896552
-97.1692 0.603448275862
-88.8571 0.620689655172
-87.2927 0.637931034483
-82.4661 0.655172413793
-73.0335 0.672413793103
-59.2282 0.689655172414
-40.9758 0.706896551724
-35.3974 0.724137931034
-34.3666 0.741379310345
-32.7581 0.758620689655
-31.7523 0.775862068966
-20.3418 0.793103448276
-17.2944 0.810344827586
6.4494 0.827586206897
7.8642 0.844827586207
14.1856 0.862068965517
19.5074 0.879310344828
26.9326 0.896551724138
32.9076 0.913793103448
58.6929 0.931034482759
71.8642 0.948275862069
93.9829 0.965517241379
319.4 0.98275862069
368.2994 1.0