0.0	0.038834951456310676
11320.754716981131	0.04854368932038835
15652.173913043478	0.05825242718446602
18039.21568627451	0.06796116504854369
41176.470588235294	0.07766990291262135
84431.13772455089	0.08737864077669903
88685.01529051988	0.0970873786407767
98305.08474576271	0.10679611650485436
101351.35135135135	0.11650485436893204
107534.24657534246	0.1262135922330097
108157.09969788519	0.13592233009708737
113714.28571428571	0.14563106796116504
120231.21387283238	0.1553398058252427
122033.89830508475	0.1650485436893204
124848.48484848485	0.17475728155339806
125888.32487309644	0.18446601941747573
126315.78947368421	0.1941747572815534
135072.46376811594	0.20388349514563106
136683.41708542712	0.21359223300970873
138515.90106007067	0.22330097087378642
152727.27272727274	0.23300970873786409
153254.4378698225	0.24271844660194175
183660.13071895426	0.2524271844660194
186976.7441860465	0.2621359223300971
193269.23076923078	0.27184466019417475
203151.8624641834	0.2815533980582524
208045.97701149425	0.2912621359223301
214716.98113207548	0.30097087378640774
219526.6272189349	0.3106796116504854
221925.13368983957	0.32038834951456313
223719.67654986522	0.3300970873786408
227733.33333333334	0.33980582524271846
228632.47863247863	0.34951456310679613
229969.41896024466	0.3592233009708738
232098.76543209876	0.36893203883495146
233606.55737704918	0.3786407766990291
242127.6595744681	0.3883495145631068
250541.51624548738	0.39805825242718446
254980.0796812749	0.4077669902912621
256206.89655172414	0.4174757281553398
260696.51741293533	0.42718446601941745
267300.3802281369	0.4368932038834951
267785.23489932885	0.44660194174757284
269130.4347826087	0.4563106796116505
269444.44444444444	0.46601941747572817
273239.4366197183	0.47572815533980584
282978.72340425535	0.4854368932038835
283111.1111111111	0.49514563106796117
290358.1267217631	0.5048543689320388
291326.5306122449	0.5145631067961165
291836.7346938776	0.5242718446601942
295468.2779456193	0.5339805825242718
301169.59064327483	0.5436893203883495
302395.20958083833	0.5533980582524272
309950.24875621893	0.5631067961165048
313157.8947368421	0.5728155339805825
323529.4117647059	0.5825242718446602
323988.4393063584	0.5922330097087378
345224.71910112357	0.6019417475728155
349002.849002849	0.6116504854368932
353913.04347826086	0.6213592233009708
354277.2861356932	0.6310679611650486
355882.35294117645	0.6407766990291263
365454.54545454547	0.6504854368932039
367032.967032967	0.6601941747572816
370081.9672131148	0.6699029126213593
388016.52892561984	0.6796116504854369
396086.95652173914	0.6893203883495146
402173.9130434783	0.6990291262135923
405576.20817843865	0.7087378640776699
408712.1212121212	0.7184466019417476
414285.71428571426	0.7281553398058253
417094.0170940171	0.7378640776699029
422972.97297297296	0.7475728155339806
429583.3333333333	0.7572815533980582
439361.7021276596	0.7669902912621359
439837.39837398374	0.7766990291262136
446518.1058495822	0.7864077669902912
448648.64864864864	0.7961165048543689
452577.3195876289	0.8058252427184466
457407.4074074074	0.8155339805825242
457438.0165289256	0.8252427184466019
460106.3829787234	0.8349514563106796
460759.4936708861	0.8446601941747572
466666.6666666667	0.8543689320388349
469750.8896797153	0.8640776699029126
470509.38337801606	0.8737864077669902
472802.1978021978	0.883495145631068
476944.44444444444	0.8932038834951457
493092.1052631579	0.9029126213592233
497769.5167286245	0.912621359223301
504609.92907801416	0.9223300970873787
505940.59405940596	0.9320388349514563
514285.71428571426	0.941747572815534
518577.0750988142	0.9514563106796117
526168.2242990654	0.9611650485436893
588571.4285714285	0.970873786407767
618650.7936507936	0.9805825242718447
621491.2280701754	0.9902912621359223
634403.6697247706	1.0