1 0 87 91 808 8.87912087912088 https://www.sml2.org/dash/0b4SVyP0IqI/media/init-stream6.m4s
4 105 586 4545 1017663 229.20337837837837 https://www.sml2.org/dash/0b4SVyP0IqI/media/chunk-stream6-00001.m4s
5 4602 4687 4687 808 9.505882352941176 https://www.sml2.org/dash/0b4SVyP0IqI/media/init-stream4.m4s
6 4693 4779 7178 583957 234.99275653923542 https://www.sml2.org/dash/0b4SVyP0IqI/media/chunk-stream4-00002.m4s
8 7190 7280 9316 610942 287.36688617121354 https://www.sml2.org/dash/0b4SVyP0IqI/media/chunk-stream4-00003.m4s
9 9329 9415 9416 807 9.275862068965518 https://www.sml2.org/dash/0b4SVyP0IqI/media/init-stream7.m4s
10 9421 9509 15259 1586737 271.79462144570056 https://www.sml2.org/dash/0b4SVyP0IqI/media/chunk-stream7-00004.m4s
13 15281 15367 15964 184001 269.40117130307465 https://www.sml2.org/dash/0b4SVyP0IqI/media/chunk-stream7-00005.m4s
14 15976 16063 16272 68945 232.9222972972973 https://www.sml2.org/dash/0b4SVyP0IqI/media/chunk-stream7-00006.m4s
16 16283 16588 16591 806 2.616883116883117 https://www.sml2.org/dash/0b4SVyP0IqI/media/init-stream9.m4s
18 16599 16684 17617 198090 194.58742632612967 https://www.sml2.org/dash/0b4SVyP0IqI/media/chunk-stream9-00007.m4s
19 17630 17722 18524 244446 273.4295302013423 https://www.sml2.org/dash/0b4SVyP0IqI/media/chunk-stream9-00008.m4s
21 18535 18813 21964 909770 265.3164187809857 https://www.sml2.org/dash/0b4SVyP0IqI/media/chunk-stream9-00009.m4s
23 21979 22067 27034 1154630 228.41345202769534 https://www.sml2.org/dash/0b4SVyP0IqI/media/chunk-stream9-00010.m4s
26 27053 27138 29318 582833 257.321412803532 https://www.sml2.org/dash/0b4SVyP0IqI/media/chunk-stream9-00011.m4s
30 33330 33417 44786 3571230 311.7344622905028 https://www.sml2.org/dash/0b4SVyP0IqI/media/chunk-stream9-00012.m4s
31 44825 44916 55890 2297889 207.6718481699051 https://www.sml2.org/dash/0b4SVyP0IqI/media/chunk-stream7-00013.m4s
34 55916 56002 61304 1750133 324.82052709725315 https://www.sml2.org/dash/0b4SVyP0IqI/media/chunk-stream7-00014.m4s
35 61331 61417 79308 3319171 184.63431050787116 https://www.sml2.org/dash/0b4SVyP0IqI/media/chunk-stream9-00015.m4s
38 79342 79432 92557 3460434 261.8565266742338 https://www.sml2.org/dash/0b4SVyP0IqI/media/chunk-stream9-00016.m4s
39 92593 92678 94647 643783 313.42891918208375 https://www.sml2.org/dash/0b4SVyP0IqI/media/chunk-stream9-00017.m4s
41 94663 95373 97222 453021 177.03048065650646 https://www.sml2.org/dash/0b4SVyP0IqI/media/chunk-stream9-00018.m4s
43 97237 98178 99869 421166 160.01747720364742 https://www.sml2.org/dash/0b4SVyP0IqI/media/chunk-stream9-00019.m4s
45 99885 100746 102509 391816 149.3201219512195 https://www.sml2.org/dash/0b4SVyP0IqI/media/chunk-stream9-00020.m4s
48 105025 105115 106681 412971 249.3786231884058 https://www.sml2.org/dash/0b4SVyP0IqI/media/chunk-stream9-00021.m4s
50 113192 113280 114925 401596 231.734564339296 https://www.sml2.org/dash/0b4SVyP0IqI/media/chunk-stream9-00022.m4s
52 120937 121027 124156 417057 129.56104380242311 https://www.sml2.org/dash/0b4SVyP0IqI/media/chunk-stream9-00023.m4s
55 129168 129978 137436 601197 72.71371552975326 https://www.sml2.org/dash/0b4SVyP0IqI/media/chunk-stream9-00024.m4s
56 137456 137548 139576 466691 220.1372641509434 https://www.sml2.org/dash/0b4SVyP0IqI/media/chunk-stream9-00025.m4s
59 145089 145172 146825 408260 235.17281105990784 https://www.sml2.org/dash/0b4SVyP0IqI/media/chunk-stream9-00026.m4s
60 153344 153432 155013 417084 249.90053924505693 https://www.sml2.org/dash/0b4SVyP0IqI/media/chunk-stream9-00027.m4s
62 161024 161112 162855 385318 210.4412889131622 https://www.sml2.org/dash/0b4SVyP0IqI/media/chunk-stream9-00028.m4s
64 168867 168955 171326 504461 205.14884099227328 https://www.sml2.org/dash/0b4SVyP0IqI/media/chunk-stream9-00029.m4s
66 177338 177430 178958 378961 233.92654320987654 https://www.sml2.org/dash/0b4SVyP0IqI/media/chunk-stream9-00030.m4s
68 184972 185055 186519 392576 253.76599870717519 https://www.sml2.org/dash/0b4SVyP0IqI/media/chunk-stream9-00031.m4s
71 193033 193116 194442 379679 269.46699787083037 https://www.sml2.org/dash/0b4SVyP0IqI/media/chunk-stream9-00032.m4s
72 200960 201048 202629 404332 242.26003594967045 https://www.sml2.org/dash/0b4SVyP0IqI/media/chunk-stream9-00033.m4s
74 209140 209224 210913 390135 220.04230118443317 https://www.sml2.org/dash/0b4SVyP0IqI/media/chunk-stream9-00034.m4s
76 216923 217010 219353 389853 160.43333333333334 https://www.sml2.org/dash/0b4SVyP0IqI/media/chunk-stream9-00035.m4s
78 224864 224952 226562 384743 226.58598351001177 https://www.sml2.org/dash/0b4SVyP0IqI/media/chunk-stream9-00036.m4s
80 233075 233163 234912 394244 214.61295590636908 https://www.sml2.org/dash/0b4SVyP0IqI/media/chunk-stream9-00037.m4s
82 240924 241011 242839 373702 195.14464751958224 https://www.sml2.org/dash/0b4SVyP0IqI/media/chunk-stream9-00038.m4s
84 249350 249456 252956 407553 113.02079866888519 https://www.sml2.org/dash/0b4SVyP0IqI/media/chunk-stream9-00039.m4s
86 256966 257060 261970 568131 113.53537170263789 https://www.sml2.org/dash/0b4SVyP0IqI/media/chunk-stream9-00040.m4s
88 264980 265069 269316 596003 137.4545664206642 https://www.sml2.org/dash/0b4SVyP0IqI/media/chunk-stream9-00041.m4s
90 273328 273415 276558 556793 172.38173374613004 https://www.sml2.org/dash/0b4SVyP0IqI/media/chunk-stream9-00042.m4s
92 281069 281159 284415 528728 158.01793185893604 https://www.sml2.org/dash/0b4SVyP0IqI/media/chunk-stream9-00043.m4s
94 288928 289019 290833 412846 216.71706036745408 https://www.sml2.org/dash/0b4SVyP0IqI/media/chunk-stream9-00044.m4s
96 297346 297437 299084 363138 208.94016110471807 https://www.sml2.org/dash/0b4SVyP0IqI/media/chunk-stream9-00045.m4s
98 305095 305183 307902 667820 237.9123619522622 https://www.sml2.org/dash/0b4SVyP0IqI/media/chunk-stream9-00046.m4s
100 312915 313006 315125 534058 241.6552036199095 https://www.sml2.org/dash/0b4SVyP0IqI/media/chunk-stream9-00047.m4s
102 321138 321230 322777 408089 248.98657718120805 https://www.sml2.org/dash/0b4SVyP0IqI/media/chunk-stream9-00048.m4s
105 329289 329380 330694 481880 342.97508896797154 https://www.sml2.org/dash/0b4SVyP0IqI/media/chunk-stream9-00049.m4s
106 337212 337299 338637 416324 292.15719298245614 https://www.sml2.org/dash/0b4SVyP0IqI/media/chunk-stream9-00050.m4s
108 345149 345240 351313 1631241 264.64000648929266 https://www.sml2.org/dash/0b4SVyP0IqI/media/chunk-stream9-00051.m4s
110 353332 353421 356059 744677 273.07554088742205 https://www.sml2.org/dash/0b4SVyP0IqI/media/chunk-stream9-00052.m4s
112 361072 361157 364868 1116136 294.02950474183353 https://www.sml2.org/dash/0b4SVyP0IqI/media/chunk-stream9-00053.m4s
114 368884 368973 373847 1163749 234.48498891799315 https://www.sml2.org/dash/0b4SVyP0IqI/media/chunk-stream9-00054.m4s
117 376863 376951 380027 1020115 322.4130847029077 https://www.sml2.org/dash/0b4SVyP0IqI/media/chunk-stream9-00055.m4s
118 385048 385135 390435 1162946 215.88008167811398 https://www.sml2.org/dash/0b4SVyP0IqI/media/chunk-stream9-00056.m4s
120 392950 393045 398864 953667 161.2558336151505 https://www.sml2.org/dash/0b4SVyP0IqI/media/chunk-stream9-00057.m4s
122 400879 400970 403176 544129 236.88680888114934 https://www.sml2.org/dash/0b4SVyP0IqI/media/chunk-stream9-00058.m4s
124 409189 409278 416879 2231251 290.14967490247074 https://www.sml2.org/dash/0b4SVyP0IqI/media/chunk-stream9-00059.m4s
125 416908 416999 424578 1631833 212.75528031290744 https://www.sml2.org/dash/0b4SVyP0IqI/media/chunk-stream9-00060.m4s
128 425097 425656 430899 1196615 206.24181316787315 https://www.sml2.org/dash/0b4SVyP0IqI/media/chunk-stream9-00061.m4s
130 432914 433005 434305 306072 220.0373831775701 https://www.sml2.org/dash/0b4SVyP0IqI/media/chunk-stream9-00062.m4s
132 441317 441412 444279 376628 127.15327481431466 https://www.sml2.org/dash/0b4SVyP0IqI/media/chunk-stream9-00063.m4s
134 449290 449402 453675 297968 67.95165336374002 https://www.sml2.org/dash/0b4SVyP0IqI/media/chunk-stream9-00064.m4s
136 457184 457276 462399 1265145 242.59731543624162 https://www.sml2.org/dash/0b4SVyP0IqI/media/chunk-stream9-00065.m4s
138 464915 465002 468503 873641 243.4896878483835 https://www.sml2.org/dash/0b4SVyP0IqI/media/chunk-stream9-00066.m4s
140 473017 473106 476021 758736 252.5752330226365 https://www.sml2.org/dash/0b4SVyP0IqI/media/chunk-stream9-00067.m4s
142 481035 481123 484291 731551 224.67782555282557 https://www.sml2.org/dash/0b4SVyP0IqI/media/chunk-stream9-00068.m4s
144 489304 489393 492666 705855 209.9509220701963 https://www.sml2.org/dash/0b4SVyP0IqI/media/chunk-stream9-00069.m4s
146 497180 497272 499586 571589 237.5681629260183 https://www.sml2.org/dash/0b4SVyP0IqI/media/chunk-stream9-00070.m4s
148 505099 505183 508707 858077 237.8262195121951 https://www.sml2.org/dash/0b4SVyP0IqI/media/chunk-stream9-00071.m4s
150 513221 513307 516876 898107 245.72010943912449 https://www.sml2.org/dash/0b4SVyP0IqI/media/chunk-stream9-00072.m4s
153 520891 520983 524296 839558 246.5662261380323 https://www.sml2.org/dash/0b4SVyP0IqI/media/chunk-stream9-00073.m4s
154 529316 529405 530938 354972 218.84833538840937 https://www.sml2.org/dash/0b4SVyP0IqI/media/chunk-stream9-00074.m4s
156 536949 537038 539091 338830 158.18394024276378 https://www.sml2.org/dash/0b4SVyP0IqI/media/chunk-stream9-00075.m4s
158 545102 545188 547080 455583 230.32507583417595 https://www.sml2.org/dash/0b4SVyP0IqI/media/chunk-stream9-00076.m4s
160 553091 553181 556107 666931 221.13096816976127 https://www.sml2.org/dash/0b4SVyP0IqI/media/chunk-stream9-00077.m4s
162 561118 561207 562798 320439 190.7375 https://www.sml2.org/dash/0b4SVyP0IqI/media/chunk-stream9-00078.m4s
164 569317 569414 572898 405405 113.20999720748394 https://www.sml2.org/dash/0b4SVyP0IqI/media/chunk-stream9-00079.m4s
166 576908 577007 581376 504564 112.92837958818264 https://www.sml2.org/dash/0b4SVyP0IqI/media/chunk-stream9-00080.m4s
168 584886 584979 589371 625938 139.56254180602008 https://www.sml2.org/dash/0b4SVyP0IqI/media/chunk-stream9-00081.m4s
170 592882 592971 596149 589978 180.58708295071932 https://www.sml2.org/dash/0b4SVyP0IqI/media/chunk-stream9-00082.m4s
173 601164 601273 604588 540635 157.8957359813084 https://www.sml2.org/dash/0b4SVyP0IqI/media/chunk-stream9-00083.m4s
174 609107 609192 611025 407415 212.41657977059438 https://www.sml2.org/dash/0b4SVyP0IqI/media/chunk-stream9-00084.m4s
176 617036 617120 619719 595078 221.79575102497205 https://www.sml2.org/dash/0b4SVyP0IqI/media/chunk-stream9-00085.m4s
178 625232 625319 627988 646752 234.67053701015965 https://www.sml2.org/dash/0b4SVyP0IqI/media/chunk-stream9-00086.m4s
180 633001 633088 635232 543170 243.46481398476018 https://www.sml2.org/dash/0b4SVyP0IqI/media/chunk-stream9-00087.m4s
182 641246 641338 643073 474046 259.46688560481664 https://www.sml2.org/dash/0b4SVyP0IqI/media/chunk-stream9-00088.m4s
184 649087 649175 650140 343471 326.18328584995254 https://www.sml2.org/dash/0b4SVyP0IqI/media/chunk-stream9-00089.m4s
186 657151 657237 658305 329796 285.7850953206239 https://www.sml2.org/dash/0b4SVyP0IqI/media/chunk-stream9-00090.m4s
188 665315 665402 666824 352782 233.78528827037772 https://www.sml2.org/dash/0b4SVyP0IqI/media/chunk-stream9-00091.m4s
191 673339 673425 674799 365838 250.57397260273973 https://www.sml2.org/dash/0b4SVyP0IqI/media/chunk-stream9-00092.m4s
192 681315 681400 682486 328517 280.54397950469684 https://www.sml2.org/dash/0b4SVyP0IqI/media/chunk-stream9-00093.m4s
194 688997 689086 690377 305755 221.56159420289856 https://www.sml2.org/dash/0b4SVyP0IqI/media/chunk-stream9-00094.m4s
197 696890 696979 698890 637716 318.858 https://www.sml2.org/dash/0b4SVyP0IqI/media/chunk-stream9-00095.m4s
198 704908 704991 706925 446181 221.21021318790284 https://www.sml2.org/dash/0b4SVyP0IqI/media/chunk-stream9-00096.m4s
200 712941 713025 716301 373596 111.18928571428572 https://www.sml2.org/dash/0b4SVyP0IqI/media/chunk-stream9-00097.m4s
202 721312 721399 722870 346385 222.32670089858794 https://www.sml2.org/dash/0b4SVyP0IqI/media/chunk-stream9-00098.m4s
204 728882 728968 733244 1332161 305.4014213663457 https://www.sml2.org/dash/0b4SVyP0IqI/media/chunk-stream9-00099.m4s
206 737262 737356 739355 466614 222.94027711419017 https://www.sml2.org/dash/0b4SVyP0IqI/media/chunk-stream9-00100.m4s
209 744865 744955 747037 526232 242.27992633517496 https://www.sml2.org/dash/0b4SVyP0IqI/media/chunk-stream9-00101.m4s
210 753055 753142 754955 440391 231.78473684210527 https://www.sml2.org/dash/0b4SVyP0IqI/media/chunk-stream9-00102.m4s
212 760966 761065 764261 425509 129.13778452200305 https://www.sml2.org/dash/0b4SVyP0IqI/media/chunk-stream9-00103.m4s
214 769272 769383 775502 416043 66.78057784911718 https://www.sml2.org/dash/0b4SVyP0IqI/media/chunk-stream9-00104.m4s
216 777011 777408 779423 460714 191.00912106135988 https://www.sml2.org/dash/0b4SVyP0IqI/media/chunk-stream9-00105.m4s
218 784936 785021 787257 555413 239.2990090478242 https://www.sml2.org/dash/0b4SVyP0IqI/media/chunk-stream9-00106.m4s
220 793269 793361 795509 547915 244.60491071428572 https://www.sml2.org/dash/0b4SVyP0IqI/media/chunk-stream9-00107.m4s
222 801021 801114 803459 544269 223.24405250205086 https://www.sml2.org/dash/0b4SVyP0IqI/media/chunk-stream9-00108.m4s
225 808973 809061 812496 767093 217.73857507805846 https://www.sml2.org/dash/0b4SVyP0IqI/media/chunk-stream9-00109.m4s
226 817012 817103 818592 370848 234.7139240506329 https://www.sml2.org/dash/0b4SVyP0IqI/media/chunk-stream9-00110.m4s
229 825104 825188 826472 340402 248.83187134502924 https://www.sml2.org/dash/0b4SVyP0IqI/media/chunk-stream9-00111.m4s
230 832987 833072 835677 727544 270.4624535315985 https://www.sml2.org/dash/0b4SVyP0IqI/media/chunk-stream9-00112.m4s
232 841200 841288 844807 896097 248.4327696146382 https://www.sml2.org/dash/0b4SVyP0IqI/media/chunk-stream9-00113.m4s
234 849322 849409 851864 590632 232.34933123524783 https://www.sml2.org/dash/0b4SVyP0IqI/media/chunk-stream9-00114.m4s
236 856877 856963 859129 359243 159.52175843694494 https://www.sml2.org/dash/0b4SVyP0IqI/media/chunk-stream9-00115.m4s
238 865138 865226 867222 487625 233.9851247600768 https://www.sml2.org/dash/0b4SVyP0IqI/media/chunk-stream9-00116.m4s
240 873234 873324 876131 640336 221.03417328270623 https://www.sml2.org/dash/0b4SVyP0IqI/media/chunk-stream9-00117.m4s
242 881144 881230 883201 393426 191.2620320855615 https://www.sml2.org/dash/0b4SVyP0IqI/media/chunk-stream9-00118.m4s
244 889212 889310 892718 400475 114.22561323445522 https://www.sml2.org/dash/0b4SVyP0IqI/media/chunk-stream9-00119.m4s
246 897229 897330 900924 414718 112.23761840324764 https://www.sml2.org/dash/0b4SVyP0IqI/media/chunk-stream9-00120.m4s
248 904933 905021 908496 439459 123.33960145944428 https://www.sml2.org/dash/0b4SVyP0IqI/media/chunk-stream9-00121.m4s
251 913007 913093 915156 391918 182.37226617031178 https://www.sml2.org/dash/0b4SVyP0IqI/media/chunk-stream9-00122.m4s
252 921176 921276 923610 394639 162.13599013968775 https://www.sml2.org/dash/0b4SVyP0IqI/media/chunk-stream9-00123.m4s
254 929120 929209 930874 360571 205.57069555302166 https://www.sml2.org/dash/0b4SVyP0IqI/media/chunk-stream9-00124.m4s
256 936887 936973 938331 363383 251.65027700831024 https://www.sml2.org/dash/0b4SVyP0IqI/media/chunk-stream9-00125.m4s
259 945344 945430 947128 390652 218.97533632286996 https://www.sml2.org/dash/0b4SVyP0IqI/media/chunk-stream9-00126.m4s
260 953143 953232 956756 886456 245.35178522003875 https://www.sml2.org/dash/0b4SVyP0IqI/media/chunk-stream9-00127.m4s
263 961270 961359 965719 1183123 265.9300966509328 https://www.sml2.org/dash/0b4SVyP0IqI/media/chunk-stream9-00128.m4s
264 969246 969333 971640 773770 323.21219715956556 https://www.sml2.org/dash/0b4SVyP0IqI/media/chunk-stream9-00129.m4s
267 977153 977241 979675 798563 316.63877874702615 https://www.sml2.org/dash/0b4SVyP0IqI/media/chunk-stream9-00130.m4s
268 985194 985289 987806 639182 244.70980091883615 https://www.sml2.org/dash/0b4SVyP0IqI/media/chunk-stream9-00131.m4s
271 993319 993407 996036 741499 272.91093117408906 https://www.sml2.org/dash/0b4SVyP0IqI/media/chunk-stream9-00132.m4s
272 1001053 1001139 1003611 806194 315.1657544956998 https://www.sml2.org/dash/0b4SVyP0IqI/media/chunk-stream9-00133.m4s
274 1009133 1009222 1012755 838654 231.54445057979018 https://www.sml2.org/dash/0b4SVyP0IqI/media/chunk-stream9-00134.m4s
276 1017271 1017359 1019302 680806 335.20728705071394 https://www.sml2.org/dash/0b4SVyP0IqI/media/chunk-stream9-00135.m4s
278 1025316 1025408 1028173 687349 240.58417920896045 https://www.sml2.org/dash/0b4SVyP0IqI/media/chunk-stream9-00136.m4s
280 1033191 1033276 1038351 787742 152.66317829457364 https://www.sml2.org/dash/0b4SVyP0IqI/media/chunk-stream9-00137.m4s
282 1040865 1040956 1045486 1108147 239.80675178532786 https://www.sml2.org/dash/0b4SVyP0IqI/media/chunk-stream9-00138.m4s
284 1049000 1049086 1052627 1038484 286.32037496553625 https://www.sml2.org/dash/0b4SVyP0IqI/media/chunk-stream9-00139.m4s
286 1057144 1057234 1061325 958494 229.2499402056924 https://www.sml2.org/dash/0b4SVyP0IqI/media/chunk-stream9-00140.m4s
289 1065340 1065431 1070221 1098301 225.01557057979923 https://www.sml2.org/dash/0b4SVyP0IqI/media/chunk-stream9-00141.m4s
290 1073239 1073324 1076645 783998 230.1814445096888 https://www.sml2.org/dash/0b4SVyP0IqI/media/chunk-stream9-00142.m4s
292 1081159 1081255 1099415 1888991 103.47233786152498 https://www.sml2.org/dash/0b4SVyP0IqI/media/chunk-stream9-00143.m4s
293 1099443 1099532 1109885 2468810 236.43076039072974 https://www.sml2.org/dash/0b4SVyP0IqI/media/chunk-stream7-00144.m4s
296 1109910 1110687 1112820 525649 180.63539518900345 https://www.sml2.org/dash/0b4SVyP0IqI/media/chunk-stream9-00145.m4s
298 1112832 1113616 1117684 1132410 233.39035449299257 https://www.sml2.org/dash/0b4SVyP0IqI/media/chunk-stream9-00146.m4s
299 1117700 1117789 1120158 614930 250.17493897477624 https://www.sml2.org/dash/0b4SVyP0IqI/media/chunk-stream9-00147.m4s
302 1121169 1121929 1124226 542230 177.37324174026824 https://www.sml2.org/dash/0b4SVyP0IqI/media/chunk-stream9-00148.m4s
304 1129237 1129326 1131205 355186 180.48069105691056 https://www.sml2.org/dash/0b4SVyP0IqI/media/chunk-stream9-00149.m4s
306 1137216 1137298 1138694 346776 234.62516914749662 https://www.sml2.org/dash/0b4SVyP0IqI/media/chunk-stream9-00150.m4s
309 1145206 1145292 1146924 409132 238.14435389988358 https://www.sml2.org/dash/0b4SVyP0IqI/media/chunk-stream9-00151.m4s
310 1152939 1153023 1154271 347481 260.8716216216216 https://www.sml2.org/dash/0b4SVyP0IqI/media/chunk-stream9-00152.m4s
312 1161282 1161368 1162790 350501 232.42771883289126 https://www.sml2.org/dash/0b4SVyP0IqI/media/chunk-stream9-00153.m4s
314 1169303 1169388 1170919 353926 219.01361386138615 https://www.sml2.org/dash/0b4SVyP0IqI/media/chunk-stream9-00154.m4s
317 1176931 1177022 1179158 353202 158.59991019308487 https://www.sml2.org/dash/0b4SVyP0IqI/media/chunk-stream9-00155.m4s
318 1185175 1185260 1186805 351234 215.48098159509203 https://www.sml2.org/dash/0b4SVyP0IqI/media/chunk-stream9-00156.m4s
320 1193315 1193402 1194973 356290 214.89143546441497 https://www.sml2.org/dash/0b4SVyP0IqI/media/chunk-stream9-00157.m4s
322 1200985 1201071 1203028 396970 194.30739109153205 https://www.sml2.org/dash/0b4SVyP0IqI/media/chunk-stream9-00158.m4s
324 1209039 1209145 1214507 577930 105.69312362838332 https://www.sml2.org/dash/0b4SVyP0IqI/media/chunk-stream9-00159.m4s
326 1217021 1217119 1221877 548013 112.85275947281713 https://www.sml2.org/dash/0b4SVyP0IqI/media/chunk-stream9-00160.m4s
328 1224888 1224980 1228829 501300 127.20121796498351 https://www.sml2.org/dash/0b4SVyP0IqI/media/chunk-stream9-00161.m4s
330 1233339 1233432 1235371 341857 168.23671259842519 https://www.sml2.org/dash/0b4SVyP0IqI/media/chunk-stream9-00162.m4s
332 1240882 1240968 1243432 393328 154.24627450980392 https://www.sml2.org/dash/0b4SVyP0IqI/media/chunk-stream9-00163.m4s
334 1248943 1249030 1250979 448286 220.17976424361493 https://www.sml2.org/dash/0b4SVyP0IqI/media/chunk-stream9-00164.m4s
336 1256990 1257075 1260479 852714 244.40068787618227 https://www.sml2.org/dash/0b4SVyP0IqI/media/chunk-stream9-00165.m4s
338 1264992 1265083 1267377 563958 236.46037735849058 https://www.sml2.org/dash/0b4SVyP0IqI/media/chunk-stream9-00166.m4s
340 1272889 1272978 1276327 843951 245.47731239092496 https://www.sml2.org/dash/0b4SVyP0IqI/media/chunk-stream9-00167.m4s
342 1281342 1281432 1285332 1050646 263.3197994987469 https://www.sml2.org/dash/0b4SVyP0IqI/media/chunk-stream9-00168.m4s
344 1289347 1289437 1292559 1021573 318.0488792029888 https://www.sml2.org/dash/0b4SVyP0IqI/media/chunk-stream9-00169.m4s
346 1297074 1297164 1299233 670392 310.5104214914312 https://www.sml2.org/dash/0b4SVyP0IqI/media/chunk-stream9-00170.m4s
348 1305247 1305337 1308973 940453 252.40284487385938 https://www.sml2.org/dash/0b4SVyP0IqI/media/chunk-stream9-00171.m4s
350 1312986 1313073 1314646 437138 263.3361445783133 https://www.sml2.org/dash/0b4SVyP0IqI/media/chunk-stream9-00172.m4s
352 1321159 1321245 1323670 781238 311.126244524094 https://www.sml2.org/dash/0b4SVyP0IqI/media/chunk-stream9-00173.m4s
354 1329185 1329272 1334069 1151017 235.6709664209664 https://www.sml2.org/dash/0b4SVyP0IqI/media/chunk-stream9-00174.m4s
356 1337083 1337170 1341039 1329388 336.04347826086956 https://www.sml2.org/dash/0b4SVyP0IqI/media/chunk-stream9-00175.m4s
358 1345055 1345141 1347765 630592 232.69077490774907 https://www.sml2.org/dash/0b4SVyP0IqI/media/chunk-stream9-00176.m4s
360 1353277 1353363 1357218 523571 132.8523217457498 https://www.sml2.org/dash/0b4SVyP0IqI/media/chunk-stream9-00177.m4s
362 1361229 1361316 1363352 496833 234.02402260951484 https://www.sml2.org/dash/0b4SVyP0IqI/media/chunk-stream9-00178.m4s
364 1368865 1368950 1370996 528088 247.8122946973252 https://www.sml2.org/dash/0b4SVyP0IqI/media/chunk-stream9-00179.m4s
366 1377007 1377098 1379205 481072 218.8680618744313 https://www.sml2.org/dash/0b4SVyP0IqI/media/chunk-stream9-00180.m4s
368 1385217 1385303 1393195 1772860 222.21860115317122 https://www.sml2.org/dash/0b4SVyP0IqI/media/chunk-stream9-00181.m4s
369 1393216 1393303 1418478 3002719 118.86307497426965 https://www.sml2.org/dash/0b4SVyP0IqI/media/chunk-stream9-00182.m4s
371 1418511 1418597 1425151 1554833 234.16159638554217 https://www.sml2.org/dash/0b4SVyP0IqI/media/chunk-stream7-00183.m4s
373 1425176 1425562 1437241 2858676 236.9395772896809 https://www.sml2.org/dash/0b4SVyP0IqI/media/chunk-stream7-00184.m4s
376 1437277 1437974 1445168 1741712 220.72132809529845 https://www.sml2.org/dash/0b4SVyP0IqI/media/chunk-stream9-00185.m4s
377 1445193 1445283 1459115 3268341 234.7608820571757 https://www.sml2.org/dash/0b4SVyP0IqI/media/chunk-stream9-00186.m4s
379 1459147 1459239 1468377 2158782 233.8875406283857 https://www.sml2.org/dash/0b4SVyP0IqI/media/chunk-stream9-00187.m4s
381 1468414 1468503 1472835 1097040 248.1429540827867 https://www.sml2.org/dash/0b4SVyP0IqI/media/chunk-stream9-00188.m4s
383 1472857 1473660 1478588 1252243 218.50340254754843 https://www.sml2.org/dash/0b4SVyP0IqI/media/chunk-stream9-00189.m4s
385 1478612 1479260 1492557 3170555 227.36141986375046 https://www.sml2.org/dash/0b4SVyP0IqI/media/chunk-stream9-00190.m4s
387 1492590 1492679 1499212 985069 148.75702204771972 https://www.sml2.org/dash/0b4SVyP0IqI/media/chunk-stream9-00191.m4s
389 1499231 1500576 1508499 1600542 172.6955114372033 https://www.sml2.org/dash/0b4SVyP0IqI/media/chunk-stream9-00192.m4s
391 1508521 1508625 1510307 508129 284.506718924972 https://www.sml2.org/dash/0b4SVyP0IqI/media/chunk-stream9-00193.m4s
393 1510322 1511142 1521960 2316785 199.0707166179756 https://www.sml2.org/dash/0b4SVyP0IqI/media/chunk-stream9-00194.m4s
395 1521987 1522076 1529907 1178961 148.8587121212121 https://www.sml2.org/dash/0b4SVyP0IqI/media/chunk-stream9-00195.m4s
397 1529929 1531324 1539854 874149 88.07546599496222 https://www.sml2.org/dash/0b4SVyP0IqI/media/chunk-stream9-00196.m4s
399 1539870 1541827 1545145 461343 87.45838862559242 https://www.sml2.org/dash/0b4SVyP0IqI/media/chunk-stream9-00197.m4s
401 1545158 1546653 1565598 2945919 144.12519569471624 https://www.sml2.org/dash/0b4SVyP0IqI/media/chunk-stream9-00198.m4s
403 1565631 1565722 1569800 943540 226.32285919884865 https://www.sml2.org/dash/0b4SVyP0IqI/media/chunk-stream7-00199.m4s
405 1569816 1571005 1581309 2551918 222.04106847646395 https://www.sml2.org/dash/0b4SVyP0IqI/media/chunk-stream7-00200.m4s
407 1581340 1581429 1588615 1792174 246.346941580756 https://www.sml2.org/dash/0b4SVyP0IqI/media/chunk-stream7-00201.m4s
409 1588638 1588725 1596417 1707950 219.5590692891117 https://www.sml2.org/dash/0b4SVyP0IqI/media/chunk-stream7-00202.m4s
412 1596440 1597188 1611061 3959061 270.77908487791535 https://www.sml2.org/dash/0b4SVyP0IqI/media/chunk-stream7-00203.m4s
413 1611101 1611187 1616403 1495817 282.12316107129385 https://www.sml2.org/dash/0b4SVyP0IqI/media/chunk-stream7-00204.m4s
415 1616424 1616866 1622767 1672148 263.62099952703767 https://www.sml2.org/dash/0b4SVyP0IqI/media/chunk-stream7-00205.m4s
417 1622790 1622877 1624001 344076 284.1255161023947 https://www.sml2.org/dash/0b4SVyP0IqI/media/chunk-stream7-00206.m4s
419 1624019 1624802 1627872 780486 202.5657928886582 https://www.sml2.org/dash/0b4SVyP0IqI/media/chunk-stream9-00207.m4s
421 1627891 1628626 1630237 430419 183.4693094629156 https://www.sml2.org/dash/0b4SVyP0IqI/media/chunk-stream9-00208.m4s
423 1630252 1630922 1632284 409085 201.32135826771653 https://www.sml2.org/dash/0b4SVyP0IqI/media/chunk-stream9-00209.m4s
425 1632296 1632937 1634967 573187 214.59640584050916 https://www.sml2.org/dash/0b4SVyP0IqI/media/chunk-stream9-00210.m4s
427 1634984 1635666 1637196 494520 223.5623869801085 https://www.sml2.org/dash/0b4SVyP0IqI/media/chunk-stream9-00211.m4s
429 1637211 1637877 1640655 967707 280.98344947735194 https://www.sml2.org/dash/0b4SVyP0IqI/media/chunk-stream9-00212.m4s
431 1640674 1641190 1642740 493872 239.04743465634076 https://www.sml2.org/dash/0b4SVyP0IqI/media/chunk-stream9-00213.m4s
434 1649253 1649345 1651382 462866 217.4100516674495 https://www.sml2.org/dash/0b4SVyP0IqI/media/chunk-stream9-00214.m4s
436 1656902 1656990 1658361 448036 307.08430431802606 https://www.sml2.org/dash/0b4SVyP0IqI/media/chunk-stream9-00215.m4s
438 1664872 1664961 1667069 490552 223.28265817023214 https://www.sml2.org/dash/0b4SVyP0IqI/media/chunk-stream9-00216.m4s
440 1673080 1673166 1683035 2001350 201.03967855349072 https://www.sml2.org/dash/0b4SVyP0IqI/media/chunk-stream9-00217.m4s
441 1683058 1683150 1692232 2212144 241.13189448441247 https://www.sml2.org/dash/0b4SVyP0IqI/media/chunk-stream9-00218.m4s
444 1692262 1692761 1694779 646235 256.7481128327374 https://www.sml2.org/dash/0b4SVyP0IqI/media/chunk-stream9-00219.m4s
446 1697295 1697389 1700192 661608 228.37694166379012 https://www.sml2.org/dash/0b4SVyP0IqI/media/chunk-stream9-00220.m4s
448 1705205 1705289 1709387 923925 220.92898134863702 https://www.sml2.org/dash/0b4SVyP0IqI/media/chunk-stream9-00221.m4s
450 1712899 1712989 1714982 481570 231.19059049447912 https://www.sml2.org/dash/0b4SVyP0IqI/media/chunk-stream9-00222.m4s
452 1720993 1721086 1730583 919022 95.83128258602711 https://www.sml2.org/dash/0b4SVyP0IqI/media/chunk-stream9-00223.m4s
453 1730602 1730702 1738444 762213 97.19625095638868 https://www.sml2.org/dash/0b4SVyP0IqI/media/chunk-stream9-00224.m4s
455 1738461 1739324 1744027 1189329 213.67750628817822 https://www.sml2.org/dash/0b4SVyP0IqI/media/chunk-stream9-00225.m4s
458 1745042 1745686 1747896 540592 189.4155571128241 https://www.sml2.org/dash/0b4SVyP0IqI/media/chunk-stream9-00226.m4s
460 1752912 1753002 1759877 1842979 264.6057430007179 https://www.sml2.org/dash/0b4SVyP0IqI/media/chunk-stream9-00227.m4s
462 1760909 1761080 1763192 479250 209.92115637319316 https://www.sml2.org/dash/0b4SVyP0IqI/media/chunk-stream9-00228.m4s
464 1769204 1769292 1772323 654428 209.8198140429625 https://www.sml2.org/dash/0b4SVyP0IqI/media/chunk-stream9-00229.m4s
466 1777335 1777421 1779626 543743 237.3387167175906 https://www.sml2.org/dash/0b4SVyP0IqI/media/chunk-stream9-00230.m4s
469 1785138 1785222 1790465 1316575 247.15130467430072 https://www.sml2.org/dash/0b4SVyP0IqI/media/chunk-stream9-00231.m4s
470 1792984 1793071 1794963 537463 271.58312278928753 https://www.sml2.org/dash/0b4SVyP0IqI/media/chunk-stream9-00232.m4s
472 1800974 1801068 1803605 630188 239.52413530976816 https://www.sml2.org/dash/0b4SVyP0IqI/media/chunk-stream9-00233.m4s
475 1809117 1809205 1812820 858076 231.72454766405616 https://www.sml2.org/dash/0b4SVyP0IqI/media/chunk-stream9-00234.m4s
476 1817339 1817432 1823071 844224 147.28262386601534 https://www.sml2.org/dash/0b4SVyP0IqI/media/chunk-stream9-00235.m4s
478 1825085 1825173 1834860 2498126 255.56276214833758 https://www.sml2.org/dash/0b4SVyP0IqI/media/chunk-stream9-00236.m4s
479 1834890 1834980 1868076 4708161 141.8719038148617 https://www.sml2.org/dash/0b4SVyP0IqI/media/chunk-stream9-00237.m4s
481 1868137 1868236 1870176 390459 191.4953408533595 https://www.sml2.org/dash/0b4SVyP0IqI/media/chunk-stream7-00238.m4s
483 1870191 1871210 1873558 404182 120.04217404217404 https://www.sml2.org/dash/0b4SVyP0IqI/media/chunk-stream9-00239.m4s
485 1873572 1874682 1878425 640114 131.90067999175767 https://www.sml2.org/dash/0b4SVyP0IqI/media/chunk-stream9-00240.m4s
487 1878442 1879767 1884485 738600 122.22406089690551 https://www.sml2.org/dash/0b4SVyP0IqI/media/chunk-stream9-00241.m4s
489 1884501 1885648 1890388 1042476 177.08102598946832 https://www.sml2.org/dash/0b4SVyP0IqI/media/chunk-stream9-00242.m4s
491 1890406 1891327 1895834 1260322 232.18901989683124 https://www.sml2.org/dash/0b4SVyP0IqI/media/chunk-stream9-00243.m4s
493 1895853 1896520 1901237 1187099 220.48644130757802 https://www.sml2.org/dash/0b4SVyP0IqI/media/chunk-stream9-00244.m4s
495 1901256 1902041 1904856 870067 241.68527777777777 https://www.sml2.org/dash/0b4SVyP0IqI/media/chunk-stream9-00245.m4s
497 1904871 1905480 1908801 813081 206.89083969465648 https://www.sml2.org/dash/0b4SVyP0IqI/media/chunk-stream9-00246.m4s
500 1913321 1913408 1917830 1144447 253.81392770015523 https://www.sml2.org/dash/0b4SVyP0IqI/media/chunk-stream9-00247.m4s
503 1921345 1921434 1925932 1225712 267.2143012862437 https://www.sml2.org/dash/0b4SVyP0IqI/media/chunk-stream9-00248.m4s
504 1928953 1929041 1932843 1241935 319.2634961439589 https://www.sml2.org/dash/0b4SVyP0IqI/media/chunk-stream9-00249.m4s
506 1936859 1936945 1939484 830944 316.55009523809525 https://www.sml2.org/dash/0b4SVyP0IqI/media/chunk-stream9-00250.m4s
508 1944999 1945090 1952568 2032988 268.5940018496499 https://www.sml2.org/dash/0b4SVyP0IqI/media/chunk-stream9-00251.m4s
510 1953088 1953340 1955586 617949 247.37750200160127 https://www.sml2.org/dash/0b4SVyP0IqI/media/chunk-stream9-00252.m4s
512 1961098 1961186 1965725 1295297 279.943159714718 https://www.sml2.org/dash/0b4SVyP0IqI/media/chunk-stream9-00253.m4s
514 1969241 1969327 1973614 1007273 230.33912645780927 https://www.sml2.org/dash/0b4SVyP0IqI/media/chunk-stream9-00254.m4s
517 1977128 1977219 1978984 608134 327.6584051724138 https://www.sml2.org/dash/0b4SVyP0IqI/media/chunk-stream9-00255.m4s
518 1985001 1985090 1991627 1321875 199.49818895261092 https://www.sml2.org/dash/0b4SVyP0IqI/media/chunk-stream9-00256.m4s
520 1993144 1993255 2000723 1418331 187.1395962528038 https://www.sml2.org/dash/0b4SVyP0IqI/media/chunk-stream9-00257.m4s
521 2000743 2000830 2011184 2437201 233.42601283401973 https://www.sml2.org/dash/0b4SVyP0IqI/media/chunk-stream9-00258.m4s
523 2011213 2011298 2012745 512017 334.21475195822455 https://www.sml2.org/dash/0b4SVyP0IqI/media/chunk-stream9-00259.m4s
526 2017256 2017346 2024138 1583571 230.10331299040976 https://www.sml2.org/dash/0b4SVyP0IqI/media/chunk-stream9-00260.m4s
528 2025157 2025354 2036883 2619048 223.3539143783046 https://www.sml2.org/dash/0b4SVyP0IqI/media/chunk-stream9-00261.m4s
529 2036911 2037002 2043848 1020909 147.16866080438228 https://www.sml2.org/dash/0b4SVyP0IqI/media/chunk-stream9-00262.m4s
531 2043867 2045472 2057917 999530 71.14092526690392 https://www.sml2.org/dash/0b4SVyP0IqI/media/chunk-stream9-00263.m4s
533 2057937 2058816 2062681 980477 206.6772765598651 https://www.sml2.org/dash/0b4SVyP0IqI/media/chunk-stream9-00264.m4s
535 2062701 2063527 2065403 482994 178.75425610658772 https://www.sml2.org/dash/0b4SVyP0IqI/media/chunk-stream9-00265.m4s
537 2065422 2066228 2074809 2022321 215.4384787472036 https://www.sml2.org/dash/0b4SVyP0IqI/media/chunk-stream9-00266.m4s
539 2074844 2074930 2076545 439225 258.21575543797763 https://www.sml2.org/dash/0b4SVyP0IqI/media/chunk-stream9-00267.m4s
542 2081057 2081144 2083037 425513 214.90555555555557 https://www.sml2.org/dash/0b4SVyP0IqI/media/chunk-stream9-00268.m4s
544 2089051 2089138 2091274 433005 194.78407557354925 https://www.sml2.org/dash/0b4SVyP0IqI/media/chunk-stream9-00269.m4s
546 2097287 2097373 2099224 457724 236.3056272586474 https://www.sml2.org/dash/0b4SVyP0IqI/media/chunk-stream9-00270.m4s
548 2105236 2105323 2110070 1168785 241.78423665701283 https://www.sml2.org/dash/0b4SVyP0IqI/media/chunk-stream9-00271.m4s
550 2113086 2113168 2130042 4338914 255.89254541165369 https://www.sml2.org/dash/0b4SVyP0IqI/media/chunk-stream9-00272.m4s
551 2130081 2130175 2132951 665967 232.04425087108015 https://www.sml2.org/dash/0b4SVyP0IqI/media/chunk-stream9-00273.m4s
553 2132969 2133992 2146194 1864955 141.01739130434783 https://www.sml2.org/dash/0b4SVyP0IqI/media/chunk-stream9-00274.m4s
555 2146220 2146306 2148527 612369 265.43953185955786 https://www.sml2.org/dash/0b4SVyP0IqI/media/chunk-stream9-00275.m4s
557 2148543 2149172 2158654 2183818 215.98437345465334 https://www.sml2.org/dash/0b4SVyP0IqI/media/chunk-stream9-00276.m4s
560 2158680 2159594 2176778 2363230 130.57962205768592 https://www.sml2.org/dash/0b4SVyP0IqI/media/chunk-stream9-00277.m4s
561 2176804 2176902 2196093 2635128 136.61299186064596 https://www.sml2.org/dash/0b4SVyP0IqI/media/chunk-stream9-00278.m4s
563 2196121 2196207 2203357 1150812 159.03980099502488 https://www.sml2.org/dash/0b4SVyP0IqI/media/chunk-stream9-00279.m4s
565 2203379 2204657 2207844 516785 115.74132138857783 https://www.sml2.org/dash/0b4SVyP0IqI/media/chunk-stream9-00280.m4s
567 2207857 2208516 2217897 2367773 235.8339641434263 https://www.sml2.org/dash/0b4SVyP0IqI/media/chunk-stream9-00281.m4s
569 2217927 2218013 2220229 508540 220.91225021720243 https://www.sml2.org/dash/0b4SVyP0IqI/media/chunk-stream9-00282.m4s
571 2220247 2221018 2231865 2676680 230.39077293854365 https://www.sml2.org/dash/0b4SVyP0IqI/media/chunk-stream9-00283.m4s
574 2231895 2232671 2242828 2672489 244.44242202506175 https://www.sml2.org/dash/0b4SVyP0IqI/media/chunk-stream9-00284.m4s
575 2242861 2242952 2246213 895898 267.2726730310263 https://www.sml2.org/dash/0b4SVyP0IqI/media/chunk-stream9-00285.m4s
577 2246235 2246972 2249884 889655 243.80789257330775 https://www.sml2.org/dash/0b4SVyP0IqI/media/chunk-stream9-00286.m4s
579 2249903 2250405 2258762 2337211 263.8233434924935 https://www.sml2.org/dash/0b4SVyP0IqI/media/chunk-stream9-00287.m4s
581 2258797 2258884 2269352 2789136 264.24784462340125 https://www.sml2.org/dash/0b4SVyP0IqI/media/chunk-stream7-00288.m4s
583 2269387 2269475 2273248 1120520 290.2149702149702 https://www.sml2.org/dash/0b4SVyP0IqI/media/chunk-stream7-00289.m4s
585 2273271 2273963 2275819 519865 204.02864992150705 https://www.sml2.org/dash/0b4SVyP0IqI/media/chunk-stream9-00290.m4s
587 2275834 2276450 2283954 2291412 282.1935960591133 https://www.sml2.org/dash/0b4SVyP0IqI/media/chunk-stream9-00291.m4s
589 2283990 2284081 2286102 463963 219.67945075757575 https://www.sml2.org/dash/0b4SVyP0IqI/media/chunk-stream9-00292.m4s
591 2286116 2286938 2292175 1281039 211.4274632777686 https://www.sml2.org/dash/0b4SVyP0IqI/media/chunk-stream9-00293.m4s
593 2292196 2293017 2298693 1529114 235.3569339695244 https://www.sml2.org/dash/0b4SVyP0IqI/media/chunk-stream9-00294.m4s
595 2298723 2299024 2311571 3067449 238.74914383561645 https://www.sml2.org/dash/0b4SVyP0IqI/media/chunk-stream7-00295.m4s
597 2311606 2311694 2323337 2087773 177.97059074247719 https://www.sml2.org/dash/0b4SVyP0IqI/media/chunk-stream9-00296.m4s
599 2323367 2323457 2334225 2839305 261.49428992447963 https://www.sml2.org/dash/0b4SVyP0IqI/media/chunk-stream9-00297.m4s
601 2334254 2334343 2337970 890775 239.71340150699677 https://www.sml2.org/dash/0b4SVyP0IqI/media/chunk-stream9-00298.m4s
603 2337987 2338866 2342643 884379 189.94394329896906 https://www.sml2.org/dash/0b4SVyP0IqI/media/chunk-stream9-00299.m4s
605 2342663 2343612 2346237 724067 202.5928931169558 https://www.sml2.org/dash/0b4SVyP0IqI/media/chunk-stream9-00300.m4s
607 2346257 2347078 2360771 2606765 179.60348628910018 https://www.sml2.org/dash/0b4SVyP0IqI/media/chunk-stream9-00301.m4s
609 2360801 2360898 2365131 558911 129.078752886836 https://www.sml2.org/dash/0b4SVyP0IqI/media/chunk-stream9-00302.m4s
611 2365144 2368070 2377124 658899 54.999916527545906 https://www.sml2.org/dash/0b4SVyP0IqI/media/chunk-stream9-00303.m4s
613 2377140 2378035 2381325 850090 203.1278375149343 https://www.sml2.org/dash/0b4SVyP0IqI/media/chunk-stream9-00304.m4s
615 2381348 2382208 2384148 463993 165.71178571428572 https://www.sml2.org/dash/0b4SVyP0IqI/media/chunk-stream9-00305.m4s
618 2385163 2385821 2388353 624238 195.6858934169279 https://www.sml2.org/dash/0b4SVyP0IqI/media/chunk-stream9-00306.m4s
620 2392870 2392960 2394470 404034 252.52125 https://www.sml2.org/dash/0b4SVyP0IqI/media/chunk-stream9-00307.m4s
622 2400981 2401069 2402746 365491 207.0770538243626 https://www.sml2.org/dash/0b4SVyP0IqI/media/chunk-stream9-00308.m4s
624 2409259 2409347 2413329 918823 225.75503685503685 https://www.sml2.org/dash/0b4SVyP0IqI/media/chunk-stream9-00309.m4s
626 2417342 2417430 2427913 2692050 254.66370258253713 https://www.sml2.org/dash/0b4SVyP0IqI/media/chunk-stream9-00310.m4s
627 2427943 2428033 2436093 1877033 230.31079754601228 https://www.sml2.org/dash/0b4SVyP0IqI/media/chunk-stream9-00311.m4s
629 2436120 2436210 2440901 1108876 231.93390504078644 https://www.sml2.org/dash/0b4SVyP0IqI/media/chunk-stream9-00312.m4s
631 2440921 2441610 2447170 1467488 234.83565370459274 https://www.sml2.org/dash/0b4SVyP0IqI/media/chunk-stream9-00313.m4s
634 2449189 2449278 2451162 442168 224.10947795235683 https://www.sml2.org/dash/0b4SVyP0IqI/media/chunk-stream9-00314.m4s
636 2457173 2457262 2460150 464433 156.00705408128988 https://www.sml2.org/dash/0b4SVyP0IqI/media/chunk-stream9-00315.m4s
638 2465164 2465253 2467072 433644 227.27672955974842 https://www.sml2.org/dash/0b4SVyP0IqI/media/chunk-stream9-00316.m4s
640 2473082 2473172 2475193 458710 217.29512079583137 https://www.sml2.org/dash/0b4SVyP0IqI/media/chunk-stream9-00317.m4s
642 2481204 2481288 2483465 433048 191.52941176470588 https://www.sml2.org/dash/0b4SVyP0IqI/media/chunk-stream9-00318.m4s
645 2488976 2489086 2493063 451973 110.5879618301933 https://www.sml2.org/dash/0b4SVyP0IqI/media/chunk-stream9-00319.m4s
646 2497076 2497168 2500839 425752 113.1416423066702 https://www.sml2.org/dash/0b4SVyP0IqI/media/chunk-stream9-00320.m4s
649 2505349 2505439 2509032 456320 123.89899538419766 https://www.sml2.org/dash/0b4SVyP0IqI/media/chunk-stream9-00321.m4s
650 2513049 2513135 2515599 453207 177.72823529411764 https://www.sml2.org/dash/0b4SVyP0IqI/media/chunk-stream9-00322.m4s
652 2521111 2521201 2524026 466446 160.0157804459691 https://www.sml2.org/dash/0b4SVyP0IqI/media/chunk-stream9-00323.m4s
654 2529040 2529124 2531079 446223 218.84404119666505 https://www.sml2.org/dash/0b4SVyP0IqI/media/chunk-stream9-00324.m4s
656 2537091 2537183 2590984 14946621 277.3388195127382 https://www.sml2.org/dash/0b4SVyP0IqI/media/chunk-stream9-00325.m4s
658 2591070 2591634 2591635 808 1.4300884955752213 https://www.sml2.org/dash/0b4SVyP0IqI/media/init-stream3.m4s
