0.0 0.1398128231406878
0.049875226397467484 0.13992624729436134
0.09975045279493497 0.14003156972277248
0.14962567919240247 0.1401112366878527
0.19950090558986994 0.14021520882872007
0.24937613198733743 0.1403151301069563
0.29925135838480493 0.14041100052256128
0.34912658478227243 0.1404960686378164
0.3990018111797399 0.1405986904911401
0.4488770375772073 0.14072561752025095
0.49875226397467487 0.14082148793585594
0.5486274903721423 0.14094301381479185
0.5985027167696099 0.1410402345179406
0.6483779431670773 0.141144206658808
0.6982531695645449 0.1412360262117818
0.7481283959620123 0.1413575520907177
0.7980036223594797 0.14149933228280961
0.8478788487569473 0.14162085816174555
0.8977540751544146 0.1417275308777004
0.9476293015518822 0.14184230531891767
0.9975045279493497 0.1419557294725912
1.0473797543468173 0.14208400678924576
1.0972549807442846 0.14218257777993823
1.1471302071417522 0.14228654992080564
1.1970054335392197 0.1423932226367605
1.2468806599366873 0.14252285024095881
1.2967558863341546 0.14262142123165128
1.3466311127316222 0.1427469979732184
1.3965063391290897 0.14284961982654207
1.4463815655265573 0.14297654685565292
1.4962567919240246 0.14310617445985122
1.5461320183214922 0.14323310148896207
1.5960072447189595 0.14334922621772306
1.645882471116427 0.14347885382192138
1.6957576975138946 0.14360983171366343
1.7456329239113622 0.14374080960540547
1.7955081503088293 0.14387313778469124
1.8453833767062968 0.14397710992555865
1.8952586031037644 0.1441121386799319
1.945133829501232 0.14423636513395527
1.9950090558986995 0.1443659927381536
2.044884282296167 0.1444740157416522
2.0947595086936346 0.14459284104550063
2.1446347350911017 0.14471841778706776
2.1945099614885692 0.14483859337845995
2.244385187886037 0.14495471810722094
2.2942604142835044 0.14507219312352565
2.344135640680972 0.14518156641456798
2.3940108670784395 0.14529904143087272
2.443886093475907 0.14544622277313954
2.4937613198733746 0.14559610469049383
2.5436365462708417 0.1457527380455668
2.5935117726683092 0.14586616219924034
2.643386999065777 0.1460187446916821
2.6932622254632443 0.14615782430868654
2.743137451860712 0.1463144576637595
2.7930126782581794 0.14646704015620127
2.842887904655647 0.1466101706358369
2.8927631310531146 0.14674114852757894
2.9426383574505817 0.14691938648335162
2.992513583848049 0.14709087300140564
3.0423888102455168 0.147255608081741
3.0922640366429843 0.1474000888489204
3.1421392630404514 0.14754051875346855
3.192014489437919 0.14770930469643512
3.2418897158353865 0.14786863862659552
3.291764942232854 0.1480414754321933
3.3416401686303217 0.14819000706200386
3.391515395027789 0.14832773639146457
3.4413906214252568 0.148487070321625
3.4912658478227243 0.14866800885248513
3.541141074220191 0.14884354623317037
3.5910163006176585 0.14901503275122438
3.640891527015126 0.149178417544016
3.6907667534125936 0.14937961038803213
3.740641979810061 0.14956054891889228
3.7905172062075287 0.14970637997361538
3.8403924326049963 0.1499035219550003
3.890267659002464 0.15009661307375405
3.9401428853999314 0.15026539901672062
3.990018111797399 0.1506232252158097
4.039893338194866 0.15081226547193224
4.089768564592334 0.15099185371524868
4.139643790989801 0.15118629512154613
4.189519017387269 0.15136588336486254
4.239394243784736 0.1515670762088787
4.289269470182203 0.15177367020306975
4.339144696579671 0.15198701563497946
4.3890199229771385 0.15219360962917053
4.438895149374606 0.1523840001728368
4.488770375772074 0.1525959953172028
4.538645602169541 0.15277828413560668
4.588520828567009 0.15299297985506013
4.638396054964476 0.1532076755745136
4.688271281361944 0.1534331735943169
4.738146507759411 0.15360466011237092
4.788021734156879 0.15379235008094974
4.837896960554346 0.15398814177479095
4.887772186951814 0.1542109392195068
4.937647413349281 0.15442428465141653
4.987522639746749 0.1546686866968321
5.037397866144216 0.15490768759207274
5.087273092541683 0.15514938906240083
5.1371483189391505 0.15535058190641698
5.1870235453366185 0.15557067877604536
5.236898771734086 0.1557799733453239
5.286773998131554 0.15597846561425255
5.336649224529021 0.1561972121963372
5.386524450926489 0.15642946165385918
5.436399677323956 0.15669276772488702
5.486274903721424 0.15691961603223406
5.536150130118891 0.15713161117660004
5.586025356516359 0.15735305833377217
5.635900582913826 0.15759746037918776
5.685775809311294 0.15785131443740943
5.735651035708761 0.1580741118821253
5.785526262106229 0.15831041220227848
5.835401488503696 0.15855211367260658
5.885276714901163 0.15878841399275975
5.93515194129863 0.1590476692011564
5.985027167696098 0.15930422383446555
6.0349023940935655 0.15959993680654294
6.0847776204910335 0.1598510902896772
6.134652846888501 0.1601130460731613
6.184528073285969 0.16038175329436402
6.234403299683436 0.16065046051556678
6.284278526080903 0.1609164671616821
6.334153752478371 0.16116356978218513
6.384028978875838 0.16144848045391266
6.433904205273306 0.16169693336195942
6.483779431670773 0.16196158972053099
6.533654658068241 0.16226810499295824
6.583529884465708 0.16252600991381114
6.633405110863176 0.16279606742255764
6.683280337260643 0.16309313068217876
6.733155563658111 0.1633564367532066
6.783030790055578 0.16365485030037147
6.832906016453046 0.16393841068455528
6.8827812428505135 0.16422467164382656
6.9326564692479815 0.16450418116537915
6.982531695645449 0.16480394500008777
7.032406922042915 0.16503754474515347
7.082282148440382 0.16526979420267546
7.13215737483785 0.16553445056124702
7.182032601235317 0.1657423948429818
7.231907827632785 0.16599084775102857
7.281783054030252 0.1662379503715316
7.33165828042772 0.16647695126677226
7.381533506825187 0.16667949439833213
7.431408733222655 0.16693334845655383
7.481283959620122 0.16713724187565743
7.53115918601759 0.16736814104563566
7.5810344124150575 0.167553130439127
7.6309096388125255 0.1677691764461242
7.680784865209993 0.1679609172773342
7.730660091607461 0.16816751127152527
7.780535318004928 0.16836330296536647
7.830410544402396 0.16856584609692635
7.880285770799863 0.16877244009111741
7.930160997197331 0.16896148034723996
7.980036223594798 0.23811645689949676
8.029911449992266 0.23841892130929282
8.079786676389732 0.2387389394571574
8.1296619027872 0.23903330214169108
8.179537129184668 0.2393006590753501
8.229412355582136 0.23960177319760242
8.279287581979602 0.23990693818248596
8.32916280837707 0.24017564540368871
8.379038034774538 0.24049296297646583
8.428913261172006 0.24081838227450536
8.478788487569473 0.24115595416043847
8.52866371396694 0.2414651700079532
8.578538940364407 0.2418027418938863
8.628414166761875 0.24212951147946957
8.678289393159343 0.24246573307785893
8.728164619556809 0.24275874547484888
8.778039845954277 0.24314087684972516
8.827915072351745 0.24349195161109558
8.877790298749211 0.24387408298597185
8.92766552514668 0.2442305588975172
8.977540751544147 0.24454382560766316
9.027415977941615 0.24488139749359625
9.077291204339081 0.24518791276602353
9.12716643073655 0.24549982918862573
9.177041657134017 0.24585900567525854
9.226916883531485 0.2462276341746975
9.276792109928952 0.24654495174747462
9.32666733632642 0.24689602650884507
9.376542562723888 0.24722144580688457
9.426417789121356 0.24760222689421713
9.476293015518822 0.2479384484926065
9.52616824191629 0.24831652900485157
9.576043468313758 0.24869866037972788
9.625918694711226 0.24908619290477907
9.675793921108692 0.24945752197930549
9.72566914750616 0.24985585680470657
9.775544373903628 0.25025419163010765
9.825419600301096 0.2506160686918279
9.875294826698562 0.250994149204073
9.92517005309603 0.251357376553337
9.975045279493498 0.25172330447768854
10.024920505890965 0.25206222665116534
10.074795732288433 0.25243625630077926
10.1246709586859 0.252821088250743
10.174546185083367 0.2531924173252694
10.224421411480835 0.2535191869108527
10.274296637878301 0.25389591713555404
10.324171864275769 0.25426724621008046
10.374047090673237 0.2546102192461885
10.423922317070705 0.25504366154772656
10.473797543468171 0.2554379455104965
10.52367276986564 0.2558511334988786
10.573547996263107 0.2562467677491922
10.623423222660575 0.2566248482614373
10.673298449058041 0.2570582905629754
10.72317367545551 0.25751603804030065
10.773048901852977 0.2579049208528956
10.822924128250444 0.25831675855373404
10.872799354647912 0.258761003155622
10.92267458104538 0.25920254718242247
10.972549807442848 0.2596346391964169
11.022425033840314 0.2600545786225177
11.072300260237782 0.2604853203489683
11.12217548663525 0.2609012089124379
11.172050713032718 0.26134815408941336
11.221925939430184 0.26179239869130133
11.271801165827652 0.26222314041775197
11.32167639222512 0.26260932265525944
11.371551618622588 0.26302116035609785
11.421426845020054 0.2634451506448298
11.471302071417522 0.26390829927233006
11.52117729781499 0.26437549876246147
11.571052524212458 0.26483729710241793
11.620927750609924 0.26528829314202457
11.670802977007392 0.26579465097092425
11.720678203404859 0.26626050017351194
11.770553429802327 0.26671419678820607
11.820428656199793 0.26716789340290015
11.87030388259726 0.2676593980688188
11.920179108994729 0.2681684564728059
11.970054335392197 0.2686316051003061
12.019929561789663 0.2691028554530687
12.069804788187131 0.26962136586986196
12.119680014584599 0.27011557111086804
12.169555240982067 0.27057736945082456
12.219430467379533 0.2710567215288496
12.269305693777001 0.2715860342459927
12.31918092017447 0.272099143512611
12.369056146571937 0.2725852470283547
12.418931372969404 0.2731010568700605
12.468806599366872 0.2736087649865039
12.51868182576434 0.27405706045102307
12.568557052161806 0.2745755708678163
12.618432278559274 0.2751089344475906
12.668307504956742 0.27561394198894656
12.71818273135421 0.276116248955215
12.768057957751676 0.2765861490204339
12.817933184149144 0.2771141114500333
12.867808410546612 0.2776056161159519
12.91768363694408 0.27814303055835743
12.967558863341546 0.27867909471321917
13.017434089739014 0.27918140167948763
13.067309316136482 0.2797417710101366
13.11718454253395 0.28026703286464855
13.167059768931416 0.28077069011846073
13.216934995328884 0.28130810456086625
13.266810221726352 0.2818374172780094
13.31668544812382 0.2823856340207647
13.366560674521287 0.28294060220123873
13.416435900918755 0.2834969206692565
13.466311127316223 0.28403568539920576
13.516186353713689 0.284574450129155
13.566061580111157 0.2850713559452485
13.615936806508625 0.28561147096274153
13.665812032906093 0.28615428655532194
13.715687259303559 0.2866808986973776
13.765562485701027 0.2872169628522394
13.815437712098495 0.28775707786973237
13.865312938495963 0.28829044144950666
13.91518816489343 0.2888683645182242
13.965063391290897 0.28944223672431046
14.014938617688365 0.28997154944145354
14.06481384408583 0.2905359696347337
14.114689070483298 0.2911179435660824
14.164564296880764 0.2917120700853247
14.214439523278232 0.2922778405661486
14.2643147496757 0.292881419098197
14.314189976073168 0.29347284504235177
14.364065202470634 0.294052118398613
14.413940428868102 0.2946435443427678
14.46381565526557 0.29522551827411647
14.513690881663038 0.29581154306809637
14.563566108060504 0.29635300837313305
14.613441334457972 0.29695658690518145
14.66331656085544 0.29750075278530563
14.713191787252908 0.2980813764291106
14.763067013650375 0.298684954961159
14.812942240047843 0.29931148838145083
14.86281746644531 0.2999677281277048
14.912692692842779 0.30060236327325907
14.962567919240245 0.3012329475561821
15.012443145637713 0.30181492148753075
15.06231837203518 0.30236178794274243
15.112193598432647 0.3029302589986538
15.162068824830115 0.3034730745912342
15.211944051227583 0.3040023873083773
15.261819277625051 0.30460326526533826
15.311694504022517 0.30515688315826855
15.361569730419985 0.30571455191383007
15.411444956817453 0.3063073281455286
15.461320183214921 0.30688390092670237
15.511195409612387 0.30740511191858305
15.561070636009855 0.3079344246357262
15.610945862407323 0.30846778821550047
15.660821088804791 0.3089998015077311
15.710696315202258 0.3095466679629427
15.760571541599726 0.3100503252167549
15.810446767997194 0.3105782876463543
15.860321994394662 0.3110832951877102
15.910197220792128 0.3116288113553781
15.960072447189596 0.31217837838567725
16.009947673587064 0.3127076911028204
16.059822899984532 0.31322755180715733
16.109698126382 0.3137838702751751
16.159573352779464 0.3143077818421433
16.209448579176932 0.3148222413963053
16.2593238055744 0.31538126043941056
16.30919903197187 0.31595513264549685
16.359074258369336 0.3164952476629898
16.408949484766804 0.3170340123929391
16.458824711164272 0.31762003718691895
16.50869993756174 0.3181601522044119
16.558575163959205 0.3187542787236542
16.608450390356673 0.3193295012172842
16.65832561675414 0.31986016422197106
16.70820084315161 0.3204529404536696
16.758076069549077 0.3210065583465999
16.807951295946545 0.3215885322779486
16.857826522344013 0.32218670965982205
16.90770174874148 0.3227659830160833
16.957576975138945 0.3233803638484815
17.007452201536413 0.32397178979263636
17.05732742793388 0.32455376372398503
17.10720265433135 0.3251019804667404
17.157077880728814 0.32571231043650745
17.20695310712628 0.3263212901187308
17.25682833352375 0.3269046143376232
17.306703559921218 0.32747308539353454
17.356578786318686 0.328091517088564
17.40645401271615 0.3287085984960497
17.456329239113618 0.32927031811424246
17.506204465511086 0.3298603937708535
17.556079691908554 0.3304963792039515
17.605954918306022 0.3311674721131865
17.65583014470349 0.33172244029366055
17.705705371100958 0.3323692280271084
17.755580597498422 0.3329944111598565
17.80545582389589 0.33363309716804196
17.85533105029336 0.33427043288868363
17.905206276690826 0.3349212714847627
17.955081503088294 0.33552079915417987
18.004956729485762 0.3361797394755213
18.05483195588323 0.33674686024388895
18.1047071822807 0.3374422583289111
18.154582408678163 0.33807014203674673
18.20445763507563 0.3386602176933578
18.2543328614731 0.33925029334996887
18.304208087870567 0.33985387188201727
18.354083314268035 0.3404317949507348
18.403958540665503 0.34110018728488234
18.45383376706297 0.34176047789376746
18.50370899346044 0.34236540671335963
18.553584219857903 0.34300409272154503
18.60345944625537 0.34362387470411826
18.65333467265284 0.34425445898704127
18.703209899050307 0.3449242016087326
18.753085125447775 0.34563715343182333
18.802960351845243 0.3462245285133469
18.85283557824271 0.346869965959251
18.902710804640176 0.3474816462165618
18.952586031037644 0.3480757727358041
19.00246125743511 0.3487198598941645
19.05233648383258 0.34938825222831205
19.102211710230048 0.3500701474378969
19.152086936627516 0.3506696751073141
19.201962163024984 0.3513232142784806
19.25183738942245 0.35198755574999696
19.301712615819916 0.35260193658239525
19.351587842217384 0.3532257694275996
19.401463068614852 0.3538428508350853
19.45133829501232 0.35446938425537716
19.501213521409788 0.35510401940093145
19.551088747807256 0.3557859146105163
19.600963974204724 0.3564124480308082
19.650839200602192 0.3571010946781117
19.700714426999657 0.3577465321240158
19.750589653397125 0.3583960204325511
19.800464879794593 0.3590522601788051
19.85034010619206 0.35972875423821504
19.90021533258953 0.36037149110903166
19.950090558986997 0.36102367999265444
19.999965785384465 0.36171502721504545
20.04984101178193 0.36236721609866823
20.099716238179397 0.3630531621708843
20.149591464576865 0.36371210249222574
20.199466690974333 0.3643278336121677
20.2493419173718 0.36505428831069575
20.299217143769265 0.36571998006975587
20.349092370166733 0.3664045758544282
20.3989675965642 0.36711752767751893
20.44884282296167 0.36784263208850326
20.498718049359134 0.36850427298493216
20.548593275756602 0.36921587452047916
20.59846850215407 0.3699261257684824
20.648343728551538 0.37059721867771744
20.698218954949006 0.37129396705028334
20.748094181346474 0.3719245513332064
20.797969407743942 0.3726185991306849
20.84784463414141 0.37334505382921296
20.897719860538874 0.3740053444380981
20.947595086936342 0.3746723864847019
20.99747031333381 0.3753421291063932
21.04734553973128 0.3760645329422901
21.097220766128746 0.37676938304011837
21.147095992526214 0.3774566793998782
21.196971218923682 0.37814262547209426
21.24684644532115 0.37882317039413543
21.296721671718615 0.3795307210670512
21.346596898116083 0.380278780366279
21.39647212451355 0.3809741784513012
21.44634735091102 0.3816655256736922
21.496222577308487 0.38241628554800744
21.546097803705955 0.38311978535829205
21.595973030103423 0.3837449684910402
21.645848256500887 0.3844417168636061
21.695723482898355 0.3851276629358222
21.745598709295823 0.3857852529696199
21.79547393569329 0.38646849846674847
21.84534916209076 0.38714499252615847
21.895224388488227 0.38784174089872436
21.945099614885695 0.3885006812200658
21.994974841283163 0.38919742959263176
22.044850067680628 0.38981721157520494
22.094725294078096 0.39046129873356533
22.144600520475564 0.3911350922178878
22.19447574687303 0.3918021342644916
22.2443509732705 0.39253534040073834
22.294226199667968 0.39325639394909145
22.344101426065436 0.3939990520981443
22.3939766524629 0.39469985133334146
22.443851878860368 0.3953641928048578
22.493727105257836 0.39601098053830563
22.543602331655304 0.39668612431017186
22.593477558052772 0.3973221097432698
22.64335278445024 0.3979729483393489
22.693228010847708 0.39861298463507805
22.743103237245176 0.3993259364581688
22.79297846364264 0.3999997299424913
22.84285369004011 0.4007504898168065
22.892728916437576 0.40146884279007217
22.942604142835044 0.40221420151421244
22.992479369232512 0.4028650401102915
23.04235459562998 0.4035550370451388
23.09222982202745 0.4042342316796362
23.142105048424916 0.40494988407781435
23.19198027482238 0.40564123130020535
23.24185550121985 0.40633122823505263
23.291730727617317 0.4070239257449874
23.341605954014785 0.40775578159369036
23.39148118041225 0.40847683514204347
23.441356406809717 0.4092397476042523
23.491231633207185 0.40991624166366225
23.541106859604653 0.41060623859850953
23.59098208600212 0.4112962355333568
23.640857312399586 0.41203889368240965
23.690732538797054 0.41279235413181237
23.74060776519452 0.41346209675350365
23.79048299159199 0.4141385908129136
23.840358217989458 0.41480293228443
23.890233444386926 0.4155212852576956
23.940108670784394 0.4162193839178053
23.989983897181858 0.41693773689107094
24.039859123579326 0.41764123670135556
24.089734349976794 0.41827317127182234
24.139609576374262 0.41904418545929356
24.18948480277173 0.4197395835443158
24.239360029169198 0.42046468795530006
24.289235255566666 0.4211938432289156
24.339110481964134 0.42189869332674396
24.3889857083616 0.42262784860035946
24.438860934759067 0.4233259472604691
24.488736161156535 0.42401729448286013
24.538611387554003 0.4247572520568255
24.58848661395147 0.4254161923781669
24.63836184034894 0.42612374305108275
24.688237066746407 0.42680698854821136
24.738112293143875 0.4275077877834085
24.78798751954134 0.4282288413317616
24.837862745938807 0.42891748797906515
24.887737972336275 0.42954267111181327
24.937613198733743 0.430351493350509
24.98748842513121 0.431063094886056
25.03736365152868 0.4317679449838843
25.087238877926147 0.43250925284539343
25.13711410432361 0.43323435725637777
25.18698933072108 0.43395946166736205
25.236864557118547 0.43470347010395866
25.286739783516015 0.43539481732634966
25.336615009913483 0.4361455772006649
25.38649023631095 0.4368423255732308
25.43636546270842 0.4375201699201845
25.486240689105887 0.43824257375608133
25.536115915503352 0.4389312204033849
25.58599114190082 0.43967522883998145
25.635866368298288 0.4403881806630722
25.685741594695756 0.4410835787480944
25.735616821093224 0.44175062079469823
25.785492047490692 0.4425067818191884
25.83536727388816 0.4432521405433287
25.885242500285628 0.4440245050183437
25.935117726683092 0.4447266545410845
25.98499295308056 0.4454369057890878
26.03486817947803 0.4461741627879657
26.084743405875496 0.4468736117356191
26.134618632272964 0.44764192534800284
26.184493858670432 0.4483319222828501
26.2343690850679 0.4490205689301537
26.284244311465365 0.44971056586500097
26.334119537862833 0.45036815589879864
26.3839947642603 0.45112971807346375
26.43386999065777 0.45188317852286647
26.483745217055237 0.4526177349466569
26.533620443452705 0.45336579424588463
26.583495669850173 0.45408009635651914
26.63337089624764 0.4548443591062717
26.683246122645105 0.4555559606418187
26.733121349042573 0.4562648616022782
26.78299657544004 0.45699131630080625
26.83287180183751 0.45768266352319725
26.882747028234977 0.4583618581576947
26.932622254632445 0.4589951430157052
26.982497481029913 0.45966083477476527
27.032372707427378 0.460414295224168
27.082247933824846 0.46116235452339577
27.132123160222314 0.46189150979701127
27.18199838661978 0.4625761055816836
27.23187361301725 0.4633066111428429
27.281748839414718 0.46406277216733305
27.331624065812186 0.46477437370288005
27.381499292209654 0.46546437063772733
27.431374518607118 0.46614896642239967
27.481249745004586 0.4668214096191784
27.531124971402054 0.4675735197810374
27.581000197799522 0.46827836987886573
27.63087542419699 0.4690345309033559
27.680750650594458 0.46971642611294073
27.730625876991926 0.47039967161006935
27.780501103389394 0.47112342573350996
27.83037632978686 0.47185258100712546
27.880251556184326 0.47253312592916663
27.930126782581794 0.4732312245892763
27.980002008979262 0.4739225718116673
28.02987723537673 0.47467738254861375
28.07975246177419 0.47534847545784875
28.12962768817166 0.47607763073146425
28.179502914569127 0.4767068647268436
28.229378140966595 0.4775143366779956
28.279253367364063 0.47824889310178603
28.329128593761528 0.4789942518259263
28.379003820158996 0.47974096083761036
28.428879046556464 0.4804957715745568
28.478754272953932 0.4812276274232598
28.5286294993514 0.4819459803965254
28.578504725748868 0.48270079113347186
28.628379952146336 0.48338268634305676
28.678255178543804 0.4840969884536912
28.72813040494127 0.48482344315221926
28.778005631338736 0.48554314641302865
28.827880857736204 0.4862412450731383
28.877756084133672 0.4869974060976285
28.92763131053114 0.48772521108370026
28.97750653692861 0.4884908241209966
29.027381763326076 0.48928074233408003
29.077256989723544 0.4900193496205017
29.12713221612101 0.49073365173113614
29.177007442518477 0.49146685786738287
29.226882668915945 0.4922108663039794
29.276757895313413 0.4929373210025075
29.32663312171088 0.4936894311643665
29.37650834810835 0.49438752982447615
29.426383574505817 0.49514639142405376
29.47625880090328 0.4959606148129244
29.52613402730075 0.4968126462530196
29.576009253698217 0.4975661067024223
29.625884480095685 0.49828986082586285
29.675759706493153 0.4990446715628093
29.72563493289062 0.4997846291367747
29.77551015928809 0.5005083832602153
29.825385385685557 0.501256442559443
29.87526061208302 0.5019774961077962
29.92513583848049 0.5027039508063242
29.975011064877958 0.5034263546422211
30.024886291275426 0.5041609110660115
30.074761517672894 0.5048711623140147
30.12463674407036 0.5055908655748241
30.17451197046783 0.5062862636598464
30.224387196865294 0.5070964361860858
30.274262423262762 0.5078958064119754
30.32413764966023 0.5086843743375151
30.374012876057698 0.509472942263055
30.423888102455166 0.5101899449487769
30.473763328852634 0.5109150493597612
30.523638555250102 0.5116388034832018
30.57351378164757 0.5124557274471598
30.623389008045034 0.5131619278325319
30.673264234442502 0.5139099871317597
30.72313946083997 0.5146918036195808
30.77301468723744 0.5154884732703829
30.822889913634906 0.5163189001097783
30.872765140032374 0.5171587789619799
30.922640366429842 0.5179419457373448
30.97251559282731 0.5186751518735915
31.022390819224775 0.5194394146233441
31.072266045622243 0.5202144796734465
31.12214127201971 0.5210422059377544
31.17201649841718 0.5218402258761003
31.221891724814647 0.5226476978272523
31.271766951212115 0.5234457177655982
31.321642177609583 0.5242180822406132
31.371517404007047 0.5250350062045712
31.421392630404515 0.5258816364944915
31.471267856801983 0.5266661535574001
31.52114308319945 0.5274803769462707
31.57101830959692 0.5282608431465481
31.620893535994387 0.529073716247875
31.670768762391855 0.5299108945249891
31.720643988789323 0.5307507733771907
31.770519215186788 0.5315514938906241
31.820394441584256 0.5323130560652891
31.870269667981724 0.5331920932562589
31.92014489437919 0.5340009154949547
31.97002012077666 0.5348637492353997
32.01989534717413 0.5357346847011071
32.069770573571596 0.5365300040643655
32.119645799969064 0.5373820355044606
32.16952102636653 0.5381868068805252
32.219396252764 0.539005081132027
32.26927147916147 0.539858462859666
32.31914670555893 0.5406861891239739
32.3690219319564 0.5415031130879321
32.418897158353865 0.5423943028667955
32.46877238475133 0.5432004245304037
32.5186476111488 0.5439835913057686
32.56852283754627 0.5448059164199016
32.61839806394374 0.5456984564863088
32.668273290341205 0.5465086290125483
32.71814851673867 0.5473849656284305
32.76802374313614 0.5481816352792327
32.81789896953361 0.5490471695947652
32.86777419593108 0.5498843478718793
32.917649422328545 0.5507498821874118
32.96752464872601 0.5516437725413627
33.01739987512348 0.5524728490932144
33.06727510152095 0.5533451348464655
33.11715032791841 0.5542552286509412
33.16702555431588 0.5551423675671734
33.216900780713345 0.5560079018827059
33.26677600711081 0.5568207749840328
33.31665123350828 0.557678207574303
33.36652645990575 0.5585288887268544
33.41640168630322 0.5594200785057178
33.466276912700685 0.5603571780610681
33.51615213909815 0.561225412951688
33.56602736549562 0.5620801449668706
33.61590259189309 0.5629267752567909
33.66577781829056 0.5638071627353045
33.715653044688025 0.5646834993511869
33.76552827108549 0.5655449828040882
33.81540349748296 0.5665104383978569
33.86527872388042 0.5673908258763704
33.91515395027789 0.5682955185306711
33.96502917667536 0.5691826574469033
34.014904403072826 0.5700832992385728
34.064779629470294 0.57097583930498
34.11465485586776 0.5718535262084061
34.16453008226523 0.5727528177125318
34.2144053086627 0.5736399566287641
34.264280535060166 0.5745527510083273
34.31415576145763 0.5755371106277082
34.364030987855095 0.5765066170841081
34.41390621425256 0.5774680218152456
34.46378144065003 0.5784226751086644
34.5136566670475 0.5794475433543573
34.56353189344497 0.5803765411844453
34.613407119842435 0.5813690025290885
34.6632823462399 0.5823371586979448
34.71315757263737 0.5832985634290823
34.76303279903483 0.5843436859879312
34.8129080254323 0.5852956387062624
34.86278325182977 0.586271896600381
34.912658478227236 0.5872184481685375
34.962533704624704 0.5882689718775613
35.01240893102217 0.5893059927111478
35.06228415741964 0.5902836008928102
35.11215938381711 0.5913219720139403
35.162034610214576 0.5923319870966522
35.211909836612044 0.5934068159814633
35.26178506300951 0.5944802945787305
35.31166028940698 0.5954876090863549
35.36153551580445 0.596476019568367
35.411410742201916 0.5974792832133603
35.461285968599384 0.5985514115230839
35.511161194996845 0.5996491952961384
35.56103642139431 0.6007564310819989
35.61091164779178 0.6018434125547035
35.66078687418925 0.6029276934523207
35.71066210058672 0.6040443812509874
35.760537326984185 0.6051907753756163
35.81041255338165 0.6062791071358646
35.86028777977912 0.6073485348705007
35.91016300617659 0.6084881775574108
35.96003823257406 0.6096156676564274
36.009913458971525 0.610748558905619
36.05978868536899 0.6119381622316472
36.10966391176646 0.6131061609569758
36.15953913816393 0.6142187978930114
36.2094143645614 0.6154502601328953
36.259289590958865 0.6167573384752283
36.309164817356326 0.6179644955393251
36.359040043753794 0.6192135115172777
36.40891527015126 0.6203693576547126
36.45879049654873 0.6215751644312656
36.5086657229462 0.6227904232206248
36.558540949343666 0.6240488912113835
36.608416175741134 0.6252871048889861
36.6582914021386 0.6265577254676383
36.70816662853607 0.6278418489217279
36.75804185493354 0.6291124695003801
36.807917081331006 0.630460056469025
36.857792307728474 0.6317765868241642
36.90766753412594 0.6331052697671969
36.95754276052341 0.6345365745635533
37.00741798692088 0.6359611279221911
37.05729321331834 0.6373870315683725
37.10716843971581 0.6387683757256107
37.157043666113275 0.6402577428863476
37.20691889251074 0.6417255054463848
37.25679411890821 0.6431649119680036
37.30666934530568 0.644732595806277
37.35654457170315 0.6461193411136902
37.406419798100615 0.6476640700637201
37.45629502449808 0.6491709909625255
37.50617025089555 0.6508169914783353
37.55604547729302 0.6524764948695825
37.60592070369049 0.654108992509955
37.655795930087955 0.6557293375624339
37.70567115648542 0.6574104455543808
37.75554638288289 0.6590956044089589
37.80542160928035 0.6607713112507309
37.85529683567782 0.6624780747060086
37.90517206207529 0.6642604542637355
37.955047288472755 0.6660671389972495
38.00492251487022 0.6678063093535769
38.05479774126769 0.6695792368984975
38.10467296766516 0.6714507354341107
38.15454819406263 0.673306030519199
38.204423420460095 0.6751518735914813
38.25429864685756 0.6770314738523568
38.30417387325503 0.6790298994170809
38.3540490996525 0.6810418278572422
38.40392432604997 0.6831037169365216
38.453799552447435 0.685115645376683
38.5036747788449 0.6870816640403574
38.553550005242364 0.6891124965061309
38.60342523163983 0.6912108433490912
38.6533004580373 0.6932848850162642
38.70317568443477 0.6954453450862361
38.753050910832236 0.697570697680071
38.802926137229704 0.6998270281656479
38.85280136362717 0.7019820870854449
38.90267659002464 0.7041857563568162
38.95255181642211 0.7064812451811613
39.002427042819576 0.7086565584141142
39.052302269217044 0.7109196403374098
39.10217749561451 0.7131935245610552
39.15205272201198 0.7154066458452327
39.20192794840945 0.7176373208674788
39.251803174806916 0.7198868999153369
39.301678401204384 0.7221499818386325
39.351553627601845 0.7244616741135025
39.40142885399931 0.7267841686887223
39.45130408039678 0.7289810865223749
39.50117930679425 0.7312617221837391
39.55105453319172 0.7336031207845711
39.600929759589185 0.73589995989646
39.65080498598665 0.738165742394843
39.70068021238412 0.7404828358198878
39.75055543878159 0.7427918275196703
39.80043066517906 0.7450427568550723
39.850305891576525 0.7473639011427483
39.90018111797399 0.7496418362290249
39.95005634437146 0.751988635980032
39.99993157076893 0.7542409156029777
40.0498067971664 0.7564796923504861
40.09968202356386 0.7586833616218573
40.149557249961326 0.7609802007337463
40.199432476358794 0.7631028527524937
40.24930770275626 0.7652403579342221
40.29918292915373 0.767435925480331
40.3490581555512 0.7696490467645085
40.398933381948666 0.7718878235120169
40.448808608346134 0.7740388315691826
40.4986838347436 0.7761884893388047
40.54855906114106 0.7783354465333393
40.59843428753853 0.7804756522901551
40.648309513936 0.7826982255871388
40.69818474033347 0.7847776684044867
40.748059966730935 0.7867652916688609
40.7979351931284 0.788738061770254
40.84781041952587 0.7906878769834036
40.89768564592334 0.7926025847204162
40.94756087232081 0.7943606591023559
40.99743609871827 0.796045817956934
41.047311325115736 0.797655360709063
41.097186551513204 0.7992581520234734
41.14706177791067 0.8008433895998153
41.19693700430814 0.8023813671121265
41.24681223070561 0.8037546095441024
41.296687457103076 0.8050333318480171
41.346562683500544 0.8063566136408749
41.39643790989801 0.8075786238679526
41.44631313629548 0.8087925323697681
41.49618836269295 0.8100307460473708
41.546063589090416 0.8110934223442882
41.595938815487884 0.8119832618356079
41.64581404188535 0.8128541973013154
41.69568926828282 0.813708929316498
41.74556449468028 0.8144866949416878
41.79543972107775 0.8151739913014476
41.84531494747522 0.8157721686833211
41.895190173872685 0.8163689957776509
41.94506540027015 0.8169239639581248
41.99494062666762 0.8175045876019298
42.04481585306509 0.8180271488813543
42.09469107946256 0.8185780661991972
42.144566305860025 0.8191316840921274
42.19444153225749 0.8196853019850577
42.24431675865496 0.820259174191144
42.29419198505243 0.8208843573238921
42.3440672114499 0.8215135913192715
42.393942437847365 0.8221023166883388
42.44381766424483 0.8227031946452997
42.4936928906423 0.8233553835289225
42.54356811703976 0.824008922700089
42.59344334343723 0.8245895463438939
42.6433185698347 0.8252174300517295
42.693193796232165 0.8258264097339528
42.74306902262963 0.8264975026431879
42.7929442490271 0.8271510418143544
42.84281947542457 0.827793778685171
42.89269470182204 0.8284999790705431
42.942569928219505 0.8291724222673218
42.99244515461697 0.8298313625886633
43.04232038101444 0.8305213595235106
43.09219560741191 0.8311627461067834
43.14207083380938 0.8318338390160185
43.191946060206845 0.8325697457273527
43.24182128660431 0.8332502906493938
43.291696513001774 0.8339186829835413
43.34157173939924 0.8345803238799703
43.39144696579671 0.8352392642013117
43.44132219219418 0.8359360125738776
43.491197418591646 0.8366935238859114
43.541072644989114 0.8374321311723332
43.59094787138658 0.8381869419092796
43.64082309778405 0.8389593063842945
43.69069832418152 0.8396979136707162
43.740573550578986 0.8404540746952064
43.790448776976454 0.8411953825567154
43.84032400337392 0.8419609955940117
43.89019922977139 0.8427387612192017
43.94007445616886 0.843548933745441
43.989949682566326 0.844361806846768
44.03982490896379 0.8451611770726576
44.089700135361255 0.8460132085127527
44.13957536175872 0.846844985639692
44.18945058815619 0.8476538078783877
44.23932581455366 0.8485882068586506
44.28920104095113 0.8494172834105023
44.339076267348595 0.8503516823907651
44.38895149374606 0.8511510526166547
44.43882672014353 0.8520314400951683
44.488701946541 0.8529307315992941
44.53857717293847 0.8538178705155263
44.588452399335935 0.8547293146075456
44.6383276257334 0.8556556118625461
44.68820285213087 0.8566008131431588
44.73807807852834 0.8575176583853532
44.7879533049258 0.8585101197299965
44.83782853132327 0.8594796261863964
44.887703757720736 0.8604450817801651
44.937578984118204 0.8614767014635767
44.98745421051567 0.8625110217220757
45.03732943691314 0.863569647156362
45.08720466331061 0.8646498771913479
45.137079889708076 0.8657476609644024
45.186955116105544 0.8668765013509627
45.23683034250301 0.8679580816734924
45.28670556890048 0.8691544364372393
45.33658079529795 0.8702265647469629
45.386456021695416 0.8713702582965043
45.436331248092884 0.8725234038588517
45.48620647449035 0.8737238094852299
45.53608170088782 0.8749417688496766
45.58595692728528 0.8762177905785037
45.63583215368275 0.8774816597194373
45.68570738008022 0.8788008906496638
45.735582606477685 0.8800728615158598
45.78545783287515 0.8813880415834552
45.83533305927262 0.8827180748140316
45.88520828567009 0.8841534304730192
45.93508351206756 0.8855698821063945
45.984958738465025 0.8869876840273136
46.03483396486249 0.8883771299098143
46.08470919125996 0.8898516439075701
46.13458441765743 0.8913491127935694
46.1844596440549 0.8928101239158879
46.234334870452365 0.8943278471150431
46.28421009684983 0.8958725760650731
46.334085323247294 0.8974794182421146
46.38396054964476 0.8991416222084493
46.43383577604223 0.9007592666858407
46.4837110024397 0.9024147192144567
46.533586228837166 0.9040445162797418
46.583461455234634 0.9057053699585327
46.6333366816321 0.9073513704743426
46.68321190802957 0.9091296991694381
46.73308713442704 0.910851315787697
46.7829623608245 0.9125621301056059
46.83283758722197 0.9143877188647322
46.882712813619435 0.9161187874957972
46.9325880400169 0.9179686814307106
46.98246326641437 0.9197902193272057
47.03233849281184 0.9215928531980885
47.08221371920931 0.9234089899444087
47.132088945606775 0.9252413301412535
47.18196417200424 0.9270277605616116
47.2318393984017 0.9288560498958253
47.28171462479917 0.9306802883674078
47.33158985119664 0.9325963463919642
47.38146507759411 0.9344637940649462
47.431340303991576 0.936296134261791
47.48121553038904 0.9381041692828488
47.53109075678651 0.9400026735693366
47.58096598318398 0.9419740933831859
47.63084120958145 0.9437092128768821
47.680716435978916 0.9456009657256513
47.73059166237638 0.9474441082228461
47.78046688877385 0.9493196576210904
47.83034211517132 0.9511573989681102
47.88021734156879 0.9530153946282861
47.930092567966256 0.954812627348994
47.979967794363716 0.9566611709963637
48.029843020761184 0.958420595665847
48.07971824715865 0.9601530145844558
48.12959347355612 0.961958349030426
48.17946869995359 0.9636786153611412
48.229343926351056 0.965420486292556
48.279219152748524 0.9671245491727464
48.32909437914599 0.9688556178038114
48.37896960554346 0.9706609522497816
48.42884483194093 0.9723218059285725
48.478720058338396 0.9739786087447322
48.528595284735864 0.9757326322640406
48.57847051113333 0.9773448755912572
48.6283457375308 0.9789881755319796
48.67822096392827 0.9806341760477894
48.728096190325736 0.9822126621864126
48.7779714167232 0.983643966982769
48.827846643120665 0.9851144301178936
48.87772186951813 0.9865565372145998
48.9275970959156 0.9878514629690393
48.97747232231307 0.9890545691705048
49.02734754871054 0.9901766581193465
49.077222775108005 0.991274441892401
49.12709800150547 0.9923668245152806
49.17697322790294 0.9933349806841367
49.22684845430041 0.9942599276515934
49.27672368069788 0.9950957556411638
49.326598907095345 0.9958883744293348
49.37647413349281 0.9965756707890946
49.42634935989028 0.997249464273417
49.47622458628775 0.9978638451058153
49.52609981268521 0.9984174629987456
49.57597503908268 0.9988306509871278
49.625850265480146 0.9991790251734107
49.675725491877614 0.9995179473468875
49.72560071827508 0.9997555979545845
49.77547594467255 0.9999108810221137
49.82535117107002 0.9999905479871939
49.875226397467486 1.0
