1 0.0 397 0.0670268445045 0.0670268445045
2 0.067 2 0.000337666722944 0.0673645112274
3 0.12 1 0.000168833361472 0.0675333445889
4 0.2 1 0.000168833361472 0.0677021779504
5 0.234 1 0.000168833361472 0.0678710113118
6 0.28 1 0.000168833361472 0.0680398446733
7 0.301 1 0.000168833361472 0.0682086780348
8 0.32 1 0.000168833361472 0.0683775113963
9 0.334 2 0.000337666722944 0.0687151781192
10 0.5 1 0.000168833361472 0.0688840114807
11 0.52 1 0.000168833361472 0.0690528448421
12 0.64 3 0.000506500084417 0.0695593449266
13 0.84 3 0.000506500084417 0.070065845011
14 0.901 1 0.000168833361472 0.0702346783724
15 0.96 1 0.000168833361472 0.0704035117339
16 1.033 1 0.000168833361472 0.0705723450954
17 1.101 1 0.000168833361472 0.0707411784569
18 1.12 1 0.000168833361472 0.0709100118183
19 1.135 1 0.000168833361472 0.0710788451798
20 1.16 1 0.000168833361472 0.0712476785413
21 1.28 1 0.000168833361472 0.0714165119028
22 1.32 2 0.000337666722944 0.0717541786257
23 1.335 1 0.000168833361472 0.0719230119872
24 1.36 4 0.000675333445889 0.0725983454331
25 1.401 1 0.000168833361472 0.0727671787945
26 1.402 1 0.000168833361472 0.072936012156
27 1.433 1 0.000168833361472 0.0731048455175
28 1.44 1 0.000168833361472 0.0732736788789
29 1.48 1 0.000168833361472 0.0734425122404
30 1.6 1 0.000168833361472 0.0736113456019
31 1.666 1 0.000168833361472 0.0737801789634
32 1.668 1 0.000168833361472 0.0739490123248
33 1.68 2 0.000337666722944 0.0742866790478
34 1.735 1 0.000168833361472 0.0744555124093
35 1.833 1 0.000168833361472 0.0746243457707
36 1.835 1 0.000168833361472 0.0747931791322
37 1.84 1 0.000168833361472 0.0749620124937
38 1.88 1 0.000168833361472 0.0751308458551
39 1.936 1 0.000168833361472 0.0752996792166
40 1.96 1 0.000168833361472 0.0754685125781
41 1.968 1 0.000168833361472 0.0756373459396
42 1.969 1 0.000168833361472 0.075806179301
43 1.971 1 0.000168833361472 0.0759750126625
44 2.0 2 0.000337666722944 0.0763126793854
45 2.002 2 0.000337666722944 0.0766503461084
46 2.033 1 0.000168833361472 0.0768191794699
47 2.069 1 0.000168833361472 0.0769880128313
48 2.2 2 0.000337666722944 0.0773256795543
49 2.202 1 0.000168833361472 0.0774945129158
50 2.233 1 0.000168833361472 0.0776633462772
51 2.236 1 0.000168833361472 0.0778321796387
52 2.266 1 0.000168833361472 0.0780010130002
53 2.267 1 0.000168833361472 0.0781698463616
54 2.269 1 0.000168833361472 0.0783386797231
55 2.28 1 0.000168833361472 0.0785075130846
56 2.3 1 0.000168833361472 0.0786763464461
57 2.32 1 0.000168833361472 0.0788451798075
58 2.336 2 0.000337666722944 0.0791828465305
59 2.348 1 0.000168833361472 0.0793516798919
60 2.366 1 0.000168833361472 0.0795205132534
61 2.369 1 0.000168833361472 0.0796893466149
62 2.37 1 0.000168833361472 0.0798581799764
63 2.4 1 0.000168833361472 0.0800270133378
64 2.433 1 0.000168833361472 0.0801958466993
65 2.466 1 0.000168833361472 0.0803646800608
66 2.467 2 0.000337666722944 0.0807023467837
67 2.48 1 0.000168833361472 0.0808711801452
68 2.56 2 0.000337666722944 0.0812088468681
69 2.567 1 0.000168833361472 0.0813776802296
70 2.6 1 0.000168833361472 0.0815465135911
71 2.602 1 0.000168833361472 0.0817153469526
72 2.64 1 0.000168833361472 0.081884180314
73 2.666 2 0.000337666722944 0.082221847037
74 2.667 2 0.000337666722944 0.0825595137599
75 2.68 2 0.000337666722944 0.0828971804829
76 2.702 1 0.000168833361472 0.0830660138443
77 2.72 2 0.000337666722944 0.0834036805673
78 2.736 1 0.000168833361472 0.0835725139288
79 2.767 1 0.000168833361472 0.0837413472902
80 2.769 1 0.000168833361472 0.0839101806517
81 2.8 1 0.000168833361472 0.0840790140132
82 2.866 1 0.000168833361472 0.0842478473746
83 2.867 1 0.000168833361472 0.0844166807361
84 2.92 2 0.000337666722944 0.0847543474591
85 2.933 1 0.000168833361472 0.0849231808205
86 2.936 1 0.000168833361472 0.085092014182
87 2.96 6 0.00101300016883 0.0861050143508
88 3.0 1 0.000168833361472 0.0862738477123
89 3.003 3 0.000506500084417 0.0867803477967
90 3.036 1 0.000168833361472 0.0869491811582
91 3.067 2 0.000337666722944 0.0872868478811
92 3.08 1 0.000168833361472 0.0874556812426
93 3.101 1 0.000168833361472 0.0876245146041
94 3.12 2 0.000337666722944 0.087962181327
95 3.134 1 0.000168833361472 0.0881310146885
96 3.16 2 0.000337666722944 0.0884686814114
97 3.166 1 0.000168833361472 0.0886375147729
98 3.176 1 0.000168833361472 0.0888063481344
99 3.2 1 0.000168833361472 0.0889751814959
100 3.24 2 0.000337666722944 0.0893128482188
101 3.27 2 0.000337666722944 0.0896505149418
102 3.28 1 0.000168833361472 0.0898193483032
103 3.337 2 0.000337666722944 0.0901570150262
104 3.37 1 0.000168833361472 0.0903258483876
105 3.403 1 0.000168833361472 0.0904946817491
106 3.44 3 0.000506500084417 0.0910011818335
107 3.48 1 0.000168833361472 0.091170015195
108 3.5 1 0.000168833361472 0.0913388485565
109 3.504 1 0.000168833361472 0.0915076819179
110 3.52 2 0.000337666722944 0.0918453486409
111 3.569 1 0.000168833361472 0.0920141820024
112 3.604 1 0.000168833361472 0.0921830153638
113 3.64 1 0.000168833361472 0.0923518487253
114 3.667 1 0.000168833361472 0.0925206820868
115 3.67 1 0.000168833361472 0.0926895154483
116 3.68 1 0.000168833361472 0.0928583488097
117 3.704 1 0.000168833361472 0.0930271821712
118 3.76 4 0.000675333445889 0.0937025156171
119 3.8 2 0.000337666722944 0.09404018234
120 3.84 1 0.000168833361472 0.0942090157015
121 3.867 1 0.000168833361472 0.094377849063
122 3.9 1 0.000168833361472 0.0945466824244
123 3.904 2 0.000337666722944 0.0948843491474
124 3.937 1 0.000168833361472 0.0950531825089
125 3.96 1 0.000168833361472 0.0952220158703
126 3.971 1 0.000168833361472 0.0953908492318
127 4.0 1 0.000168833361472 0.0955596825933
128 4.004 2 0.000337666722944 0.0958973493162
129 4.037 1 0.000168833361472 0.0960661826777
130 4.04 1 0.000168833361472 0.0962350160392
131 4.08 1 0.000168833361472 0.0964038494006
132 4.16 1 0.000168833361472 0.0965726827621
133 4.204 1 0.000168833361472 0.0967415161236
134 4.238 1 0.000168833361472 0.0969103494851
135 4.271 1 0.000168833361472 0.0970791828465
136 4.28 1 0.000168833361472 0.097248016208
137 4.3 2 0.000337666722944 0.0975856829309
138 4.32 1 0.000168833361472 0.0977545162924
139 4.36 1 0.000168833361472 0.0979233496539
140 4.438 2 0.000337666722944 0.0982610163768
141 4.471 2 0.000337666722944 0.0985986830998
142 4.52 3 0.000506500084417 0.0991051831842
143 4.56 1 0.000168833361472 0.0992740165457
144 4.57 1 0.000168833361472 0.0994428499071
145 4.588 1 0.000168833361472 0.0996116832686
146 4.6 3 0.000506500084417 0.100118183353
147 4.64 1 0.000168833361472 0.100287016715
148 4.68 1 0.000168833361472 0.100455850076
149 4.705 1 0.000168833361472 0.100624683437
150 4.72 1 0.000168833361472 0.100793516799
151 4.76 1 0.000168833361472 0.10096235016
152 4.8 2 0.000337666722944 0.101300016883
153 4.833 1 0.000168833361472 0.101468850245
154 4.838 1 0.000168833361472 0.101637683606
155 4.84 2 0.000337666722944 0.101975350329
156 4.88 6 0.00101300016883 0.102988350498
157 4.905 1 0.000168833361472 0.10315718386
158 5.0 53 0.00894816815803 0.112105352018
159 5.005 322 0.0543643423941 0.166469694412
160 5.031 1 0.000168833361472 0.166638527773
161 5.032 6 0.00101300016883 0.167651527942
162 5.045 30 0.00506500084417 0.172716528786
163 5.046 77 0.0130001688334 0.185716697619
164 5.066 102 0.0172210028702 0.20293770049
165 5.067 174 0.0293770048962 0.232314705386
166 5.071 6 0.00101300016883 0.233327705555
167 5.072 19 0.00320783386797 0.236535539423
168 5.1 1 0.000168833361472 0.236704372784
169 5.105 1 0.000168833361472 0.236873206146
170 5.12 494 0.0834036805673 0.320276886713
171 5.138 1 0.000168833361472 0.320445720074
172 5.146 2 0.000337666722944 0.320783386797
173 5.172 1 0.000168833361472 0.320952220159
174 5.239 1 0.000168833361472 0.32112105352
175 5.3 1 0.000168833361472 0.321289886882
176 5.305 1 0.000168833361472 0.321458720243
177 5.333 126 0.0212730035455 0.342731723789
178 5.334 60 0.0101300016883 0.352861725477
179 5.338 87 0.0146885024481 0.367550227925
180 5.339 166 0.0280263380044 0.395576565929
181 5.356 5 0.000844166807361 0.396420732737
182 5.357 3 0.000506500084417 0.396927232821
183 5.36 1 0.000168833361472 0.397096066183
184 5.4 60 0.0101300016883 0.407226067871
185 5.44 2 0.000337666722944 0.407563734594
186 5.471 1 0.000168833361472 0.407732567955
187 5.539 1 0.000168833361472 0.407901401317
188 5.557 1 0.000168833361472 0.408070234678
189 5.6 1 0.000168833361472 0.40823906804
190 5.672 1 0.000168833361472 0.408407901401
191 5.68 2 0.000337666722944 0.408745568124
192 5.866 1 0.000168833361472 0.408914401486
193 5.88 1 0.000168833361472 0.409083234847
194 5.934 1 0.000168833361472 0.409252068209
195 5.939 1 0.000168833361472 0.40942090157
196 5.964 1 0.000168833361472 0.409589734932
197 6.09 1 0.000168833361472 0.409758568293
198 6.12 1 0.000168833361472 0.409927401655
199 6.133 2 0.000337666722944 0.410265068378
200 6.206 1 0.000168833361472 0.410433901739
201 6.24 1 0.000168833361472 0.4106027351
202 6.28 1 0.000168833361472 0.410771568462
203 6.4 1 0.000168833361472 0.410940401823
204 6.48 1 0.000168833361472 0.411109235185
205 6.506 1 0.000168833361472 0.411278068546
206 6.533 1 0.000168833361472 0.411446901908
207 6.54 1 0.000168833361472 0.411615735269
208 6.64 3 0.000506500084417 0.412122235354
209 6.72 2 0.000337666722944 0.412459902077
210 6.76 1 0.000168833361472 0.412628735438
211 6.933 6 0.00101300016883 0.413641735607
212 6.934 1 0.000168833361472 0.413810568968
213 7.099 1 0.000168833361472 0.41397940233
214 7.28 4 0.000675333445889 0.414654735776
215 7.333 1 0.000168833361472 0.414823569137
216 7.5 1 0.000168833361472 0.414992402499
217 7.641 1 0.000168833361472 0.41516123586
218 7.743 2 0.000337666722944 0.415498902583
219 7.84 1 0.000168833361472 0.415667735945
220 8.0 1 0.000168833361472 0.415836569306
221 8.067 2 0.000337666722944 0.416174236029
222 8.408 4 0.000675333445889 0.416849569475
223 8.743 1 0.000168833361472 0.417018402836
224 8.909 1 0.000168833361472 0.417187236198
225 8.92 1 0.000168833361472 0.417356069559
226 9.066 1 0.000168833361472 0.417524902921
227 9.176 1 0.000168833361472 0.417693736282
228 9.243 1 0.000168833361472 0.417862569644
229 9.6 1 0.000168833361472 0.418031403005
230 9.642 1 0.000168833361472 0.418200236367
231 9.92 1 0.000168833361472 0.418369069728
232 10.0 9 0.00151950025325 0.419888569981
233 10.01 17 0.00287016714503 0.422758737126
234 10.063 3 0.000506500084417 0.423265237211
235 10.091 1 0.000168833361472 0.423434070572
236 10.092 1 0.000168833361472 0.423602903934
237 10.133 11 0.00185716697619 0.42546007091
238 10.134 10 0.00168833361472 0.427148404525
239 10.143 1 0.000168833361472 0.427317237886
240 10.24 62 0.0104676684113 0.437784906297
241 10.293 1 0.000168833361472 0.437953739659
242 10.51 1 0.000168833361472 0.43812257302
243 10.512 1 0.000168833361472 0.438291406382
244 10.577 1 0.000168833361472 0.438460239743
245 10.666 5 0.000844166807361 0.439304406551
246 10.667 12 0.00202600033767 0.441330406888
247 10.677 16 0.00270133378356 0.444031740672
248 10.678 6 0.00101300016883 0.445044740841
249 10.68 1 0.000168833361472 0.445213574202
250 10.712 1 0.000168833361472 0.445382407564
251 10.713 1 0.000168833361472 0.445551240925
252 10.8 4 0.000675333445889 0.446226574371
253 10.844 1 0.000168833361472 0.446395407733
254 10.911 1 0.000168833361472 0.446564241094
255 11.04 1 0.000168833361472 0.446733074456
256 11.28 1 0.000168833361472 0.446901907817
257 11.301 1 0.000168833361472 0.447070741178
258 11.32 1 0.000168833361472 0.44723957454
259 11.8 1 0.000168833361472 0.447408407901
260 12.412 1 0.000168833361472 0.447577241263
261 12.467 1 0.000168833361472 0.447746074624
262 12.512 1 0.000168833361472 0.447914907986
263 13.067 1 0.000168833361472 0.448083741347
264 13.48 2 0.000337666722944 0.44842140807
265 13.6 1 0.000168833361472 0.448590241432
266 14.181 1 0.000168833361472 0.448759074793
267 14.266 1 0.000168833361472 0.448927908155
268 15.0 4 0.000675333445889 0.449603241601
269 15.015 7 0.00118183353031 0.450785075131
270 15.2 75 0.0126625021104 0.463447577241
271 15.215 1 0.000168833361472 0.463616410603
272 15.24 3 0.000506500084417 0.464122910687
273 15.36 66 0.0111430018572 0.475265912544
274 15.44 1 0.000168833361472 0.475434745906
275 15.782 1 0.000168833361472 0.475603579267
276 15.849 1 0.000168833361472 0.475772412629
277 16.0 45 0.00759750126625 0.483369913895
278 16.016 56 0.00945466824244 0.492824582137
279 16.069 1 0.000168833361472 0.492993415499
280 16.2 4 0.000675333445889 0.493668748945
281 16.44 1 0.000168833361472 0.493837582306
282 16.56 1 0.000168833361472 0.494006415668
283 16.8 1 0.000168833361472 0.494175249029
284 16.88 1 0.000168833361472 0.494344082391
285 17.051 1 0.000168833361472 0.494512915752
286 19.6 1 0.000168833361472 0.494681749114
287 19.8 1 0.000168833361472 0.494850582475
288 20.0 3 0.000506500084417 0.49535708256
289 20.02 32 0.00540266756711 0.500759750127
290 20.126 3 0.000506500084417 0.501266250211
291 20.127 24 0.00405200067533 0.505318250886
292 20.183 5 0.000844166807361 0.506162417694
293 20.266 43 0.00725983454331 0.513422252237
294 20.267 81 0.0136755022793 0.527097754516
295 20.287 9 0.00151950025325 0.52861725477
296 20.48 370 0.0624683437447 0.591085598514
297 20.586 1 0.000168833361472 0.591254431876
298 20.6 1 0.000168833361472 0.591423265237
299 21.333 78 0.0131690021948 0.604592267432
300 21.334 38 0.00641566773594 0.611007935168
301 21.354 59 0.00996116832686 0.620969103495
302 21.355 118 0.0199223366537 0.640891440149
303 21.425 8 0.00135066689178 0.64224210704
304 21.426 7 0.00118183353031 0.643423940571
305 21.6 26 0.00438966739828 0.647813607969
306 21.822 1 0.000168833361472 0.64798244133
307 22.733 1 0.000168833361472 0.648151274692
308 24.76 1 0.000168833361472 0.648320108053
309 25.0 72 0.012156002026 0.660476110079
310 25.025 92 0.0155326692554 0.676008779335
311 25.158 4 0.000675333445889 0.676684112781
312 25.159 1 0.000168833361472 0.676852946142
313 25.229 3 0.000506500084417 0.677359446227
314 25.333 14 0.00236366706061 0.679723113287
315 25.334 8 0.00135066689178 0.681073780179
316 25.358 1 0.000168833361472 0.68124261354
317 25.359 3 0.000506500084417 0.681749113625
318 25.6 225 0.0379875063313 0.719736619956
319 26.04 1 0.000168833361472 0.719905453318
320 26.48 1 0.000168833361472 0.720074286679
321 26.666 39 0.00658450109742 0.726658787776
322 26.667 62 0.0104676684113 0.737126456188
323 26.693 59 0.00996116832686 0.747087624515
324 26.694 20 0.00337666722944 0.750464291744
325 26.781 1 0.000168833361472 0.750633125106
326 26.782 6 0.00101300016883 0.751646125274
327 27.0 39 0.00658450109742 0.758230626372
328 28.32 1 0.000168833361472 0.758399459733
329 28.434 1 0.000168833361472 0.758568293095
330 28.56 1 0.000168833361472 0.758737126456
331 30.0 13 0.00219483369914 0.760931960155
332 30.03 83 0.0140131690022 0.774945129158
333 30.13 1 0.000168833361472 0.775113962519
334 30.19 1 0.000168833361472 0.77528279588
335 30.191 2 0.000337666722944 0.775620462603
336 30.274 3 0.000506500084417 0.776126962688
337 30.4 5 0.000844166807361 0.776971129495
338 30.43 1 0.000168833361472 0.777139962857
339 30.72 179 0.0302211717035 0.80736113456
340 30.879 1 0.000168833361472 0.807529967922
341 30.88 1 0.000168833361472 0.807698801283
342 32.0 57 0.00962350160392 0.817322302887
343 32.032 81 0.0136755022793 0.830997805166
344 32.138 3 0.000506500084417 0.831504305251
345 32.139 1 0.000168833361472 0.831673138612
346 32.4 55 0.00928583488097 0.840958973493
347 33.767 1 0.000168833361472 0.841127806855
348 35.0 17 0.00287016714503 0.843997974
349 35.035 68 0.0114806685801 0.85547864258
350 35.08 1 0.000168833361472 0.855647475941
351 35.466 1 0.000168833361472 0.855816309303
352 35.502 1 0.000168833361472 0.855985142664
353 35.7 1 0.000168833361472 0.856153976026
354 35.84 127 0.021441836907 0.877595812933
355 36.026 3 0.000506500084417 0.878102313017
356 36.16 1 0.000168833361472 0.878271146379
357 36.56 1 0.000168833361472 0.87843997974
358 37.0 1 0.000168833361472 0.878608813101
359 37.333 22 0.00371433395239 0.882323147054
360 37.334 11 0.00185716697619 0.88418031403
361 37.37 17 0.00287016714503 0.887050481175
362 37.371 27 0.00455850075975 0.891608981935
363 37.8 46 0.00776633462772 0.899375316563
364 40.0 25 0.00422083403681 0.903596150599
365 40.04 32 0.00540266756711 0.908998818166
366 40.534 1 0.000168833361472 0.909167651528
367 40.574 1 0.000168833361472 0.909336484889
368 40.96 74 0.0124936687489 0.921830153638
369 41.172 3 0.000506500084417 0.922336653723
370 41.173 2 0.000337666722944 0.922674320446
371 42.666 3 0.000506500084417 0.92318082053
372 42.667 12 0.00202600033767 0.925206820868
373 42.709 22 0.00371433395239 0.92892115482
374 42.71 14 0.00236366706061 0.931284821881
375 42.851 3 0.000506500084417 0.931791321965
376 43.2 22 0.00371433395239 0.935505655918
377 43.68 1 0.000168833361472 0.935674489279
378 44.68 1 0.000168833361472 0.935843322641
379 45.0 15 0.00253250042208 0.938375823063
380 45.045 21 0.00354550059092 0.941921323654
381 45.285 1 0.000168833361472 0.942090157015
382 46.08 68 0.0114806685801 0.953570825595
383 46.319 3 0.000506500084417 0.95407732568
384 47.68 1 0.000168833361472 0.954246159041
385 48.0 13 0.00219483369914 0.95644099274
386 48.048 15 0.00253250042208 0.958973493162
387 48.6 10 0.00168833361472 0.960661826777
388 50.0 8 0.00135066689178 0.962012493669
389 50.05 6 0.00101300016883 0.963025493838
390 50.667 1 0.000168833361472 0.963194327199
391 50.717 1 0.000168833361472 0.963363160561
392 51.2 37 0.00624683437447 0.969609994935
393 53.333 6 0.00101300016883 0.970622995104
394 53.334 1 0.000168833361472 0.970791828465
395 53.386 3 0.000506500084417 0.97129832855
396 53.387 13 0.00219483369914 0.973493162249
397 54.0 4 0.000675333445889 0.974168495695
398 55.0 13 0.00219483369914 0.976363329394
399 55.055 4 0.000675333445889 0.97703866284
400 55.733 1 0.000168833361472 0.977207496201
401 56.32 13 0.00219483369914 0.9794023299
402 56.612 1 0.000168833361472 0.979571163262
403 57.12 1 0.000168833361472 0.979739996623
404 58.667 2 0.000337666722944 0.980077663346
405 58.725 7 0.00118183353031 0.981259496877
406 58.726 2 0.000337666722944 0.9815971636
407 59.033 1 0.000168833361472 0.981765996961
408 59.759 1 0.000168833361472 0.981934830322
409 60.0 9 0.00151950025325 0.983454330576
410 60.06 1 0.000168833361472 0.983623163937
411 60.8 1 0.000168833361472 0.983791997299
412 61.44 12 0.00202600033767 0.985817997636
413 64.064 8 0.00135066689178 0.987168664528
414 64.8 1 0.000168833361472 0.98733749789
415 65.0 2 0.000337666722944 0.987675164613
416 65.866 1 0.000168833361472 0.987843997974
417 66.56 3 0.000506500084417 0.988350498058
418 69.333 1 0.000168833361472 0.98851933142
419 69.334 2 0.000337666722944 0.988856998143
420 69.403 1 0.000168833361472 0.989025831504
421 70.0 1 0.000168833361472 0.989194664866
422 70.2 1 0.000168833361472 0.989363498227
423 71.68 6 0.00101300016883 0.990376498396
424 74.666 1 0.000168833361472 0.990545331758
425 74.741 4 0.000675333445889 0.991220665203
426 75.0 2 0.000337666722944 0.991558331926
427 75.6 1 0.000168833361472 0.991727165288
428 76.0 2 0.000337666722944 0.992064832011
429 76.8 4 0.000675333445889 0.992740165457
430 80.0 1 0.000168833361472 0.992908998818
431 80.08 3 0.000506500084417 0.993415498903
432 81.067 2 0.000337666722944 0.993753165626
433 81.92 1 0.000168833361472 0.993921998987
434 87.04 5 0.000844166807361 0.994766165794
435 90.0 3 0.000506500084417 0.995272665879
436 90.757 1 0.000168833361472 0.99544149924
437 95.0 3 0.000506500084417 0.995947999325
438 95.095 1 0.000168833361472 0.996116832686
439 96.096 3 0.000506500084417 0.996623332771
440 100.0 1 0.000168833361472 0.996792166132
441 101.334 1 0.000168833361472 0.996960999493
442 101.435 1 0.000168833361472 0.997129832855
443 102.4 1 0.000168833361472 0.997298666216
444 105.0 2 0.000337666722944 0.997636332939
445 110.733 1 0.000168833361472 0.997805166301
446 115.115 1 0.000168833361472 0.997973999662
447 120.0 1 0.000168833361472 0.998142833024
448 125.125 1 0.000168833361472 0.998311666385
449 126.666 1 0.000168833361472 0.998480499747
450 130.0 1 0.000168833361472 0.998649333108
451 130.13 1 0.000168833361472 0.99881816647
452 135.135 1 0.000168833361472 0.998986999831
453 140.0 1 0.000168833361472 0.999155833193
454 155.0 1 0.000168833361472 0.999324666554
455 157.067 1 0.000168833361472 0.999493499916
456 165.0 1 0.000168833361472 0.999662333277
457 170.0 1 0.000168833361472 0.999831166639
458 230.0 1 0.000168833361472 1.0
