0 0.0 282.0 0.0192649269026 0.0192649269026
1 0.067 1.0 6.83153436262e-05 0.0193332422462
2 0.12 2.0 0.000136630687252 0.0194698729335
3 0.2 2.0 0.000136630687252 0.0196065036207
4 0.24 2.0 0.000136630687252 0.019743134308
5 0.333 3.0 0.000204946030879 0.0199480803388
6 0.334 3.0 0.000204946030879 0.0201530263697
7 0.36 1.0 6.83153436262e-05 0.0202213417133
8 0.417 1.0 6.83153436262e-05 0.020289657057
9 0.44 2.0 0.000136630687252 0.0204262877442
10 0.52 1.0 6.83153436262e-05 0.0204946030879
11 0.6 1.0 6.83153436262e-05 0.0205629184315
12 0.8 1.0 6.83153436262e-05 0.0206312337751
13 0.92 1.0 6.83153436262e-05 0.0206995491187
14 0.96 1.0 6.83153436262e-05 0.0207678644624
15 1.0 2.0 0.000136630687252 0.0209044951496
16 1.067 1.0 6.83153436262e-05 0.0209728104932
17 1.08 1.0 6.83153436262e-05 0.0210411258369
18 1.12 3.0 0.000204946030879 0.0212460718677
19 1.166 1.0 6.83153436262e-05 0.0213143872114
20 1.167 1.0 6.83153436262e-05 0.021382702555
21 1.205 1.0 6.83153436262e-05 0.0214510178986
22 1.28 2.0 0.000136630687252 0.0215876485859
23 1.56 3.0 0.000204946030879 0.0217925946168
24 1.734 1.0 6.83153436262e-05 0.0218609099604
25 1.833 1.0 6.83153436262e-05 0.021929225304
26 1.841 1.0 6.83153436262e-05 0.0219975406476
27 2.0 1.0 6.83153436262e-05 0.0220658559913
28 2.04 1.0 6.83153436262e-05 0.0221341713349
29 2.067 1.0 6.83153436262e-05 0.0222024866785
30 2.086 1.0 6.83153436262e-05 0.0222708020221
31 2.12 1.0 6.83153436262e-05 0.0223391173658
32 2.2 1.0 6.83153436262e-05 0.0224074327094
33 2.236 1.0 6.83153436262e-05 0.022475748053
34 2.25 1.0 6.83153436262e-05 0.0225440633966
35 2.269 1.0 6.83153436262e-05 0.0226123787403
36 2.31 1.0 6.83153436262e-05 0.0226806940839
37 2.36 1.0 6.83153436262e-05 0.0227490094275
38 2.4 1.0 6.83153436262e-05 0.0228173247711
39 2.41 1.0 6.83153436262e-05 0.0228856401148
40 2.433 1.0 6.83153436262e-05 0.0229539554584
41 2.44 1.0 6.83153436262e-05 0.023022270802
42 2.48 1.0 6.83153436262e-05 0.0230905861456
43 2.567 1.0 6.83153436262e-05 0.0231589014893
44 2.64 1.0 6.83153436262e-05 0.0232272168329
45 2.68 3.0 0.000204946030879 0.0234321628638
46 2.72 3.0 0.000204946030879 0.0236371088947
47 2.767 1.0 6.83153436262e-05 0.0237054242383
48 2.803 1.0 6.83153436262e-05 0.0237737395819
49 2.92 1.0 6.83153436262e-05 0.0238420549255
50 2.946 1.0 6.83153436262e-05 0.0239103702692
51 2.96 1.0 6.83153436262e-05 0.0239786856128
52 3.003 1.0 6.83153436262e-05 0.0240470009564
53 3.04 1.0 6.83153436262e-05 0.0241153163
54 3.047 1.0 6.83153436262e-05 0.0241836316437
55 3.067 1.0 6.83153436262e-05 0.0242519469873
56 3.083 1.0 6.83153436262e-05 0.0243202623309
57 3.103 1.0 6.83153436262e-05 0.0243885776745
58 3.16 1.0 6.83153436262e-05 0.0244568930182
59 3.253 1.0 6.83153436262e-05 0.0245252083618
60 3.28 1.0 6.83153436262e-05 0.0245935237054
61 3.336 1.0 6.83153436262e-05 0.0246618390491
62 3.404 1.0 6.83153436262e-05 0.0247301543927
63 3.47 1.0 6.83153436262e-05 0.0247984697363
64 3.515 1.0 6.83153436262e-05 0.0248667850799
65 3.56 2.0 0.000136630687252 0.0250034157672
66 3.6 1.0 6.83153436262e-05 0.0250717311108
67 3.603 1.0 6.83153436262e-05 0.0251400464544
68 3.659 1.0 6.83153436262e-05 0.0252083617981
69 3.737 1.0 6.83153436262e-05 0.0252766771417
70 3.76 2.0 0.000136630687252 0.0254133078289
71 3.767 1.0 6.83153436262e-05 0.0254816231726
72 3.783 1.0 6.83153436262e-05 0.0255499385162
73 3.804 2.0 0.000136630687252 0.0256865692034
74 3.833 1.0 6.83153436262e-05 0.0257548845471
75 3.84 1.0 6.83153436262e-05 0.0258231998907
76 3.867 1.0 6.83153436262e-05 0.0258915152343
77 3.92 1.0 6.83153436262e-05 0.0259598305779
78 3.96 2.0 0.000136630687252 0.0260964612652
79 3.971 1.0 6.83153436262e-05 0.0261647766088
80 4.0 3.0 0.000204946030879 0.0263697226397
81 4.004 1.0 6.83153436262e-05 0.0264380379833
82 4.04 4.0 0.000273261374505 0.0267112993578
83 4.104 1.0 6.83153436262e-05 0.0267796147015
84 4.12 2.0 0.000136630687252 0.0269162453887
85 4.152 1.0 6.83153436262e-05 0.0269845607323
86 4.16 2.0 0.000136630687252 0.0271211914196
87 4.2 1.0 6.83153436262e-05 0.0271895067632
88 4.252 1.0 6.83153436262e-05 0.0272578221068
89 4.271 1.0 6.83153436262e-05 0.0273261374505
90 4.28 2.0 0.000136630687252 0.0274627681377
91 4.3 1.0 6.83153436262e-05 0.0275310834813
92 4.32 1.0 6.83153436262e-05 0.027599398825
93 4.333 1.0 6.83153436262e-05 0.0276677141686
94 4.367 1.0 6.83153436262e-05 0.0277360295122
95 4.4 2.0 0.000136630687252 0.0278726601995
96 4.467 1.0 6.83153436262e-05 0.0279409755431
97 4.471 2.0 0.000136630687252 0.0280776062304
98 4.48 3.0 0.000204946030879 0.0282825522612
99 4.538 1.0 6.83153436262e-05 0.0283508676049
100 4.56 1.0 6.83153436262e-05 0.0284191829485
101 4.567 1.0 6.83153436262e-05 0.0284874982921
102 4.6 4.0 0.000273261374505 0.0287607596666
103 4.605 1.0 6.83153436262e-05 0.0288290750102
104 4.638 1.0 6.83153436262e-05 0.0288973903539
105 4.68 4.0 0.000273261374505 0.0291706517284
106 4.72 2.0 0.000136630687252 0.0293072824156
107 4.738 1.0 6.83153436262e-05 0.0293755977593
108 4.76 3.0 0.000204946030879 0.0295805437901
109 4.84 1.0 6.83153436262e-05 0.0296488591338
110 4.871 1.0 6.83153436262e-05 0.0297171744774
111 4.88 2.0 0.000136630687252 0.0298538051646
112 4.917 1.0 6.83153436262e-05 0.0299221205083
113 4.937 1.0 6.83153436262e-05 0.0299904358519
114 4.938 1.0 6.83153436262e-05 0.0300587511955
115 4.955 1.0 6.83153436262e-05 0.0301270665391
116 4.96 2.0 0.000136630687252 0.0302636972264
117 5.0 789.0 0.0539008061211 0.0841645033475
118 5.005 910.0 0.0621669626998 0.146331466047
119 5.021 1.0 6.83153436262e-05 0.146399781391
120 5.031 8.0 0.000546522749009 0.14694630414
121 5.032 24.0 0.00163956824703 0.148585872387
122 5.04 1.0 6.83153436262e-05 0.148654187731
123 5.045 12.0 0.000819784123514 0.149473971854
124 5.046 35.0 0.00239103702692 0.151865008881
125 5.066 142.0 0.00970077879492 0.161565787676
126 5.067 296.0 0.0202213417133 0.181787129389
127 5.071 5.0 0.000341576718131 0.182128706107
128 5.072 11.0 0.000751468779888 0.182880174887
129 5.12 3005.0 0.205287607597 0.388167782484
130 5.122 1.0 6.83153436262e-05 0.388236097828
131 5.133 1.0 6.83153436262e-05 0.388304413171
132 5.146 24.0 0.00163956824703 0.389943981418
133 5.147 35.0 0.00239103702692 0.392335018445
134 5.239 1.0 6.83153436262e-05 0.392403333789
135 5.272 1.0 6.83153436262e-05 0.392471649132
136 5.292 1.0 6.83153436262e-05 0.392539964476
137 5.333 498.0 0.0340210411258 0.426561005602
138 5.334 243.0 0.0166006285012 0.443161634103
139 5.338 461.0 0.0314933734117 0.474655007515
140 5.339 955.0 0.065241153163 0.539896160678
141 5.356 45.0 0.00307419046318 0.542970351141
142 5.357 23.0 0.0015712529034 0.544541604044
143 5.4 518.0 0.0353873479984 0.579928952043
144 5.405 1.0 6.83153436262e-05 0.579997267386
145 5.44 1.0 6.83153436262e-05 0.58006558273
146 5.472 1.0 6.83153436262e-05 0.580133898074
147 5.48 1.0 6.83153436262e-05 0.580202213417
148 5.52 1.0 6.83153436262e-05 0.580270528761
149 5.533 1.0 6.83153436262e-05 0.580338844104
150 5.539 1.0 6.83153436262e-05 0.580407159448
151 5.56 2.0 0.000136630687252 0.580543790135
152 5.6 1.0 6.83153436262e-05 0.580612105479
153 5.666 1.0 6.83153436262e-05 0.580680420823
154 5.673 2.0 0.000136630687252 0.58081705151
155 5.68 2.0 0.000136630687252 0.580953682197
156 5.72 1.0 6.83153436262e-05 0.581021997541
157 5.734 1.0 6.83153436262e-05 0.581090312884
158 5.739 1.0 6.83153436262e-05 0.581158628228
159 5.758 1.0 6.83153436262e-05 0.581226943572
160 5.76 2.0 0.000136630687252 0.581363574259
161 5.772 1.0 6.83153436262e-05 0.581431889602
162 5.8 1.0 6.83153436262e-05 0.581500204946
163 5.806 1.0 6.83153436262e-05 0.58156852029
164 5.84 1.0 6.83153436262e-05 0.581636835633
165 5.939 1.0 6.83153436262e-05 0.581705150977
166 5.96 2.0 0.000136630687252 0.581841781664
167 6.006 1.0 6.83153436262e-05 0.581910097008
168 6.039 1.0 6.83153436262e-05 0.581978412351
169 6.066 1.0 6.83153436262e-05 0.582046727695
170 6.099 1.0 6.83153436262e-05 0.582115043039
171 6.206 2.0 0.000136630687252 0.582251673726
172 6.24 1.0 6.83153436262e-05 0.58231998907
173 6.273 1.0 6.83153436262e-05 0.582388304413
174 6.28 1.0 6.83153436262e-05 0.582456619757
175 6.333 2.0 0.000136630687252 0.582593250444
176 6.34 1.0 6.83153436262e-05 0.582661565788
177 6.366 1.0 6.83153436262e-05 0.582729881131
178 6.367 1.0 6.83153436262e-05 0.582798196475
179 6.406 1.0 6.83153436262e-05 0.582866511819
180 6.54 1.0 6.83153436262e-05 0.582934827162
181 6.574 1.0 6.83153436262e-05 0.583003142506
182 6.6 1.0 6.83153436262e-05 0.583071457849
183 6.634 1.0 6.83153436262e-05 0.583139773193
184 6.64 2.0 0.000136630687252 0.58327640388
185 6.674 1.0 6.83153436262e-05 0.583344719224
186 6.72 1.0 6.83153436262e-05 0.583413034568
187 6.767 1.0 6.83153436262e-05 0.583481349911
188 6.796 1.0 6.83153436262e-05 0.583549665255
189 6.807 2.0 0.000136630687252 0.583686295942
190 6.93 1.0 6.83153436262e-05 0.583754611286
191 6.96 1.0 6.83153436262e-05 0.583822926629
192 7.073 1.0 6.83153436262e-05 0.583891241973
193 7.12 1.0 6.83153436262e-05 0.583959557317
194 7.207 1.0 6.83153436262e-05 0.58402787266
195 7.275 1.0 6.83153436262e-05 0.584096188004
196 7.366 1.0 6.83153436262e-05 0.584164503347
197 7.407 1.0 6.83153436262e-05 0.584232818691
198 7.44 1.0 6.83153436262e-05 0.584301134035
199 7.474 2.0 0.000136630687252 0.584437764722
200 7.52 1.0 6.83153436262e-05 0.584506080066
201 7.541 2.0 0.000136630687252 0.584642710753
202 7.599 1.0 6.83153436262e-05 0.584711026096
203 7.607 1.0 6.83153436262e-05 0.58477934144
204 7.741 1.0 6.83153436262e-05 0.584847656784
205 7.875 2.0 0.000136630687252 0.584984287471
206 7.9 1.0 6.83153436262e-05 0.585052602815
207 7.933 1.0 6.83153436262e-05 0.585120918158
208 8.008 1.0 6.83153436262e-05 0.585189233502
209 8.08 3.0 0.000204946030879 0.585394179533
210 8.12 1.0 6.83153436262e-05 0.585462494876
211 8.2 1.0 6.83153436262e-05 0.58553081022
212 8.275 1.0 6.83153436262e-05 0.585599125564
213 8.28 1.0 6.83153436262e-05 0.585667440907
214 8.32 1.0 6.83153436262e-05 0.585735756251
215 8.36 1.0 6.83153436262e-05 0.585804071594
216 8.4 1.0 6.83153436262e-05 0.585872386938
217 8.409 1.0 6.83153436262e-05 0.585940702282
218 8.56 1.0 6.83153436262e-05 0.586009017625
219 8.599 1.0 6.83153436262e-05 0.586077332969
220 8.676 1.0 6.83153436262e-05 0.586145648313
221 8.76 1.0 6.83153436262e-05 0.586213963656
222 8.88 1.0 6.83153436262e-05 0.586282279
223 8.96 1.0 6.83153436262e-05 0.586350594343
224 9.076 1.0 6.83153436262e-05 0.586418909687
225 9.08 1.0 6.83153436262e-05 0.586487225031
226 9.12 1.0 6.83153436262e-05 0.586555540374
227 9.25 1.0 6.83153436262e-05 0.586623855718
228 9.28 1.0 6.83153436262e-05 0.586692171062
229 9.4 1.0 6.83153436262e-05 0.586760486405
230 9.41 1.0 6.83153436262e-05 0.586828801749
231 9.48 1.0 6.83153436262e-05 0.586897117092
232 9.61 1.0 6.83153436262e-05 0.586965432436
233 9.64 1.0 6.83153436262e-05 0.58703374778
234 9.72 1.0 6.83153436262e-05 0.587102063123
235 9.743 1.0 6.83153436262e-05 0.587170378467
236 9.8 1.0 6.83153436262e-05 0.587238693811
237 10.0 47.0 0.00321082115043 0.590449514961
238 10.01 53.0 0.00362071321219 0.594070228173
239 10.063 4.0 0.000273261374505 0.594343489548
240 10.064 2.0 0.000136630687252 0.594480120235
241 10.077 2.0 0.000136630687252 0.594616750922
242 10.091 6.0 0.000409892061757 0.595026642984
243 10.092 5.0 0.000341576718131 0.595368219702
244 10.12 1.0 6.83153436262e-05 0.595436535046
245 10.133 39.0 0.00266429840142 0.598100833447
246 10.134 16.0 0.00109304549802 0.599193878945
247 10.143 2.0 0.000136630687252 0.599330509632
248 10.144 3.0 0.000204946030879 0.599535455663
249 10.166 1.0 6.83153436262e-05 0.599603771007
250 10.21 1.0 6.83153436262e-05 0.599672086351
251 10.24 225.0 0.0153709523159 0.615043038666
252 10.276 1.0 6.83153436262e-05 0.61511135401
253 10.28 1.0 6.83153436262e-05 0.615179669354
254 10.293 2.0 0.000136630687252 0.615316300041
255 10.334 1.0 6.83153436262e-05 0.615384615385
256 10.343 1.0 6.83153436262e-05 0.615452930728
257 10.344 1.0 6.83153436262e-05 0.615521246072
258 10.367 1.0 6.83153436262e-05 0.615589561415
259 10.477 1.0 6.83153436262e-05 0.615657876759
260 10.578 1.0 6.83153436262e-05 0.615726192103
261 10.666 29.0 0.00198114496516 0.617707337068
262 10.667 56.0 0.00382565924307 0.621532996311
263 10.677 71.0 0.00485038939746 0.626383385708
264 10.678 23.0 0.0015712529034 0.627954638612
265 10.68 1.0 6.83153436262e-05 0.628022953955
266 10.712 2.0 0.000136630687252 0.628159584643
267 10.713 2.0 0.000136630687252 0.62829621533
268 10.777 1.0 6.83153436262e-05 0.628364530674
269 10.8 37.0 0.00252766771417 0.630892198388
270 10.84 1.0 6.83153436262e-05 0.630960513731
271 10.878 1.0 6.83153436262e-05 0.631028829075
272 11.0 1.0 6.83153436262e-05 0.631097144419
273 11.011 1.0 6.83153436262e-05 0.631165459762
274 11.08 1.0 6.83153436262e-05 0.631233775106
275 11.167 1.0 6.83153436262e-05 0.63130209045
276 11.267 1.0 6.83153436262e-05 0.631370405793
277 11.303 1.0 6.83153436262e-05 0.631438721137
278 11.36 1.0 6.83153436262e-05 0.63150703648
279 11.4 1.0 6.83153436262e-05 0.631575351824
280 11.6 1.0 6.83153436262e-05 0.631643667168
281 11.611 1.0 6.83153436262e-05 0.631711982511
282 11.666 1.0 6.83153436262e-05 0.631780297855
283 11.812 1.0 6.83153436262e-05 0.631848613199
284 12.146 1.0 6.83153436262e-05 0.631916928542
285 12.32 1.0 6.83153436262e-05 0.631985243886
286 12.36 1.0 6.83153436262e-05 0.632053559229
287 12.679 1.0 6.83153436262e-05 0.632121874573
288 13.413 1.0 6.83153436262e-05 0.632190189917
289 13.44 1.0 6.83153436262e-05 0.63225850526
290 13.6 1.0 6.83153436262e-05 0.632326820604
291 13.614 1.0 6.83153436262e-05 0.632395135948
292 14.08 1.0 6.83153436262e-05 0.632463451291
293 14.081 1.0 6.83153436262e-05 0.632531766635
294 14.233 1.0 6.83153436262e-05 0.632600081978
295 14.24 1.0 6.83153436262e-05 0.632668397322
296 14.348 1.0 6.83153436262e-05 0.632736712666
297 14.614 1.0 6.83153436262e-05 0.632805028009
298 14.815 1.0 6.83153436262e-05 0.632873343353
299 15.0 21.0 0.00143462221615 0.634307965569
300 15.015 37.0 0.00252766771417 0.636835633283
301 15.095 2.0 0.000136630687252 0.63697226397
302 15.137 5.0 0.000341576718131 0.637313840689
303 15.2 25.0 0.00170788359065 0.639021724279
304 15.215 2.0 0.000136630687252 0.639158354967
305 15.282 1.0 6.83153436262e-05 0.63922667031
306 15.36 111.0 0.00758300314251 0.646809673453
307 15.44 1.0 6.83153436262e-05 0.646877988796
308 15.6 1.0 6.83153436262e-05 0.64694630414
309 15.84 1.0 6.83153436262e-05 0.647014619484
310 15.96 1.0 6.83153436262e-05 0.647082934827
311 16.0 47.0 0.00321082115043 0.650293755978
312 16.016 48.0 0.00327913649406 0.653572892472
313 16.069 2.0 0.000136630687252 0.653709523159
314 16.07 1.0 6.83153436262e-05 0.653777838503
315 16.12 1.0 6.83153436262e-05 0.653846153846
316 16.2 20.0 0.00136630687252 0.655212460719
317 16.32 1.0 6.83153436262e-05 0.655280776062
318 16.417 1.0 6.83153436262e-05 0.655349091406
319 16.56 1.0 6.83153436262e-05 0.65541740675
320 16.75 1.0 6.83153436262e-05 0.655485722093
321 16.76 1.0 6.83153436262e-05 0.655554037437
322 16.8 1.0 6.83153436262e-05 0.65562235278
323 17.067 1.0 6.83153436262e-05 0.655690668124
324 17.084 1.0 6.83153436262e-05 0.655758983468
325 17.133 1.0 6.83153436262e-05 0.655827298811
326 17.142 1.0 6.83153436262e-05 0.655895614155
327 17.2 1.0 6.83153436262e-05 0.655963929499
328 17.751 1.0 6.83153436262e-05 0.656032244842
329 18.618 1.0 6.83153436262e-05 0.656100560186
330 18.696 1.0 6.83153436262e-05 0.656168875529
331 19.84 1.0 6.83153436262e-05 0.656237190873
332 19.953 1.0 6.83153436262e-05 0.656305506217
333 20.0 19.0 0.0012979915289 0.657603497746
334 20.02 25.0 0.00170788359065 0.659311381336
335 20.126 1.0 6.83153436262e-05 0.65937969668
336 20.127 1.0 6.83153436262e-05 0.659448012023
337 20.153 1.0 6.83153436262e-05 0.659516327367
338 20.183 2.0 0.000136630687252 0.659652958054
339 20.266 6.0 0.000409892061757 0.660062850116
340 20.267 12.0 0.000819784123514 0.66088263424
341 20.287 2.0 0.000136630687252 0.661019264927
342 20.48 83.0 0.00567017352097 0.666689438448
343 20.586 2.0 0.000136630687252 0.666826069135
344 20.64 1.0 6.83153436262e-05 0.666894384479
345 20.667 1.0 6.83153436262e-05 0.666962699822
346 20.888 1.0 6.83153436262e-05 0.667031015166
347 21.333 18.0 0.00122967618527 0.668260691351
348 21.334 10.0 0.000683153436262 0.668943844788
349 21.354 6.0 0.000409892061757 0.669353736849
350 21.355 28.0 0.00191282962153 0.671266566471
351 21.367 1.0 6.83153436262e-05 0.671334881814
352 21.425 3.0 0.000204946030879 0.671539827845
353 21.6 15.0 0.00102473015439 0.672564558
354 21.688 1.0 6.83153436262e-05 0.672632873343
355 22.022 1.0 6.83153436262e-05 0.672701188687
356 22.44 1.0 6.83153436262e-05 0.672769504031
357 22.64 1.0 6.83153436262e-05 0.672837819374
358 22.833 1.0 6.83153436262e-05 0.672906134718
359 22.96 1.0 6.83153436262e-05 0.672974450061
360 23.223 1.0 6.83153436262e-05 0.673042765405
361 23.64 1.0 6.83153436262e-05 0.673111080749
362 23.92 1.0 6.83153436262e-05 0.673179396092
363 24.09 1.0 6.83153436262e-05 0.673247711436
364 24.12 1.0 6.83153436262e-05 0.67331602678
365 24.892 1.0 6.83153436262e-05 0.673384342123
366 25.0 95.0 0.00648995764449 0.679874299768
367 25.025 57.0 0.00389397458669 0.683768274354
368 25.158 19.0 0.0012979915289 0.685066265883
369 25.159 27.0 0.00184451427791 0.686910780161
370 25.2 2.0 0.000136630687252 0.687047410848
371 25.228 21.0 0.00143462221615 0.688482033065
372 25.229 43.0 0.00293755977593 0.691419592841
373 25.333 223.0 0.0152343216286 0.706653914469
374 25.334 111.0 0.00758300314251 0.714236917612
375 25.358 1.0 6.83153436262e-05 0.714305232955
376 25.359 8.0 0.000546522749009 0.714851755704
377 25.426 1.0 6.83153436262e-05 0.714920071048
378 25.44 1.0 6.83153436262e-05 0.714988386392
379 25.534 1.0 6.83153436262e-05 0.715056701735
380 25.6 504.0 0.0344309331876 0.749487634923
381 25.682 1.0 6.83153436262e-05 0.749555950266
382 25.826 1.0 6.83153436262e-05 0.74962426561
383 26.24 1.0 6.83153436262e-05 0.749692580954
384 26.32 1.0 6.83153436262e-05 0.749760896297
385 26.36 2.0 0.000136630687252 0.749897526985
386 26.56 1.0 6.83153436262e-05 0.749965842328
387 26.666 68.0 0.00464544336658 0.754611285695
388 26.667 142.0 0.00970077879492 0.76431206449
389 26.693 127.0 0.00867604864052 0.77298811313
390 26.694 58.0 0.00396228993032 0.776950403061
391 26.781 1.0 6.83153436262e-05 0.777018718404
392 26.782 3.0 0.000204946030879 0.777223664435
393 27.0 46.0 0.0031425058068 0.780366170242
394 27.027 1.0 6.83153436262e-05 0.780434485585
395 27.28 1.0 6.83153436262e-05 0.780502800929
396 27.36 1.0 6.83153436262e-05 0.780571116273
397 27.762 1.0 6.83153436262e-05 0.780639431616
398 28.067 1.0 6.83153436262e-05 0.78070774696
399 28.069 1.0 6.83153436262e-05 0.780776062304
400 28.161 1.0 6.83153436262e-05 0.780844377647
401 28.228 1.0 6.83153436262e-05 0.780912692991
402 30.0 23.0 0.0015712529034 0.782483945894
403 30.03 81.0 0.00553354283372 0.788017488728
404 30.19 8.0 0.000546522749009 0.788564011477
405 30.191 2.0 0.000136630687252 0.788700642164
406 30.274 6.0 0.000409892061757 0.789110534226
407 30.275 2.0 0.000136630687252 0.789247164913
408 30.4 115.0 0.00785626451701 0.79710342943
409 30.43 24.0 0.00163956824703 0.798742997677
410 30.431 15.0 0.00102473015439 0.799767727832
411 30.72 576.0 0.0393496379287 0.83911736576
412 30.964 1.0 6.83153436262e-05 0.839185681104
413 31.28 1.0 6.83153436262e-05 0.839253996448
414 32.0 234.0 0.0159857904085 0.855239786856
415 32.032 268.0 0.0183085120918 0.873548298948
416 32.138 4.0 0.000273261374505 0.873821560322
417 32.139 1.0 6.83153436262e-05 0.873889875666
418 32.299 1.0 6.83153436262e-05 0.87395819101
419 32.36 1.0 6.83153436262e-05 0.874026506353
420 32.4 43.0 0.00293755977593 0.876964066129
421 34.368 1.0 6.83153436262e-05 0.877032381473
422 34.466 1.0 6.83153436262e-05 0.877100696817
423 34.801 1.0 6.83153436262e-05 0.87716901216
424 35.0 61.0 0.0041672359612 0.881336248121
425 35.035 70.0 0.00478207405383 0.886118322175
426 35.2 1.0 6.83153436262e-05 0.886186637519
427 35.222 1.0 6.83153436262e-05 0.886254952862
428 35.466 1.0 6.83153436262e-05 0.886323268206
429 35.467 9.0 0.000614838092636 0.886938106299
430 35.502 2.0 0.000136630687252 0.887074736986
431 35.702 1.0 6.83153436262e-05 0.88714305233
432 35.72 1.0 6.83153436262e-05 0.887211367673
433 35.84 177.0 0.0120918158218 0.899303183495
434 36.026 1.0 6.83153436262e-05 0.899371498839
435 36.033 1.0 6.83153436262e-05 0.899439814182
436 36.236 1.0 6.83153436262e-05 0.899508129526
437 36.4 1.0 6.83153436262e-05 0.89957644487
438 37.333 62.0 0.00423555130482 0.903811996174
439 37.334 28.0 0.00191282962153 0.905724825796
440 37.37 50.0 0.00341576718131 0.909140592977
441 37.371 80.0 0.00546522749009 0.914605820467
442 37.495 3.0 0.000204946030879 0.914810766498
443 37.8 33.0 0.00225440633966 0.917065172838
444 38.171 1.0 6.83153436262e-05 0.917133488181
445 38.272 2.0 0.000136630687252 0.917270118869
446 39.24 1.0 6.83153436262e-05 0.917338434212
447 39.974 1.0 6.83153436262e-05 0.917406749556
448 40.0 34.0 0.00232272168329 0.919729471239
449 40.04 63.0 0.00430386664845 0.924033337888
450 40.533 2.0 0.000136630687252 0.924169968575
451 40.96 135.0 0.00922257138953 0.933392539964
452 41.08 1.0 6.83153436262e-05 0.933460855308
453 41.172 5.0 0.000341576718131 0.933802432026
454 41.173 2.0 0.000136630687252 0.933939062713
455 41.175 1.0 6.83153436262e-05 0.934007378057
456 42.666 11.0 0.000751468779888 0.934758846837
457 42.667 25.0 0.00170788359065 0.936466730428
458 42.709 31.0 0.00211777565241 0.93858450608
459 42.71 20.0 0.00136630687252 0.939950812953
460 42.851 5.0 0.000341576718131 0.940292389671
461 42.96 1.0 6.83153436262e-05 0.940360705014
462 43.12 1.0 6.83153436262e-05 0.940429020358
463 43.2 48.0 0.00327913649406 0.943708156852
464 43.643 1.0 6.83153436262e-05 0.943776472196
465 43.734 1.0 6.83153436262e-05 0.943844787539
466 44.08 1.0 6.83153436262e-05 0.943913102883
467 44.244 1.0 6.83153436262e-05 0.943981418227
468 44.578 1.0 6.83153436262e-05 0.94404973357
469 45.0 27.0 0.00184451427791 0.945894247848
470 45.045 35.0 0.00239103702692 0.948285284875
471 45.6 1.0 6.83153436262e-05 0.948353600219
472 46.013 1.0 6.83153436262e-05 0.948421915562
473 46.046 1.0 6.83153436262e-05 0.948490230906
474 46.08 75.0 0.00512365077196 0.953613881678
475 46.319 1.0 6.83153436262e-05 0.953682197021
476 46.58 1.0 6.83153436262e-05 0.953750512365
477 47.047 1.0 6.83153436262e-05 0.953818827709
478 48.0 24.0 0.00163956824703 0.955458395956
479 48.048 36.0 0.00245935237054 0.957917748326
480 48.207 1.0 6.83153436262e-05 0.95798606367
481 48.533 1.0 6.83153436262e-05 0.958054379014
482 48.6 21.0 0.00143462221615 0.95948900123
483 49.116 1.0 6.83153436262e-05 0.959557316573
484 49.183 1.0 6.83153436262e-05 0.959625631917
485 49.449 1.0 6.83153436262e-05 0.959693947261
486 50.0 17.0 0.00116136084165 0.960855308102
487 50.05 39.0 0.00266429840142 0.963519606504
488 50.717 1.0 6.83153436262e-05 0.963587921847
489 50.851 1.0 6.83153436262e-05 0.963656237191
490 51.2 50.0 0.00341576718131 0.967072004372
491 51.384 1.0 6.83153436262e-05 0.967140319716
492 51.465 2.0 0.000136630687252 0.967276950403
493 51.466 2.0 0.000136630687252 0.96741358109
494 51.467 1.0 6.83153436262e-05 0.967481896434
495 51.785 1.0 6.83153436262e-05 0.967550211778
496 52.052 1.0 6.83153436262e-05 0.967618527121
497 53.333 6.0 0.000409892061757 0.968028419183
498 53.334 6.0 0.000409892061757 0.968438311245
499 53.386 7.0 0.000478207405383 0.96891651865
500 53.387 7.0 0.000478207405383 0.969394726055
501 53.52 1.0 6.83153436262e-05 0.969463041399
502 53.564 2.0 0.000136630687252 0.969599672086
503 53.587 1.0 6.83153436262e-05 0.96966798743
504 54.0 32.0 0.00218609099604 0.971854078426
505 54.054 1.0 6.83153436262e-05 0.97192239377
506 54.388 1.0 6.83153436262e-05 0.971990709113
507 54.655 1.0 6.83153436262e-05 0.972059024457
508 54.922 1.0 6.83153436262e-05 0.972127339801
509 55.0 5.0 0.000341576718131 0.972468916519
510 55.055 22.0 0.00150293755978 0.973971854078
511 55.455 1.0 6.83153436262e-05 0.974040169422
512 55.923 1.0 6.83153436262e-05 0.974108484766
513 55.989 1.0 6.83153436262e-05 0.974176800109
514 56.123 1.0 6.83153436262e-05 0.974245115453
515 56.32 55.0 0.00375734389944 0.978002459352
516 56.523 1.0 6.83153436262e-05 0.978070774696
517 56.589 1.0 6.83153436262e-05 0.97813909004
518 56.933 1.0 6.83153436262e-05 0.978207405383
519 57.924 1.0 6.83153436262e-05 0.978275720727
520 58.325 1.0 6.83153436262e-05 0.97834403607
521 58.525 1.0 6.83153436262e-05 0.978412351414
522 58.666 2.0 0.000136630687252 0.978548982101
523 58.667 3.0 0.000204946030879 0.978753928132
524 58.725 12.0 0.000819784123514 0.979573712256
525 58.726 9.0 0.000614838092636 0.980188550348
526 59.059 1.0 6.83153436262e-05 0.980256865692
527 59.192 1.0 6.83153436262e-05 0.980325181036
528 59.4 23.0 0.0015712529034 0.981896433939
529 59.793 1.0 6.83153436262e-05 0.981964749283
530 60.0 10.0 0.000683153436262 0.982647902719
531 60.06 7.0 0.000478207405383 0.983126110124
532 60.46 1.0 6.83153436262e-05 0.983194425468
533 60.527 1.0 6.83153436262e-05 0.983262740812
534 60.8 1.0 6.83153436262e-05 0.983331056155
535 61.44 34.0 0.00232272168329 0.985653777838
536 61.758 1.0 6.83153436262e-05 0.985722093182
537 61.759 2.0 0.000136630687252 0.985858723869
538 62.929 1.0 6.83153436262e-05 0.985927039213
539 64.0 5.0 0.000341576718131 0.986268615931
540 64.064 22.0 0.00150293755978 0.987771553491
541 64.197 1.0 6.83153436262e-05 0.987839868835
542 64.598 1.0 6.83153436262e-05 0.987908184178
543 64.8 9.0 0.000614838092636 0.988523022271
544 65.0 7.0 0.000478207405383 0.989001229676
545 65.065 10.0 0.000683153436262 0.989684383112
546 66.133 1.0 6.83153436262e-05 0.989752698456
547 66.199 1.0 6.83153436262e-05 0.9898210138
548 66.56 27.0 0.00184451427791 0.991665528078
549 66.905 3.0 0.000204946030879 0.991870474108
550 66.934 1.0 6.83153436262e-05 0.991938789452
551 67.134 1.0 6.83153436262e-05 0.992007104796
552 67.334 1.0 6.83153436262e-05 0.992075420139
553 69.334 1.0 6.83153436262e-05 0.992143735483
554 69.402 2.0 0.000136630687252 0.99228036617
555 69.403 6.0 0.000409892061757 0.992690258232
556 70.0 3.0 0.000204946030879 0.992895204263
557 70.07 4.0 0.000273261374505 0.993168465637
558 70.2 2.0 0.000136630687252 0.993305096325
559 70.204 1.0 6.83153436262e-05 0.993373411668
560 71.68 17.0 0.00116136084165 0.99453477251
561 72.052 1.0 6.83153436262e-05 0.994603087854
562 74.666 1.0 6.83153436262e-05 0.994671403197
563 74.741 1.0 6.83153436262e-05 0.994739718541
564 75.0 1.0 6.83153436262e-05 0.994808033884
565 75.075 1.0 6.83153436262e-05 0.994876349228
566 76.8 8.0 0.000546522749009 0.995422871977
567 80.0 2.0 0.000136630687252 0.995559502664
568 80.08 2.0 0.000136630687252 0.995696133352
569 81.0 1.0 6.83153436262e-05 0.995764448695
570 81.214 1.0 6.83153436262e-05 0.995832764039
571 81.92 7.0 0.000478207405383 0.996310971444
572 85.0 3.0 0.000204946030879 0.996515917475
573 85.085 1.0 6.83153436262e-05 0.996584232819
574 85.32 1.0 6.83153436262e-05 0.996652548162
575 86.2 1.0 6.83153436262e-05 0.996720863506
576 87.04 3.0 0.000204946030879 0.996925809537
577 90.0 1.0 6.83153436262e-05 0.99699412488
578 90.04 1.0 6.83153436262e-05 0.997062440224
579 90.757 1.0 6.83153436262e-05 0.997130755568
580 90.758 2.0 0.000136630687252 0.997267386255
581 92.16 1.0 6.83153436262e-05 0.997335701599
582 95.095 2.0 0.000136630687252 0.997472332286
583 96.096 5.0 0.000341576718131 0.997813909004
584 97.28 1.0 6.83153436262e-05 0.997882224348
585 100.0 3.0 0.000204946030879 0.998087170378
586 100.1 1.0 6.83153436262e-05 0.998155485722
587 101.333 1.0 6.83153436262e-05 0.998223801066
588 103.737 1.0 6.83153436262e-05 0.998292116409
589 115.0 1.0 6.83153436262e-05 0.998360431753
590 115.115 2.0 0.000136630687252 0.99849706244
591 117.76 1.0 6.83153436262e-05 0.998565377784
592 120.0 2.0 0.000136630687252 0.998702008471
593 120.12 3.0 0.000204946030879 0.998906954502
594 125.0 1.0 6.83153436262e-05 0.998975269846
595 128.6 1.0 6.83153436262e-05 0.999043585189
596 130.0 1.0 6.83153436262e-05 0.999111900533
597 130.13 1.0 6.83153436262e-05 0.999180215876
598 135.0 1.0 6.83153436262e-05 0.99924853122
599 140.0 2.0 0.000136630687252 0.999385161907
600 145.0 1.0 6.83153436262e-05 0.999453477251
601 155.0 1.0 6.83153436262e-05 0.999521792595
602 155.155 1.0 6.83153436262e-05 0.999590107938
603 160.0 1.0 6.83153436262e-05 0.999658423282
604 165.0 2.0 0.000136630687252 0.999795053969
605 175.0 1.0 6.83153436262e-05 0.999863369313
606 200.0 1.0 6.83153436262e-05 0.999931684656
607 235.0 1.0 6.83153436262e-05 1.0
