0 0.0 341.0 0.289473684211 0.289473684211
1 0.067 1.0 0.000848896434635 0.290322580645
2 0.6 1.0 0.000848896434635 0.29117147708
3 0.96 1.0 0.000848896434635 0.292020373514
4 1.566 1.0 0.000848896434635 0.292869269949
5 1.6 1.0 0.000848896434635 0.293718166384
6 1.75 1.0 0.000848896434635 0.294567062818
7 1.768 1.0 0.000848896434635 0.295415959253
8 2.034 1.0 0.000848896434635 0.296264855688
9 2.48 2.0 0.00169779286927 0.297962648557
10 3.3 1.0 0.000848896434635 0.298811544992
11 3.47 1.0 0.000848896434635 0.299660441426
12 3.537 1.0 0.000848896434635 0.300509337861
13 3.57 1.0 0.000848896434635 0.301358234295
14 3.583 1.0 0.000848896434635 0.30220713073
15 3.733 1.0 0.000848896434635 0.303056027165
16 3.737 1.0 0.000848896434635 0.303904923599
17 3.767 1.0 0.000848896434635 0.304753820034
18 3.971 1.0 0.000848896434635 0.305602716469
19 4.0 1.0 0.000848896434635 0.306451612903
20 4.004 1.0 0.000848896434635 0.307300509338
21 4.137 1.0 0.000848896434635 0.308149405772
22 4.16 1.0 0.000848896434635 0.308998302207
23 4.2 1.0 0.000848896434635 0.309847198642
24 4.204 1.0 0.000848896434635 0.310696095076
25 4.271 1.0 0.000848896434635 0.311544991511
26 4.32 1.0 0.000848896434635 0.312393887946
27 4.52 1.0 0.000848896434635 0.31324278438
28 4.6 1.0 0.000848896434635 0.314091680815
29 4.68 1.0 0.000848896434635 0.31494057725
30 4.8 1.0 0.000848896434635 0.315789473684
31 4.805 2.0 0.00169779286927 0.317487266553
32 4.84 1.0 0.000848896434635 0.318336162988
33 4.92 1.0 0.000848896434635 0.319185059423
34 4.933 1.0 0.000848896434635 0.320033955857
35 4.938 1.0 0.000848896434635 0.320882852292
36 5.0 41.0 0.03480475382 0.355687606112
37 5.005 81.0 0.0687606112054 0.424448217317
38 5.031 3.0 0.0025466893039 0.426994906621
39 5.032 1.0 0.000848896434635 0.427843803056
40 5.045 3.0 0.0025466893039 0.43039049236
41 5.046 6.0 0.00509337860781 0.435483870968
42 5.066 31.0 0.0263157894737 0.461799660441
43 5.067 55.0 0.0466893039049 0.508488964346
44 5.071 3.0 0.0025466893039 0.51103565365
45 5.072 6.0 0.00509337860781 0.516129032258
46 5.08 1.0 0.000848896434635 0.516977928693
47 5.12 266.0 0.225806451613 0.742784380306
48 5.146 3.0 0.0025466893039 0.74533106961
49 5.147 3.0 0.0025466893039 0.747877758913
50 5.2 1.0 0.000848896434635 0.748726655348
51 5.333 42.0 0.0356536502547 0.784380305603
52 5.334 25.0 0.0212224108659 0.805602716469
53 5.338 37.0 0.0314091680815 0.83701188455
54 5.339 85.0 0.072156196944 0.909168081494
55 5.356 3.0 0.0025466893039 0.911714770798
56 5.36 1.0 0.000848896434635 0.912563667233
57 5.4 47.0 0.0398981324278 0.95246179966
58 5.533 2.0 0.00169779286927 0.95415959253
59 5.605 1.0 0.000848896434635 0.955008488964
60 5.606 2.0 0.00169779286927 0.956706281834
61 5.666 1.0 0.000848896434635 0.957555178268
62 5.672 1.0 0.000848896434635 0.958404074703
63 5.68 1.0 0.000848896434635 0.959252971138
64 5.739 2.0 0.00169779286927 0.960950764007
65 5.88 1.0 0.000848896434635 0.961799660441
66 6.006 2.0 0.00169779286927 0.963497453311
67 6.12 1.0 0.000848896434635 0.964346349745
68 6.467 1.0 0.000848896434635 0.96519524618
69 6.54 3.0 0.0025466893039 0.967741935484
70 6.706 1.0 0.000848896434635 0.968590831919
71 6.874 1.0 0.000848896434635 0.969439728353
72 7.207 1.0 0.000848896434635 0.970288624788
73 7.741 1.0 0.000848896434635 0.971137521222
74 7.941 1.0 0.000848896434635 0.971986417657
75 9.209 1.0 0.000848896434635 0.972835314092
76 9.24 1.0 0.000848896434635 0.973684210526
77 10.133 2.0 0.00169779286927 0.975382003396
78 10.24 11.0 0.00933786078098 0.984719864177
79 10.611 1.0 0.000848896434635 0.985568760611
80 10.677 2.0 0.00169779286927 0.98726655348
81 10.678 1.0 0.000848896434635 0.988115449915
82 10.8 1.0 0.000848896434635 0.98896434635
83 11.412 1.0 0.000848896434635 0.989813242784
84 11.611 1.0 0.000848896434635 0.990662139219
85 15.015 2.0 0.00169779286927 0.992359932088
86 15.36 1.0 0.000848896434635 0.993208828523
87 20.48 1.0 0.000848896434635 0.994057724958
88 21.355 1.0 0.000848896434635 0.994906621392
89 30.0 1.0 0.000848896434635 0.995755517827
90 37.37 1.0 0.000848896434635 0.996604414261
91 37.371 1.0 0.000848896434635 0.997453310696
92 40.96 2.0 0.00169779286927 0.999151103565
93 64.064 1.0 0.000848896434635 1.0
