1.3835227272727273
1.311307767944936
-0.0015494267121165459
1.3687676387582313
1.2921725652286231
1.351167494024637
1.3676844783715014
1.3713080168776373
1.4031531531531531
1.3967046894803548
0.004244897959183654
1.3646594567404426
1.2907824933687002
1.2627338129496404
1.394566623544631
1.4055991041433373
1.3011494252873563
1.1943970767356882
1.3028982694315197
1.3033333333333337
1.386426592797784
1.375533428165007
1.3767019667170952
1.3915816326530615
1.2790082644628098
1.0910638297872342
0.9901213171577122
1.408102766798419
1.3085141903171955
1.3452866387019151
1.4140000000000001
1.3569798068481127
1.179289340101523
1.3891509433962266
1.1017641597028787
1.3969804618117232
1.380689655172414
0.0042194092827004155
1.354113842288606
1.3212287287287288
-0.009898107714701615
1.2973029045643156
1.1053050397877981
1.360108794197643
0.002469135802469108
1.3217744016792552
1.4165915238954012
1.32957387623463
-0.00147058823529403
0.977209797657082
1.2759216102363944
1.3945068664169786
1.2779582366589328
1.2416167664670659
0.0034257748776508816
1.312758307139132
1.4171656686626746
1.1788487282463187
-0.0018456375838926799
0.0016447368421052446
1.3536744186046508
1.2997056148949617
1.3989408649602824
1.3856088560885609
1.0884073672806067
1.3852040816326532
1.3347466164425565
1.3137938497610242
1.2873586844809866
0.0
1.3995381062355658
1.336774193548387
-0.009855072463768122
1.27
1.4035555555555557
0.0013003901170351322
1.3966189856957085
1.1957127545551982
1.3361603990112993
1.343580131208997
0.0
1.4031531531531531
0.0008503401360543426
1.242875768299497
0.0
1.205867560771165
1.3710069444444442
-0.010178901912399799
1.379876796714579
1.2723404255319148
0.0
1.3514731369150779
-0.010857142857142961
0.002677376171352108
1.1152432432432435
1.3419678714859438
0.0015151515151515201
1.3632393084622385
1.3504950495049506
1.3919597989949748
1.3455166524338171
1.3436105195384083
1.3583966465810848
