0.11732587561592754
0.04900035701535172
-0.5376668101592769
0.07846496487921886
0.0007034698403165655
0.00424061567457203
0.1678694697207406
0.1283724432174678
0.019686544342507637
0.17176849671582592
-0.5754710470011734
0.04776236167296318
0.021647966283168465
0.15394775462283536
0.19204018547140647
0.031895475069651194
0.011976047904191598
0.03078155395354159
0.019471978464479463
-0.019780912601465778
0.19503398529615754
0.12700769334593057
0.2381778058007566
0.15826538176426982
-0.018926995873061146
-0.03779126688858435
-0.09824092979425172
0.044219727483074844
0.022856720171610417
-0.00033375523987408916
0.1054125835699239
0.04875380889131971
-0.028599873291700575
0.01921722507294497
-0.061836870026525124
0.0041669767095766225
0.05449657869012706
-0.5071783545002762
0.021791385534900544
0.052840489892282655
-0.5707975769813226
0.06892557196640602
0.05070161503839015
-0.007472929693457373
-0.581702039975273
0.0007056056157752692
0.05979120531477382
0.12079989138235347
-0.543007134203796
-0.1490512420936841
-0.010409355183477827
0.02797727516346877
0.08498176594098791
0.019471677559912852
-0.5629529629103311
0.0856750489577281
0.03292391675196181
-0.04863221884498483
-0.5739759381266112
-0.5688190314358539
0.02611728445129368
-0.026804629368731955
0.03196901814868246
0.11092018214623253
-0.053613511390416355
0.13830046262478699
0.029556141216644984
0.0635123148217231
-8.98553329140281e-05
-0.5635583981393997
0.10250424448217323
0.04863925883034158
-0.5542797494780793
0.1455880103991437
0.10828756455447178
-0.5374819798173954
0.14415197417432327
-0.026238235573723748
0.02870389806263022
0.061916086291829486
-0.5027009850651414
0.03602291484610159
-0.574291087962963
0.005678971104058844
-0.5260740004966477
-0.08172238118500935
0.09046630469498568
-0.5612523926715888
0.04048837418080622
0.0242498972461981
-0.4850252206809584
0.06927259831349995
-0.5743791492500614
-0.5495549675246572
-0.050101951645790864
0.09010187868025059
-0.5777556959329974
0.052862007459056254
0.014214696287090187
0.181288000992679
0.011341041313793387
0.05887944576469169
0.07692307692307683
