0.3050241095038108
0.11943994666158679
-0.44629661453858055
0.13792480115690525
0.19422068789157396
0.12234509390907496
0.3107941539003346
0.24473975636766337
0.20510503727128973
0.24016264428121717
-0.5307803798916775
0.11936542330908526
0.20278626260528015
0.22974663747263063
0.2416152401395223
0.20091681574239714
0.09500168293503865
0.12543728135932028
0.19386061811530478
0.10618996798292424
0.2917978707452391
0.2957790192427064
0.30938489748291387
0.2460127591706539
0.07016454517230669
0.03029667680050314
-0.058693335519304876
0.17287515641543935
0.08548551691655558
0.13986510876072378
0.17825068332682542
0.11821059646784404
0.06700467243264743
0.2060959638052149
0.008824315892682172
0.14471117143099493
0.2921095972450966
-0.45529447665547756
0.13288623752672152
0.16533871048796425
-0.4579215811284667
0.12943696450428405
0.10635628659046557
0.12556208924247667
-0.5309611829944547
0.16568866444604147
0.15477421578765946
0.15977240112795915
-0.45277240490006443
-0.021193589202867943
0.23832881110845355
0.2304336669232743
0.14709662343731741
0.23263088574250915
-0.5304221696312696
0.17180866265073208
0.1758423147878435
0.16025092671799251
-0.5289413255206271
-0.5307804915632945
0.12463330073784329
0.18171939795410835
0.13828628863388887
0.1393074279672218
0.03478634313936006
0.2451724597150087
0.14871278409152136
0.1721499904063153
0.1218872870249017
-0.5302722152690864
0.21109686443641443
0.11799982361760293
-0.45855127595498496
0.2476682211858761
0.144889491066136
-0.478602383531961
0.24459751485683423
0.09095750346149749
0.15474678849443216
0.1254838419299666
-0.44689874536137125
0.20510503727128973
-0.5272712667684152
0.07719831827533766
-0.4734446130500759
0.037369914853358596
0.12135643320469659
-0.4504195923959582
0.16787585650947204
0.24620770128354716
-0.44804865686771417
0.11222231330436927
-0.45940037476577145
-0.46568697389071195
0.0475425634436236
0.14242335194436284
-0.5280069819105045
0.12882475660639775
0.12279645713302945
0.23411978221415608
0.10536059240180302
0.13922324549717993
0.24785140005544776
