1 0.0 387 0.0462863293864 0.0462863293864
2 0.067 1 0.000119602918311 0.0464059323047
3 0.12 3 0.000358808754934 0.0467647410597
4 0.167 1 0.000119602918311 0.046884343978
5 0.2 1 0.000119602918311 0.0470039468963
6 0.208 1 0.000119602918311 0.0471235498146
7 0.267 1 0.000119602918311 0.0472431527329
8 0.28 1 0.000119602918311 0.0473627556512
9 0.32 1 0.000119602918311 0.0474823585695
10 0.402 1 0.000119602918311 0.0476019614879
11 0.48 1 0.000119602918311 0.0477215644062
12 0.502 1 0.000119602918311 0.0478411673245
13 0.56 2 0.000239205836622 0.0480803731611
14 0.6 2 0.000239205836622 0.0483195789977
15 0.7 1 0.000119602918311 0.048439181916
16 0.72 3 0.000358808754934 0.048797990671
17 0.92 1 0.000119602918311 0.0489175935893
18 0.933 1 0.000119602918311 0.0490371965076
19 1.0 1 0.000119602918311 0.0491567994259
20 1.04 3 0.000358808754934 0.0495156081808
21 1.068 1 0.000119602918311 0.0496352110992
22 1.266 1 0.000119602918311 0.0497548140175
23 1.28 1 0.000119602918311 0.0498744169358
24 1.402 1 0.000119602918311 0.0499940198541
25 1.433 1 0.000119602918311 0.0501136227724
26 1.434 1 0.000119602918311 0.0502332256907
27 1.439 1 0.000119602918311 0.050352828609
28 1.468 1 0.000119602918311 0.0504724315273
29 1.48 1 0.000119602918311 0.0505920344456
30 1.5 1 0.000119602918311 0.050711637364
31 1.56 1 0.000119602918311 0.0508312402823
32 1.6 3 0.000358808754934 0.0511900490372
33 1.72 1 0.000119602918311 0.0513096519555
34 1.833 1 0.000119602918311 0.0514292548738
35 1.901 1 0.000119602918311 0.0515488577921
36 2.001 1 0.000119602918311 0.0516684607104
37 2.04 1 0.000119602918311 0.0517880636288
38 2.16 1 0.000119602918311 0.0519076665471
39 2.243 1 0.000119602918311 0.0520272694654
40 2.366 1 0.000119602918311 0.0521468723837
41 2.4 1 0.000119602918311 0.052266475302
42 2.44 1 0.000119602918311 0.0523860782203
43 2.466 1 0.000119602918311 0.0525056811386
44 2.64 1 0.000119602918311 0.0526252840569
45 2.68 1 0.000119602918311 0.0527448869752
46 2.72 1 0.000119602918311 0.0528644898936
47 2.867 1 0.000119602918311 0.0529840928119
48 2.96 1 0.000119602918311 0.0531036957302
49 2.967 1 0.000119602918311 0.0532232986485
50 3.08 1 0.000119602918311 0.0533429015668
51 3.113 1 0.000119602918311 0.0534625044851
52 3.16 1 0.000119602918311 0.0535821074034
53 3.2 1 0.000119602918311 0.0537017103217
54 3.24 1 0.000119602918311 0.05382131324
55 3.303 1 0.000119602918311 0.0539409161584
56 3.4 1 0.000119602918311 0.0540605190767
57 3.404 1 0.000119602918311 0.054180121995
58 3.437 1 0.000119602918311 0.0542997249133
59 3.52 2 0.000239205836622 0.0545389307499
60 3.533 1 0.000119602918311 0.0546585336682
61 3.56 1 0.000119602918311 0.0547781365865
62 3.633 1 0.000119602918311 0.0548977395048
63 3.64 1 0.000119602918311 0.0550173424232
64 3.72 1 0.000119602918311 0.0551369453415
65 3.733 1 0.000119602918311 0.0552565482598
66 3.737 1 0.000119602918311 0.0553761511781
67 3.804 2 0.000239205836622 0.0556153570147
68 3.84 3 0.000358808754934 0.0559741657696
69 3.871 1 0.000119602918311 0.056093768688
70 3.9 1 0.000119602918311 0.0562133716063
71 3.917 1 0.000119602918311 0.0563329745246
72 3.937 4 0.000478411673245 0.0568113861978
73 3.96 2 0.000239205836622 0.0570505920344
74 3.97 1 0.000119602918311 0.0571701949528
75 4.0 1 0.000119602918311 0.0572897978711
76 4.08 3 0.000358808754934 0.057648606626
77 4.12 1 0.000119602918311 0.0577682095443
78 4.2 1 0.000119602918311 0.0578878124626
79 4.4 4 0.000478411673245 0.0583662241359
80 4.48 1 0.000119602918311 0.0584858270542
81 4.56 2 0.000239205836622 0.0587250328908
82 4.638 1 0.000119602918311 0.0588446358091
83 4.64 2 0.000239205836622 0.0590838416457
84 4.667 1 0.000119602918311 0.059203444564
85 4.733 3 0.000358808754934 0.059562253319
86 4.8 1 0.000119602918311 0.0596818562373
87 4.854 1 0.000119602918311 0.0598014591556
88 4.88 1 0.000119602918311 0.0599210620739
89 4.933 1 0.000119602918311 0.0600406649922
90 4.955 1 0.000119602918311 0.0601602679105
91 5.0 458 0.0547781365865 0.114938404497
92 5.005 596 0.0712833393135 0.186221743811
93 5.031 7 0.000837220428178 0.187058964239
94 5.032 10 0.00119602918311 0.188254993422
95 5.045 7 0.000837220428178 0.18909221385
96 5.046 19 0.00227245544791 0.191364669298
97 5.066 56 0.00669776342543 0.198062432723
98 5.067 113 0.0135151297692 0.211577562493
99 5.071 3 0.000358808754934 0.211936371247
100 5.072 7 0.000837220428178 0.212773591676
101 5.1 1 0.000119602918311 0.212893194594
102 5.12 1519 0.181676832915 0.394570027509
103 5.13 1 0.000119602918311 0.394689630427
104 5.133 1 0.000119602918311 0.394809233345
105 5.146 17 0.00203324961129 0.396842482957
106 5.147 20 0.00239205836622 0.399234541323
107 5.167 1 0.000119602918311 0.399354144241
108 5.24 1 0.000119602918311 0.399473747159
109 5.333 243 0.0290635091496 0.428537256309
110 5.334 116 0.0138739385241 0.442411194833
111 5.338 266 0.0318143762708 0.474225571104
112 5.339 542 0.0648247817247 0.539050352829
113 5.356 1 0.000119602918311 0.539169955747
114 5.357 1 0.000119602918311 0.539289558665
115 5.4 497 0.0594426504007 0.598732209066
116 5.44 1 0.000119602918311 0.598851811984
117 5.539 2 0.000239205836622 0.599091017821
118 5.566 1 0.000119602918311 0.599210620739
119 5.6 2 0.000239205836622 0.599449826576
120 5.734 1 0.000119602918311 0.599569429494
121 5.76 2 0.000239205836622 0.599808635331
122 5.96 1 0.000119602918311 0.599928238249
123 6.16 1 0.000119602918311 0.600047841167
124 6.273 1 0.000119602918311 0.600167444086
125 6.28 1 0.000119602918311 0.600287047004
126 6.48 1 0.000119602918311 0.600406649922
127 6.52 5 0.000598014591556 0.601004664514
128 6.766 1 0.000119602918311 0.601124267432
129 6.873 1 0.000119602918311 0.60124387035
130 7.12 1 0.000119602918311 0.601363473269
131 7.134 1 0.000119602918311 0.601483076187
132 7.2 1 0.000119602918311 0.601602679105
133 7.474 1 0.000119602918311 0.601722282024
134 7.541 2 0.000239205836622 0.60196148786
135 7.56 1 0.000119602918311 0.602081090779
136 7.6 1 0.000119602918311 0.602200693697
137 8.2 1 0.000119602918311 0.602320296615
138 8.24 1 0.000119602918311 0.602439899534
139 8.84 1 0.000119602918311 0.602559502452
140 8.96 1 0.000119602918311 0.60267910537
141 9.009 1 0.000119602918311 0.602798708288
142 9.143 1 0.000119602918311 0.602918311207
143 9.176 1 0.000119602918311 0.603037914125
144 9.234 1 0.000119602918311 0.603157517043
145 9.24 2 0.000239205836622 0.60339672288
146 9.28 1 0.000119602918311 0.603516325798
147 9.31 1 0.000119602918311 0.603635928717
148 9.476 1 0.000119602918311 0.603755531635
149 9.52 1 0.000119602918311 0.603875134553
150 9.56 1 0.000119602918311 0.603994737472
151 9.667 1 0.000119602918311 0.60411434039
152 9.676 2 0.000239205836622 0.604353546227
153 9.68 1 0.000119602918311 0.604473149145
154 9.88 1 0.000119602918311 0.604592752063
155 9.944 1 0.000119602918311 0.604712354981
156 9.96 1 0.000119602918311 0.6048319579
157 10.0 26 0.00310967587609 0.607941633776
158 10.01 49 0.00586054299725 0.613802176773
159 10.063 3 0.000358808754934 0.614160985528
160 10.064 4 0.000478411673245 0.614639397201
161 10.067 1 0.000119602918311 0.61475900012
162 10.077 1 0.000119602918311 0.614878603038
163 10.091 5 0.000598014591556 0.615476617629
164 10.092 6 0.000717617509867 0.616194235139
165 10.12 2 0.000239205836622 0.616433440976
166 10.133 35 0.00418610214089 0.620619543117
167 10.134 14 0.00167444085636 0.622293983973
168 10.143 5 0.000598014591556 0.622891998565
169 10.144 3 0.000358808754934 0.62325080732
170 10.16 1 0.000119602918311 0.623370410238
171 10.2 2 0.000239205836622 0.623609616075
172 10.24 215 0.0257146274369 0.649324243512
173 10.294 1 0.000119602918311 0.64944384643
174 10.344 1 0.000119602918311 0.649563449348
175 10.36 1 0.000119602918311 0.649683052266
176 10.433 1 0.000119602918311 0.649802655185
177 10.466 1 0.000119602918311 0.649922258103
178 10.478 1 0.000119602918311 0.650041861021
179 10.513 1 0.000119602918311 0.65016146394
180 10.56 1 0.000119602918311 0.650281066858
181 10.6 1 0.000119602918311 0.650400669776
182 10.666 21 0.00251166128454 0.652912331061
183 10.667 44 0.00526252840569 0.658174859467
184 10.677 54 0.00645855758881 0.664633417055
185 10.678 27 0.0032292787944 0.66786269585
186 10.713 4 0.000478411673245 0.668341107523
187 10.8 18 0.0021528525296 0.670493960053
188 10.844 1 0.000119602918311 0.670613562971
189 10.867 1 0.000119602918311 0.670733165889
190 10.9 1 0.000119602918311 0.670852768808
191 10.96 1 0.000119602918311 0.670972371726
192 11.178 1 0.000119602918311 0.671091974644
193 11.2 2 0.000239205836622 0.671331180481
194 11.211 1 0.000119602918311 0.671450783399
195 11.24 1 0.000119602918311 0.671570386317
196 11.52 1 0.000119602918311 0.671689989236
197 11.611 1 0.000119602918311 0.671809592154
198 11.64 1 0.000119602918311 0.671929195072
199 11.667 1 0.000119602918311 0.672048797991
200 11.678 1 0.000119602918311 0.672168400909
201 12.12 1 0.000119602918311 0.672288003827
202 12.212 1 0.000119602918311 0.672407606746
203 12.279 1 0.000119602918311 0.672527209664
204 12.36 1 0.000119602918311 0.672646812582
205 12.64 1 0.000119602918311 0.672766415501
206 13.213 1 0.000119602918311 0.672886018419
207 13.52 1 0.000119602918311 0.673005621337
208 14.2 1 0.000119602918311 0.673125224255
209 14.214 1 0.000119602918311 0.673244827174
210 14.8 1 0.000119602918311 0.673364430092
211 15.0 10 0.00119602918311 0.674560459275
212 15.015 30 0.00358808754934 0.678148546825
213 15.095 4 0.000478411673245 0.678626958498
214 15.137 3 0.000358808754934 0.678985767253
215 15.2 25 0.00299007295778 0.681975840211
216 15.215 3 0.000358808754934 0.682334648965
217 15.36 110 0.0131563210142 0.69549096998
218 15.439 1 0.000119602918311 0.695610572898
219 15.44 1 0.000119602918311 0.695730175816
220 15.934 1 0.000119602918311 0.695849778735
221 16.0 42 0.00502332256907 0.700873101304
222 16.016 47 0.00562133716063 0.706494438464
223 16.04 1 0.000119602918311 0.706614041383
224 16.069 1 0.000119602918311 0.706733644301
225 16.2 9 0.0010764262648 0.707810070566
226 16.269 1 0.000119602918311 0.707929673484
227 16.349 1 0.000119602918311 0.708049276402
228 16.416 1 0.000119602918311 0.708168879321
229 16.417 1 0.000119602918311 0.708288482239
230 16.48 1 0.000119602918311 0.708408085157
231 16.749 1 0.000119602918311 0.708527688076
232 17.017 2 0.000239205836622 0.708766893912
233 17.2 1 0.000119602918311 0.708886496831
234 18.033 1 0.000119602918311 0.709006099749
235 19.019 1 0.000119602918311 0.709125702667
236 19.8 1 0.000119602918311 0.709245305585
237 19.887 1 0.000119602918311 0.709364908504
238 19.953 1 0.000119602918311 0.709484511422
239 20.0 12 0.00143523501973 0.710919746442
240 20.02 15 0.00179404377467 0.712713790216
241 20.127 3 0.000358808754934 0.713072598971
242 20.182 1 0.000119602918311 0.71319220189
243 20.183 1 0.000119602918311 0.713311804808
244 20.266 10 0.00119602918311 0.714507833991
245 20.267 8 0.00095682334649 0.715464657338
246 20.287 2 0.000239205836622 0.715703863174
247 20.48 69 0.00825260136347 0.723956464538
248 20.587 1 0.000119602918311 0.724076067456
249 20.621 1 0.000119602918311 0.724195670374
250 20.651 1 0.000119602918311 0.724315273293
251 21.088 1 0.000119602918311 0.724434876211
252 21.333 15 0.00179404377467 0.726228919986
253 21.334 9 0.0010764262648 0.72730534625
254 21.354 12 0.00143523501973 0.72874058127
255 21.355 20 0.00239205836622 0.731132639636
256 21.388 1 0.000119602918311 0.731252242555
257 21.425 3 0.000358808754934 0.73161105131
258 21.48 1 0.000119602918311 0.731730654228
259 21.6 9 0.0010764262648 0.732807080493
260 21.688 1 0.000119602918311 0.732926683411
261 21.72 1 0.000119602918311 0.733046286329
262 21.92 1 0.000119602918311 0.733165889248
263 22.16 1 0.000119602918311 0.733285492166
264 22.423 1 0.000119602918311 0.733405095084
265 22.44 1 0.000119602918311 0.733524698003
266 22.622 1 0.000119602918311 0.733644300921
267 24.066 1 0.000119602918311 0.733763903839
268 24.08 1 0.000119602918311 0.733883506758
269 24.958 1 0.000119602918311 0.734003109676
270 25.0 33 0.00394689630427 0.73795000598
271 25.025 16 0.00191364669298 0.739863652673
272 25.158 10 0.00119602918311 0.741059681856
273 25.159 7 0.000837220428178 0.741896902284
274 25.228 7 0.000837220428178 0.742734122713
275 25.229 12 0.00143523501973 0.744169357732
276 25.333 107 0.0127975122593 0.756966869992
277 25.334 59 0.00705657218036 0.764023442172
278 25.358 4 0.000478411673245 0.764501853845
279 25.359 4 0.000478411673245 0.764980265518
280 25.6 330 0.0394689630427 0.804449228561
281 25.732 1 0.000119602918311 0.804568831479
282 25.84 1 0.000119602918311 0.804688434398
283 25.959 1 0.000119602918311 0.804808037316
284 26.16 1 0.000119602918311 0.804927640234
285 26.493 1 0.000119602918311 0.805047243153
286 26.6 1 0.000119602918311 0.805166846071
287 26.666 29 0.00346848463102 0.808635330702
288 26.667 67 0.00801339552685 0.816648726229
289 26.693 88 0.0105250568114 0.82717378304
290 26.694 39 0.00466451381414 0.831838296854
291 26.782 2 0.000239205836622 0.832077502691
292 27.0 26 0.00310967587609 0.835187178567
293 27.68 1 0.000119602918311 0.835306781485
294 27.762 1 0.000119602918311 0.835426384404
295 28.495 1 0.000119602918311 0.835545987322
296 29.6 1 0.000119602918311 0.83566559024
297 29.84 1 0.000119602918311 0.835785193159
298 30.0 9 0.0010764262648 0.836861619424
299 30.03 21 0.00251166128454 0.839373280708
300 30.19 3 0.000358808754934 0.839732089463
301 30.191 3 0.000358808754934 0.840090898218
302 30.4 42 0.00502332256907 0.845114220787
303 30.43 7 0.000837220428178 0.845951441215
304 30.431 6 0.000717617509867 0.846669058725
305 30.72 346 0.0413826097357 0.888051668461
306 30.879 1 0.000119602918311 0.888171271379
307 31.04 1 0.000119602918311 0.888290874297
308 31.6 1 0.000119602918311 0.888410477216
309 32.0 124 0.0148307618706 0.903241239086
310 32.032 145 0.0173424231551 0.920583662241
311 32.034 1 0.000119602918311 0.92070326516
312 32.138 3 0.000358808754934 0.921062073915
313 32.4 3 0.000358808754934 0.92142088267
314 32.8 1 0.000119602918311 0.921540485588
315 33.0 1 0.000119602918311 0.921660088506
316 33.12 1 0.000119602918311 0.921779691424
317 34.167 1 0.000119602918311 0.921899294343
318 34.76 1 0.000119602918311 0.922018897261
319 35.0 15 0.00179404377467 0.923812941036
320 35.035 35 0.00418610214089 0.927999043177
321 35.2 1 0.000119602918311 0.928118646095
322 35.222 1 0.000119602918311 0.928238249013
323 35.467 1 0.000119602918311 0.928357851932
324 35.52 1 0.000119602918311 0.92847745485
325 35.84 71 0.0084918072001 0.93696926205
326 36.026 1 0.000119602918311 0.937088864968
327 37.037 1 0.000119602918311 0.937208467887
328 37.04 1 0.000119602918311 0.937328070805
329 37.2 1 0.000119602918311 0.937447673723
330 37.304 1 0.000119602918311 0.937567276642
331 37.333 30 0.00358808754934 0.941155364191
332 37.334 11 0.00131563210142 0.942470996292
333 37.37 16 0.00191364669298 0.944384642985
334 37.371 38 0.00454491089583 0.948929553881
335 37.494 1 0.000119602918311 0.949049156799
336 37.495 3 0.000358808754934 0.949407965554
337 37.771 1 0.000119602918311 0.949527568473
338 37.8 6 0.000717617509867 0.950245185983
339 37.838 1 0.000119602918311 0.950364788901
340 38.438 1 0.000119602918311 0.950484391819
341 38.6 1 0.000119602918311 0.950603994737
342 38.68 1 0.000119602918311 0.950723597656
343 38.746 1 0.000119602918311 0.950843200574
344 38.972 1 0.000119602918311 0.950962803492
345 40.0 15 0.00179404377467 0.952756847267
346 40.04 31 0.00370769046765 0.956464537735
347 40.574 1 0.000119602918311 0.956584140653
348 40.8 1 0.000119602918311 0.956703743571
349 40.96 37 0.00442530797751 0.961129051549
350 42.175 1 0.000119602918311 0.961248654467
351 42.242 1 0.000119602918311 0.961368257385
352 42.666 4 0.000478411673245 0.961846669059
353 42.667 6 0.000717617509867 0.962564286569
354 42.709 13 0.00155483793805 0.964119124507
355 42.71 8 0.00095682334649 0.965075947853
356 42.72 1 0.000119602918311 0.965195550771
357 42.85 1 0.000119602918311 0.96531515369
358 42.851 10 0.00119602918311 0.966511182873
359 43.2 13 0.00155483793805 0.968066020811
360 43.644 1 0.000119602918311 0.968185623729
361 45.0 5 0.000598014591556 0.968783638321
362 45.045 16 0.00191364669298 0.970697285014
363 45.312 1 0.000119602918311 0.970816887932
364 46.08 20 0.00239205836622 0.973208946298
365 46.847 1 0.000119602918311 0.973328549217
366 46.913 1 0.000119602918311 0.973448152135
367 46.947 1 0.000119602918311 0.973567755053
368 48.0 3 0.000358808754934 0.973926563808
369 48.048 6 0.000717617509867 0.974644181318
370 48.207 1 0.000119602918311 0.974763784236
371 48.208 1 0.000119602918311 0.974883387155
372 48.582 1 0.000119602918311 0.975002990073
373 48.6 6 0.000717617509867 0.975720607583
374 48.649 1 0.000119602918311 0.975840210501
375 49.182 1 0.000119602918311 0.975959813419
376 49.266 1 0.000119602918311 0.976079416338
377 49.316 1 0.000119602918311 0.976199019256
378 49.583 1 0.000119602918311 0.976318622174
379 50.0 3 0.000358808754934 0.976677430929
380 50.05 10 0.00119602918311 0.977873460112
381 50.318 1 0.000119602918311 0.977993063031
382 50.667 1 0.000119602918311 0.978112665949
383 51.2 10 0.00119602918311 0.979308695132
384 51.385 1 0.000119602918311 0.97942829805
385 51.518 1 0.000119602918311 0.979547900969
386 51.652 1 0.000119602918311 0.979667503887
387 51.852 1 0.000119602918311 0.979787106805
388 52.119 1 0.000119602918311 0.979906709724
389 52.853 1 0.000119602918311 0.980026312642
390 52.92 1 0.000119602918311 0.98014591556
391 53.333 1 0.000119602918311 0.980265518479
392 53.334 2 0.000239205836622 0.980504724315
393 53.386 2 0.000239205836622 0.980743930152
394 53.387 3 0.000358808754934 0.981102738907
395 53.52 1 0.000119602918311 0.981222341825
396 54.0 4 0.000478411673245 0.981700753498
397 54.788 1 0.000119602918311 0.981820356417
398 54.855 1 0.000119602918311 0.981939959335
399 55.0 6 0.000717617509867 0.982657576845
400 55.055 11 0.00131563210142 0.983973208946
401 55.134 1 0.000119602918311 0.984092811865
402 55.322 1 0.000119602918311 0.984212414783
403 55.522 1 0.000119602918311 0.984332017701
404 56.189 1 0.000119602918311 0.98445162062
405 56.32 11 0.00131563210142 0.985767252721
406 56.589 1 0.000119602918311 0.985886855639
407 56.612 1 0.000119602918311 0.986006458558
408 56.613 1 0.000119602918311 0.986126061476
409 56.79 1 0.000119602918311 0.986245664394
410 56.923 1 0.000119602918311 0.986365267313
411 57.524 1 0.000119602918311 0.986484870231
412 57.657 1 0.000119602918311 0.986604473149
413 58.425 1 0.000119602918311 0.986724076067
414 58.725 3 0.000358808754934 0.987082884822
415 58.726 1 0.000119602918311 0.987202487741
416 59.32 1 0.000119602918311 0.987322090659
417 59.326 2 0.000239205836622 0.987561296496
418 59.4 6 0.000717617509867 0.988278914006
419 59.793 1 0.000119602918311 0.988398516924
420 59.934 2 0.000239205836622 0.98863772276
421 60.0 4 0.000478411673245 0.989116134434
422 60.06 4 0.000478411673245 0.989594546107
423 60.666 1 0.000119602918311 0.989714149025
424 60.728 1 0.000119602918311 0.989833751944
425 61.127 1 0.000119602918311 0.989953354862
426 61.44 12 0.00143523501973 0.991388589882
427 61.758 1 0.000119602918311 0.9915081928
428 62.73 1 0.000119602918311 0.991627795718
429 63.73 1 0.000119602918311 0.991747398637
430 64.0 1 0.000119602918311 0.991867001555
431 64.064 1 0.000119602918311 0.991986604473
432 64.464 1 0.000119602918311 0.992106207391
433 64.8 2 0.000239205836622 0.992345413228
434 65.0 1 0.000119602918311 0.992465016146
435 65.065 5 0.000598014591556 0.993063030738
436 66.56 10 0.00119602918311 0.994259059921
437 68.735 1 0.000119602918311 0.994378662839
438 69.403 1 0.000119602918311 0.994498265758
439 69.537 1 0.000119602918311 0.994617868676
440 70.07 3 0.000358808754934 0.994976677431
441 71.137 1 0.000119602918311 0.995096280349
442 71.68 7 0.000837220428178 0.995933500777
443 74.741 1 0.000119602918311 0.996053103696
444 75.0 1 0.000119602918311 0.996172706614
445 75.075 1 0.000119602918311 0.996292309532
446 75.6 1 0.000119602918311 0.996411912451
447 75.734 1 0.000119602918311 0.996531515369
448 80.2 1 0.000119602918311 0.996651118287
449 81.92 1 0.000119602918311 0.996770721206
450 85.0 2 0.000239205836622 0.997009927042
451 85.418 1 0.000119602918311 0.997129529961
452 87.04 2 0.000239205836622 0.997368735797
453 90.0 1 0.000119602918311 0.997488338715
454 101.334 2 0.000239205836622 0.997727544552
455 101.435 1 0.000119602918311 0.99784714747
456 102.4 1 0.000119602918311 0.997966750389
457 105.0 1 0.000119602918311 0.998086353307
458 105.105 1 0.000119602918311 0.998205956225
459 106.774 1 0.000119602918311 0.998325559144
460 107.907 1 0.000119602918311 0.998445162062
461 110.11 1 0.000119602918311 0.99856476498
462 125.0 2 0.000239205836622 0.998803970817
463 125.125 1 0.000119602918311 0.998923573735
464 130.0 2 0.000239205836622 0.999162779572
465 130.13 1 0.000119602918311 0.99928238249
466 145.0 1 0.000119602918311 0.999401985408
467 155.155 1 0.000119602918311 0.999521588327
468 160.0 1 0.000119602918311 0.999641191245
469 235.0 1 0.000119602918311 0.999760794163