0 0.0 355.0 0.0393831817173 0.0393831817173
1 0.067 1.0 0.000110938540049 0.0394941202574
2 0.12 1.0 0.000110938540049 0.0396050587974
3 0.2 1.0 0.000110938540049 0.0397159973375
4 0.28 1.0 0.000110938540049 0.0398269358775
5 0.334 1.0 0.000110938540049 0.0399378744176
6 0.5 1.0 0.000110938540049 0.0400488129576
7 0.52 1.0 0.000110938540049 0.0401597514977
8 0.601 1.0 0.000110938540049 0.0402706900377
9 0.633 1.0 0.000110938540049 0.0403816285778
10 0.64 1.0 0.000110938540049 0.0404925671178
11 0.68 2.0 0.000221877080098 0.0407144441979
12 0.867 1.0 0.000110938540049 0.040825382738
13 0.92 1.0 0.000110938540049 0.040936321278
14 0.933 1.0 0.000110938540049 0.0410472598181
15 1.0 1.0 0.000110938540049 0.0411581983581
16 1.033 1.0 0.000110938540049 0.0412691368982
17 1.04 1.0 0.000110938540049 0.0413800754382
18 1.101 1.0 0.000110938540049 0.0414910139783
19 1.12 3.0 0.000332815620146 0.0418238295984
20 1.134 1.0 0.000110938540049 0.0419347681385
21 1.2 1.0 0.000110938540049 0.0420457066785
22 1.28 1.0 0.000110938540049 0.0421566452185
23 1.32 1.0 0.000110938540049 0.0422675837586
24 1.36 1.0 0.000110938540049 0.0423785222986
25 1.4 1.0 0.000110938540049 0.0424894608387
26 1.402 1.0 0.000110938540049 0.0426003993787
27 1.433 1.0 0.000110938540049 0.0427113379188
28 1.434 1.0 0.000110938540049 0.0428222764588
29 1.44 1.0 0.000110938540049 0.0429332149989
30 1.501 1.0 0.000110938540049 0.0430441535389
31 1.502 1.0 0.000110938540049 0.043155092079
32 1.52 1.0 0.000110938540049 0.043266030619
33 1.6 1.0 0.000110938540049 0.0433769691591
34 1.668 2.0 0.000221877080098 0.0435988462392
35 1.68 1.0 0.000110938540049 0.0437097847792
36 1.802 1.0 0.000110938540049 0.0438207233193
37 1.834 1.0 0.000110938540049 0.0439316618593
38 1.96 1.0 0.000110938540049 0.0440426003994
39 1.968 1.0 0.000110938540049 0.0441535389394
40 1.971 1.0 0.000110938540049 0.0442644774795
41 2.0 1.0 0.000110938540049 0.0443754160195
42 2.002 1.0 0.000110938540049 0.0444863545596
43 2.069 1.0 0.000110938540049 0.0445972930996
44 2.12 1.0 0.000110938540049 0.0447082316397
45 2.16 2.0 0.000221877080098 0.0449301087198
46 2.2 1.0 0.000110938540049 0.0450410472598
47 2.233 1.0 0.000110938540049 0.0451519857999
48 2.236 1.0 0.000110938540049 0.0452629243399
49 2.266 1.0 0.000110938540049 0.04537386288
50 2.28 1.0 0.000110938540049 0.04548480142
51 2.3 1.0 0.000110938540049 0.0455957399601
52 2.336 2.0 0.000221877080098 0.0458176170402
53 2.366 1.0 0.000110938540049 0.0459285555802
54 2.369 1.0 0.000110938540049 0.0460394941203
55 2.37 1.0 0.000110938540049 0.0461504326603
56 2.4 1.0 0.000110938540049 0.0462613712004
57 2.466 1.0 0.000110938540049 0.0463723097404
58 2.467 2.0 0.000221877080098 0.0465941868205
59 2.48 1.0 0.000110938540049 0.0467051253606
60 2.52 4.0 0.000443754160195 0.0471488795207
61 2.56 2.0 0.000221877080098 0.0473707566008
62 2.6 2.0 0.000221877080098 0.0475926336809
63 2.602 1.0 0.000110938540049 0.047703572221
64 2.636 1.0 0.000110938540049 0.047814510761
65 2.64 2.0 0.000221877080098 0.0480363878411
66 2.68 6.0 0.000665631240293 0.0487020190814
67 2.7 1.0 0.000110938540049 0.0488129576215
68 2.702 1.0 0.000110938540049 0.0489238961615
69 2.72 4.0 0.000443754160195 0.0493676503217
70 2.736 1.0 0.000110938540049 0.0494785888618
71 2.76 1.0 0.000110938540049 0.0495895274018
72 2.767 1.0 0.000110938540049 0.0497004659419
73 2.769 1.0 0.000110938540049 0.0498114044819
74 2.836 1.0 0.000110938540049 0.049922343022
75 2.866 1.0 0.000110938540049 0.050033281562
76 2.867 1.0 0.000110938540049 0.0501442201021
77 2.88 1.0 0.000110938540049 0.0502551586421
78 2.92 1.0 0.000110938540049 0.0503660971822
79 2.933 1.0 0.000110938540049 0.0504770357222
80 2.96 5.0 0.000554692700244 0.0510317284225
81 3.0 1.0 0.000110938540049 0.0511426669625
82 3.003 1.0 0.000110938540049 0.0512536055026
83 3.067 3.0 0.000332815620146 0.0515864211227
84 3.12 1.0 0.000110938540049 0.0516973596627
85 3.16 1.0 0.000110938540049 0.0518082982028
86 3.166 1.0 0.000110938540049 0.0519192367428
87 3.176 1.0 0.000110938540049 0.0520301752829
88 3.2 1.0 0.000110938540049 0.0521411138229
89 3.203 1.0 0.000110938540049 0.052252052363
90 3.233 1.0 0.000110938540049 0.052362990903
91 3.24 2.0 0.000221877080098 0.0525848679831
92 3.257 1.0 0.000110938540049 0.0526958065232
93 3.27 1.0 0.000110938540049 0.0528067450632
94 3.337 1.0 0.000110938540049 0.0529176836033
95 3.36 1.0 0.000110938540049 0.0530286221433
96 3.37 1.0 0.000110938540049 0.0531395606834
97 3.44 1.0 0.000110938540049 0.0532504992234
98 3.471 1.0 0.000110938540049 0.0533614377635
99 3.5 1.0 0.000110938540049 0.0534723763035
100 3.504 1.0 0.000110938540049 0.0535833148436
101 3.52 1.0 0.000110938540049 0.0536942533836
102 3.533 1.0 0.000110938540049 0.0538051919237
103 3.537 1.0 0.000110938540049 0.0539161304637
104 3.6 1.0 0.000110938540049 0.0540270690038
105 3.604 1.0 0.000110938540049 0.0541380075438
106 3.67 1.0 0.000110938540049 0.0542489460839
107 3.68 2.0 0.000221877080098 0.054470823164
108 3.72 1.0 0.000110938540049 0.054581761704
109 3.737 1.0 0.000110938540049 0.0546927002441
110 3.76 4.0 0.000443754160195 0.0551364544043
111 3.8 1.0 0.000110938540049 0.0552473929443
112 3.804 1.0 0.000110938540049 0.0553583314844
113 3.84 1.0 0.000110938540049 0.0554692700244
114 3.867 1.0 0.000110938540049 0.0555802085645
115 3.9 1.0 0.000110938540049 0.0556911471045
116 3.904 2.0 0.000221877080098 0.0559130241846
117 3.92 2.0 0.000221877080098 0.0561349012647
118 3.937 1.0 0.000110938540049 0.0562458398047
119 3.96 1.0 0.000110938540049 0.0563567783448
120 3.971 1.0 0.000110938540049 0.0564677168848
121 4.0 1.0 0.000110938540049 0.0565786554249
122 4.004 1.0 0.000110938540049 0.0566895939649
123 4.037 1.0 0.000110938540049 0.056800532505
124 4.138 1.0 0.000110938540049 0.056911471045
125 4.2 1.0 0.000110938540049 0.0570224095851
126 4.204 1.0 0.000110938540049 0.0571333481251
127 4.238 1.0 0.000110938540049 0.0572442866652
128 4.24 1.0 0.000110938540049 0.0573552252052
129 4.3 2.0 0.000221877080098 0.0575771022853
130 4.4 1.0 0.000110938540049 0.0576880408254
131 4.438 2.0 0.000221877080098 0.0579099179055
132 4.471 1.0 0.000110938540049 0.0580208564455
133 4.48 1.0 0.000110938540049 0.0581317949856
134 4.52 1.0 0.000110938540049 0.0582427335256
135 4.57 1.0 0.000110938540049 0.0583536720657
136 4.588 1.0 0.000110938540049 0.0584646106057
137 4.6 1.0 0.000110938540049 0.0585755491458
138 4.68 1.0 0.000110938540049 0.0586864876858
139 4.705 1.0 0.000110938540049 0.0587974262259
140 4.738 1.0 0.000110938540049 0.0589083647659
141 4.8 3.0 0.000332815620146 0.0592411803861
142 4.838 1.0 0.000110938540049 0.0593521189261
143 4.84 1.0 0.000110938540049 0.0594630574662
144 4.88 2.0 0.000221877080098 0.0596849345463
145 4.905 1.0 0.000110938540049 0.0597958730863
146 4.92 2.0 0.000221877080098 0.0600177501664
147 5.0 117.0 0.0129798091857 0.0729975593521
148 5.005 291.0 0.0322831151542 0.105280674506
149 5.031 3.0 0.000332815620146 0.105613490126
150 5.032 10.0 0.00110938540049 0.106722875527
151 5.045 21.0 0.00232970934103 0.109052584868
152 5.046 44.0 0.00488129576215 0.11393388063
153 5.066 155.0 0.0171954737076 0.131129354338
154 5.067 290.0 0.0321721766142 0.163301530952
155 5.071 8.0 0.000887508320391 0.164189039272
156 5.072 19.0 0.00210783226093 0.166296871533
157 5.105 1.0 0.000110938540049 0.166407810073
158 5.12 1053.0 0.116818282671 0.283226092745
159 5.146 9.0 0.000998446860439 0.284224539605
160 5.147 12.0 0.00133126248059 0.285555802086
161 5.172 1.0 0.000110938540049 0.285666740626
162 5.32 1.0 0.000110938540049 0.285777679166
163 5.333 263.0 0.0291768360328 0.314954515199
164 5.334 117.0 0.0129798091857 0.327934324384
165 5.338 161.0 0.0178611049479 0.345795429332
166 5.339 305.0 0.0338362547149 0.379631684047
167 5.356 17.0 0.00188595518083 0.381517639228
168 5.357 11.0 0.00122032394054 0.382737963168
169 5.36 1.0 0.000110938540049 0.382848901708
170 5.4 64.0 0.00710006656312 0.389948968272
171 5.44 3.0 0.000332815620146 0.390281783892
172 5.471 1.0 0.000110938540049 0.390392722432
173 5.48 1.0 0.000110938540049 0.390503660972
174 5.539 1.0 0.000110938540049 0.390614599512
175 5.56 1.0 0.000110938540049 0.390725538052
176 5.572 1.0 0.000110938540049 0.390836476592
177 5.64 1.0 0.000110938540049 0.390947415132
178 5.672 1.0 0.000110938540049 0.391058353672
179 5.68 2.0 0.000221877080098 0.391280230752
180 5.72 1.0 0.000110938540049 0.391391169292
181 5.88 1.0 0.000110938540049 0.391502107832
182 5.934 1.0 0.000110938540049 0.391613046372
183 6.0 1.0 0.000110938540049 0.391723984912
184 6.09 1.0 0.000110938540049 0.391834923452
185 6.133 1.0 0.000110938540049 0.391945861992
186 6.2 1.0 0.000110938540049 0.392056800533
187 6.206 1.0 0.000110938540049 0.392167739073
188 6.24 1.0 0.000110938540049 0.392278677613
189 6.28 1.0 0.000110938540049 0.392389616153
190 6.48 2.0 0.000221877080098 0.392611493233
191 6.506 1.0 0.000110938540049 0.392722431773
192 6.64 1.0 0.000110938540049 0.392833370313
193 6.76 1.0 0.000110938540049 0.392944308853
194 6.8 1.0 0.000110938540049 0.393055247393
195 6.916 1.0 0.000110938540049 0.393166185933
196 6.933 3.0 0.000332815620146 0.393499001553
197 7.04 1.0 0.000110938540049 0.393609940093
198 7.073 1.0 0.000110938540049 0.393720878633
199 7.099 1.0 0.000110938540049 0.393831817173
200 7.274 1.0 0.000110938540049 0.393942755713
201 7.28 2.0 0.000221877080098 0.394164632793
202 7.36 1.0 0.000110938540049 0.394275571333
203 7.5 1.0 0.000110938540049 0.394386509874
204 7.507 1.0 0.000110938540049 0.394497448414
205 7.533 1.0 0.000110938540049 0.394608386954
206 7.608 1.0 0.000110938540049 0.394719325494
207 7.84 1.0 0.000110938540049 0.394830264034
208 7.9 1.0 0.000110938540049 0.394941202574
209 8.12 1.0 0.000110938540049 0.395052141114
210 8.28 1.0 0.000110938540049 0.395163079654
211 8.408 1.0 0.000110938540049 0.395274018194
212 8.434 1.0 0.000110938540049 0.395384956734
213 8.88 2.0 0.000221877080098 0.395606833814
214 9.12 1.0 0.000110938540049 0.395717772354
215 9.32 1.0 0.000110938540049 0.395828710894
216 9.476 2.0 0.000221877080098 0.396050587974
217 9.6 1.0 0.000110938540049 0.396161526514
218 9.667 1.0 0.000110938540049 0.396272465054
219 9.92 1.0 0.000110938540049 0.396383403594
220 10.0 9.0 0.000998446860439 0.397381850455
221 10.01 21.0 0.00232970934103 0.399711559796
222 10.063 1.0 0.000110938540049 0.399822498336
223 10.091 1.0 0.000110938540049 0.399933436876
224 10.133 15.0 0.00166407810073 0.401597514977
225 10.134 6.0 0.000665631240293 0.402263146217
226 10.143 1.0 0.000110938540049 0.402374084757
227 10.24 42.0 0.00465941868205 0.407033503439
228 10.293 2.0 0.000221877080098 0.407255380519
229 10.344 1.0 0.000110938540049 0.407366319059
230 10.376 1.0 0.000110938540049 0.407477257599
231 10.51 1.0 0.000110938540049 0.407588196139
232 10.512 1.0 0.000110938540049 0.407699134679
233 10.666 7.0 0.000776569780342 0.40847570446
234 10.667 9.0 0.000998446860439 0.40947415132
235 10.677 17.0 0.00188595518083 0.411360106501
236 10.678 5.0 0.000554692700244 0.411914799201
237 10.712 1.0 0.000110938540049 0.412025737741
238 10.733 1.0 0.000110938540049 0.412136676281
239 10.8 5.0 0.000554692700244 0.412691368982
240 10.844 1.0 0.000110938540049 0.412802307522
241 10.911 1.0 0.000110938540049 0.412913246062
242 11.36 1.0 0.000110938540049 0.413024184602
243 11.733 1.0 0.000110938540049 0.413135123142
244 11.76 1.0 0.000110938540049 0.413246061682
245 12.067 1.0 0.000110938540049 0.413357000222
246 12.467 1.0 0.000110938540049 0.413467938762
247 12.512 1.0 0.000110938540049 0.413578877302
248 12.96 1.0 0.000110938540049 0.413689815842
249 13.48 1.0 0.000110938540049 0.413800754382
250 14.133 1.0 0.000110938540049 0.413911692922
251 14.181 1.0 0.000110938540049 0.414022631462
252 14.417 1.0 0.000110938540049 0.414133570002
253 14.84 1.0 0.000110938540049 0.414244508542
254 15.0 1.0 0.000110938540049 0.414355447082
255 15.015 11.0 0.00122032394054 0.415575771023
256 15.137 3.0 0.000332815620146 0.415908586643
257 15.2 76.0 0.00843132904371 0.424339915687
258 15.215 2.0 0.000221877080098 0.424561792767
259 15.24 1.0 0.000110938540049 0.424672731307
260 15.36 82.0 0.009096960284 0.433769691591
261 15.549 1.0 0.000110938540049 0.433880630131
262 15.92 1.0 0.000110938540049 0.433991568671
263 16.0 46.0 0.00510317284225 0.439094741513
264 16.016 53.0 0.00587974262259 0.444974484136
265 16.069 1.0 0.000110938540049 0.445085422676
266 16.2 4.0 0.000443754160195 0.445529176836
267 16.317 1.0 0.000110938540049 0.445640115376
268 16.35 1.0 0.000110938540049 0.445751053916
269 16.483 1.0 0.000110938540049 0.445861992456
270 16.583 1.0 0.000110938540049 0.445972930996
271 16.634 1.0 0.000110938540049 0.446083869536
272 16.68 1.0 0.000110938540049 0.446194808076
273 16.72 1.0 0.000110938540049 0.446305746616
274 16.8 1.0 0.000110938540049 0.446416685156
275 17.3 1.0 0.000110938540049 0.446527623696
276 17.8 1.0 0.000110938540049 0.446638562237
277 18.4 1.0 0.000110938540049 0.446749500777
278 18.56 1.0 0.000110938540049 0.446860439317
279 18.88 1.0 0.000110938540049 0.446971377857
280 19.333 1.0 0.000110938540049 0.447082316397
281 19.6 1.0 0.000110938540049 0.447193254937
282 19.8 1.0 0.000110938540049 0.447304193477
283 20.0 1.0 0.000110938540049 0.447415132017
284 20.02 51.0 0.00565786554249 0.453072997559
285 20.126 4.0 0.000443754160195 0.45351675172
286 20.127 25.0 0.00277346350122 0.456290215221
287 20.182 4.0 0.000443754160195 0.456733969381
288 20.183 33.0 0.00366097182161 0.460394941203
289 20.266 36.0 0.00399378744176 0.464388728644
290 20.267 80.0 0.00887508320391 0.473263811848
291 20.286 1.0 0.000110938540049 0.473374750388
292 20.287 12.0 0.00133126248059 0.474706012869
293 20.48 481.0 0.0533614377635 0.528067450632
294 20.586 1.0 0.000110938540049 0.528178389172
295 20.8 1.0 0.000110938540049 0.528289327712
296 20.92 1.0 0.000110938540049 0.528400266252
297 20.933 1.0 0.000110938540049 0.528511204793
298 21.333 128.0 0.0142001331262 0.542711337919
299 21.334 65.0 0.00721100510317 0.549922343022
300 21.354 67.0 0.00743288218327 0.557355225205
301 21.355 150.0 0.0166407810073 0.573996006213
302 21.425 15.0 0.00166407810073 0.575660084313
303 21.426 9.0 0.000998446860439 0.576658531174
304 21.6 35.0 0.00388284890171 0.580541380075
305 21.68 1.0 0.000110938540049 0.580652318615
306 22.0 1.0 0.000110938540049 0.580763257156
307 22.48 1.0 0.000110938540049 0.580874195696
308 23.44 1.0 0.000110938540049 0.580985134236
309 23.624 1.0 0.000110938540049 0.581096072776
310 23.72 1.0 0.000110938540049 0.581207011316
311 24.491 1.0 0.000110938540049 0.581317949856
312 25.0 135.0 0.0149767029066 0.596294652762
313 25.025 216.0 0.0239627246505 0.620257377413
314 25.033 1.0 0.000110938540049 0.620368315953
315 25.08 1.0 0.000110938540049 0.620479254493
316 25.158 8.0 0.000887508320391 0.621366762813
317 25.159 10.0 0.00110938540049 0.622476148214
318 25.228 4.0 0.000443754160195 0.622919902374
319 25.229 8.0 0.000887508320391 0.623807410694
320 25.333 100.0 0.0110938540049 0.634901264699
321 25.334 47.0 0.00521411138229 0.640115376082
322 25.359 1.0 0.000110938540049 0.640226314622
323 25.467 1.0 0.000110938540049 0.640337253162
324 25.6 327.0 0.036276902596 0.676614155758
325 25.732 1.0 0.000110938540049 0.676725094298
326 26.48 1.0 0.000110938540049 0.676836032838
327 26.666 47.0 0.00521411138229 0.68205014422
328 26.667 106.0 0.0117594852452 0.693809629465
329 26.693 95.0 0.0105391613046 0.70434879077
330 26.694 44.0 0.00488129576215 0.709230086532
331 26.781 1.0 0.000110938540049 0.709341025072
332 26.782 7.0 0.000776569780342 0.710117594852
333 27.0 47.0 0.00521411138229 0.715331706235
334 27.033 1.0 0.000110938540049 0.715442644775
335 28.067 1.0 0.000110938540049 0.715553583315
336 29.88 1.0 0.000110938540049 0.715664521855
337 30.0 31.0 0.00343909474151 0.719103616596
338 30.03 152.0 0.0168626580874 0.735966274684
339 30.13 1.0 0.000110938540049 0.736077213224
340 30.19 7.0 0.000776569780342 0.736853783004
341 30.191 2.0 0.000221877080098 0.737075660084
342 30.274 1.0 0.000110938540049 0.737186598624
343 30.275 2.0 0.000221877080098 0.737408475704
344 30.4 39.0 0.0043266030619 0.741735078766
345 30.43 4.0 0.000443754160195 0.742178832927
346 30.431 4.0 0.000443754160195 0.742622587087
347 30.72 315.0 0.0349456401154 0.777568227202
348 30.879 2.0 0.000221877080098 0.777790104282
349 30.88 1.0 0.000110938540049 0.777901042822
350 31.64 1.0 0.000110938540049 0.778011981362
351 32.0 105.0 0.0116485467051 0.789660528067
352 32.032 144.0 0.015975149767 0.805635677834
353 32.138 4.0 0.000443754160195 0.806079431995
354 32.139 2.0 0.000221877080098 0.806301309075
355 32.4 75.0 0.00832039050366 0.814621699578
356 32.657 1.0 0.000110938540049 0.814732638118
357 33.44 1.0 0.000110938540049 0.814843576659
358 35.0 26.0 0.00288440204127 0.8177279787
359 35.035 121.0 0.0134235633459 0.831151542046
360 35.32 1.0 0.000110938540049 0.831262480586
361 35.466 3.0 0.000332815620146 0.831595296206
362 35.467 4.0 0.000443754160195 0.832039050366
363 35.503 1.0 0.000110938540049 0.832149988906
364 35.84 249.0 0.0276236964722 0.859773685378
365 36.026 3.0 0.000332815620146 0.860106500998
366 36.303 1.0 0.000110938540049 0.860217439538
367 36.56 1.0 0.000110938540049 0.860328378079
368 36.767 1.0 0.000110938540049 0.860439316619
369 37.333 29.0 0.00321721766142 0.86365653428
370 37.334 19.0 0.00210783226093 0.865764366541
371 37.37 25.0 0.00277346350122 0.868537830042
372 37.371 50.0 0.00554692700244 0.874084757045
373 37.494 1.0 0.000110938540049 0.874195695585
374 37.495 1.0 0.000110938540049 0.874306634125
375 37.8 73.0 0.00809851342356 0.882405147548
376 40.0 41.0 0.004548480142 0.88695362769
377 40.04 51.0 0.00565786554249 0.892611493233
378 40.533 3.0 0.000332815620146 0.892944308853
379 40.574 1.0 0.000110938540049 0.893055247393
380 40.96 144.0 0.015975149767 0.90903039716
381 41.172 4.0 0.000443754160195 0.90947415132
382 41.173 4.0 0.000443754160195 0.90991790548
383 41.28 1.0 0.000110938540049 0.91002884402
384 42.666 12.0 0.00133126248059 0.911360106501
385 42.667 19.0 0.00210783226093 0.913467938762
386 42.709 43.0 0.0047703572221 0.918238295984
387 42.71 18.0 0.00199689372088 0.920235189705
388 42.851 2.0 0.000221877080098 0.920457066785
389 43.2 39.0 0.0043266030619 0.924783669847
390 43.743 1.0 0.000110938540049 0.924894608387
391 44.68 1.0 0.000110938540049 0.925005546927
392 45.0 28.0 0.00310627912137 0.928111826048
393 45.045 22.0 0.00244064788107 0.930552473929
394 45.6 2.0 0.000221877080098 0.93077435101
395 46.08 96.0 0.0106500998447 0.941424450854
396 46.319 2.0 0.000221877080098 0.941646327934
397 46.5 1.0 0.000110938540049 0.941757266474
398 46.64 1.0 0.000110938540049 0.941868205014
399 46.88 1.0 0.000110938540049 0.941979143554
400 47.6 1.0 0.000110938540049 0.942090082095
401 48.0 29.0 0.00321721766142 0.945307299756
402 48.048 24.0 0.00266252496117 0.947969824717
403 48.207 1.0 0.000110938540049 0.948080763257
404 48.6 27.0 0.00299534058132 0.951076103838
405 50.0 16.0 0.00177501664078 0.952851120479
406 50.05 19.0 0.00210783226093 0.95495895274
407 50.667 3.0 0.000332815620146 0.95529176836
408 50.717 1.0 0.000110938540049 0.9554027069
409 50.884 1.0 0.000110938540049 0.95551364544
410 51.2 56.0 0.00621255824273 0.961726203683
411 51.465 1.0 0.000110938540049 0.961837142223
412 51.466 1.0 0.000110938540049 0.961948080763
413 53.333 6.0 0.000665631240293 0.962613712004
414 53.334 3.0 0.000332815620146 0.962946527624
415 53.386 13.0 0.00144220102063 0.964388728644
416 53.387 20.0 0.00221877080098 0.966607499445
417 53.564 1.0 0.000110938540049 0.966718437985
418 54.0 13.0 0.00144220102063 0.968160639006
419 55.0 21.0 0.00232970934103 0.970490348347
420 55.055 9.0 0.000998446860439 0.971488795207
421 55.292 1.0 0.000110938540049 0.971599733748
422 55.349 1.0 0.000110938540049 0.971710672288
423 56.32 32.0 0.00355003328156 0.975260705569
424 56.612 1.0 0.000110938540049 0.975371644109
425 57.92 1.0 0.000110938540049 0.975482582649
426 58.667 6.0 0.000665631240293 0.97614821389
427 58.725 11.0 0.00122032394054 0.97736853783
428 58.726 6.0 0.000665631240293 0.97803416907
429 59.4 9.0 0.000998446860439 0.979032615931
430 60.0 9.0 0.000998446860439 0.980031062791
431 60.06 2.0 0.000221877080098 0.980252939871
432 61.44 24.0 0.00266252496117 0.982915464832
433 64.064 14.0 0.00155313956068 0.984468604393
434 64.8 5.0 0.000554692700244 0.985023297093
435 65.0 4.0 0.000443754160195 0.985467051254
436 65.065 1.0 0.000110938540049 0.985577989794
437 66.56 11.0 0.00122032394054 0.986798313734
438 69.333 2.0 0.000221877080098 0.987020190814
439 69.334 3.0 0.000332815620146 0.987353006434
440 69.402 1.0 0.000110938540049 0.987463944974
441 69.403 5.0 0.000554692700244 0.988018637675
442 70.0 2.0 0.000221877080098 0.988240514755
443 70.2 4.0 0.000443754160195 0.988684268915
444 70.933 1.0 0.000110938540049 0.988795207455
445 71.68 10.0 0.00110938540049 0.989904592856
446 72.051 1.0 0.000110938540049 0.990015531396
447 74.667 1.0 0.000110938540049 0.990126469936
448 74.741 2.0 0.000221877080098 0.990348347016
449 74.742 1.0 0.000110938540049 0.990459285556
450 75.0 1.0 0.000110938540049 0.990570224096
451 75.6 1.0 0.000110938540049 0.990681162636
452 76.8 6.0 0.000665631240293 0.991346793876
453 80.0 3.0 0.000332815620146 0.991679609496
454 80.08 6.0 0.000665631240293 0.992345240737
455 81.066 1.0 0.000110938540049 0.992456179277
456 81.067 4.0 0.000443754160195 0.992899933437
457 81.92 4.0 0.000443754160195 0.993343687597
458 85.0 3.0 0.000332815620146 0.993676503217
459 85.419 3.0 0.000332815620146 0.994009318837
460 87.04 2.0 0.000221877080098 0.994231195917
461 89.223 1.0 0.000110938540049 0.994342134458
462 90.0 2.0 0.000221877080098 0.994564011538
463 90.09 1.0 0.000110938540049 0.994674950078
464 90.757 2.0 0.000221877080098 0.994896827158
465 92.16 3.0 0.000332815620146 0.995229642778
466 93.561 1.0 0.000110938540049 0.995340581318
467 95.0 3.0 0.000332815620146 0.995673396938
468 96.096 3.0 0.000332815620146 0.996006212558
469 97.28 2.0 0.000221877080098 0.996228089638
470 100.0 1.0 0.000110938540049 0.996339028178
471 100.1 1.0 0.000110938540049 0.996449966718
472 101.434 1.0 0.000110938540049 0.996560905258
473 101.435 2.0 0.000221877080098 0.996782782339
474 102.4 1.0 0.000110938540049 0.996893720879
475 105.0 1.0 0.000110938540049 0.997004659419
476 106.4 1.0 0.000110938540049 0.997115597959
477 107.52 1.0 0.000110938540049 0.997226536499
478 110.0 4.0 0.000443754160195 0.997670290659
479 111.466 1.0 0.000110938540049 0.997781229199
480 112.64 1.0 0.000110938540049 0.997892167739
481 115.0 1.0 0.000110938540049 0.998003106279
482 115.115 1.0 0.000110938540049 0.998114044819
483 120.0 1.0 0.000110938540049 0.998224983359
484 125.125 1.0 0.000110938540049 0.998335921899
485 127.127 1.0 0.000110938540049 0.998446860439
486 130.0 1.0 0.000110938540049 0.998557798979
487 135.135 3.0 0.000332815620146 0.9988906146
488 140.0 1.0 0.000110938540049 0.99900155314
489 145.0 1.0 0.000110938540049 0.99911249168
490 150.0 1.0 0.000110938540049 0.99922343022
491 152.0 1.0 0.000110938540049 0.99933436876
492 160.16 1.0 0.000110938540049 0.9994453073
493 165.0 1.0 0.000110938540049 0.99955624584
494 170.0 1.0 0.000110938540049 0.99966718438
495 175.0 1.0 0.000110938540049 0.99977812292
496 180.0 1.0 0.000110938540049 0.99988906146
497 190.0 1.0 0.000110938540049 1.0
