0.21809349702363645 890644.5726313072 2190.2343784514546 11.506643909202534 2211.8 400000.0 0.0
0.15256028572800956 1089422.8767485642 2666.902032108806 19.047103586983454 2689.8 400000.0 0.0
0.21416087604421136 723767.2015669498 1789.5753883213592 9.594485004229089 1804.6 400000.0 0.0
0.37352661163520806 1132582.4658549535 2774.911397769883 2.130184273073958 2806.7 400000.0 0.0
0.2639364750368055 986325.9792700431 2417.498261780704 9.524446747423617 2440.6 400000.0 0.0
0.2966399474694302 1108788.6085296185 2716.983025757466 8.124580873333166 2741.4 400000.0 0.0
-0.00519123982716807 253838.27652291296 655.5362275991871 7.6326721920931675 648 400000.0 0.0
-0.43340758179177663 1465029.4789016137 3572.300318277703 84.50365247935224 3544.8 400000.0 0.0
0.16368397672244023 721345.2581410134 1782.0291900883155 12.14554445217226 1762.3 400000.0 0.0
0.3544646443121259 1044433.1560143714 2559.47219033714 3.378088014984151 2589.7 400000.0 0.0
0.3503391008633414 1084245.9714294828 2658.191358582475 3.8227343288916273 2687.3 400000.0 0.0
0.2874738664184484 1163123.834727683 2847.0319622127317 9.263779369271926 2878.6 400000.0 0.0
0.23603218723509323 723307.3252762739 1787.318214364993 8.465314984606817 1803.7 400000.0 0.0
0.4 1398322.420234953 3407.959640379127 0 3457.1 400000.0 0.0
0.32932996623651134 1401178.3994753468 3420.888392825478 7.001263810057253 3462.6 400000.0 0.0
0.4 1334805.423006364 3258.181994873205 0 3307.7 400000.0 0.0
0.24740559850489482 1110421.982668531 2722.9540276006187 11.99462969891757 2743.1 400000.0 0.0
0.305372343545272 1188625.928441192 2905.987154616223 7.9663282875840835 2938.9 400000.0 0.0
0.3400782763998708 1337445.844977773 3264.522648118017 5.67166081517502 3307.5 400000.0 0.0
0.4 799217.6382037789 1967.6213244689698 0 1993.7 400000.0 0.0
0.30566318942060383 1115222.6178471919 2728.366622916569 7.459189673719699 2761.1 400000.0 0.0
0.3366721480771224 1979046.6665794703 4800.127956678634 8.806989639507162 4862.5 400000.0 0.0
0.2902568233576318 1255935.5909671797 3071.79841819579 9.749277552880152 3102.1 400000.0 0.0
0.10044902371965808 67111.32031935181 200.71422742772103 2.273952985520175 196 300000.0 0.0
0.3270948407160021 1801916.137908692 4377.910652355988 9.25725976024718 4433.1 400000.0 0.0
0.25438873079386204 719381.4792171741 1780.3425929014568 7.483741975478253 1789.2 400000.0 0.0
0.2988159615688491 1400457.2697430192 3413.315534736246 10.00074798447422 3396.9 400000.0 0.0
0.2754905538991511 1236572.0233865264 3023.9112781421263 10.887337612539348 3053.1 400000.0 0.0
0.2435382984606094 1457799.0265032551 3558.4909435041363 16.082807460560616 3591.2 400000.0 0.0
0.16157070120445802 1086080.1963125034 2652.1497472073047 18.24261379156589 2667.7 400000.0 0.0
0.2557789932346136 969881.2489518045 2382.8268600669376 9.92777162850102 2405.9 400000.0 0.0
0.4 1108384.7005845776 2711.5742954102657 0 2753.5 400000.0 0.0
0.3153506284800297 841298.4701835588 2068.2802711843133 5.07896229119822 2096.6 400000.0 0.0
0.33943550827749003 1163936.8755799273 2849.346786992448 5.000091758486292 2885.5 400000.0 0.0
0.2898482434261761 1406053.2570521277 3428.1952350071633 10.938325594656469 3465.5 400000.0 0.0
0.32353904293033575 1091863.0495102757 2672.1457125863863 5.921278768418187 2707.7 400000.0 0.0
0.2873215084227569 1500185.0463615789 3657.6936317293275 11.922956666894333 3637.5 400000.0 0.0
0.21920795185106487 1111197.9731825327 2724.9482217182676 14.211095877753507 2743.3 400000.0 0.0
0.27924147477701167 1386944.131905869 3369.919019701967 11.766935364751657 3405.0 400000.0 0.0
0.22491508788892156 870093.2431370018 2141.9203863696976 10.830834098034156 2156.0 400000.0 0.0
0.36642233267622515 1050192.5969046883 2574.915015206698 2.506611909519009 2605.3 400000.0 0.0
0.1973540230046464 1088218.5910310633 2627.956037957231 15.363392674531461 2605.8 400000.0 0.0
0.2220494213713387 1082883.9185023557 2644.202368223608 13.573904602372306 2663.0 400000.0 0.0
0.19228187865119173 881217.7617197862 2165.256196614425 12.994459219262659 2185.8 400000.0 0.0
0.3178631033877621 1431414.3114450853 3493.9719739318657 8.30919768054035 3534.2 400000.0 0.0
0.3401434590543386 1260336.43706625 3082.3211521429535 5.345328307705575 3118.2 400000.0 0.0
0.2286380171004261 890341.3913526704 2190.713411754325 10.839641708996304 2204.2 400000.0 0.0
0.30683829417975333 1315467.959687108 3215.1676706588373 8.666205192581089 3246.7 400000.0 0.0
0.3273223521020658 1284495.5521884002 3134.334688994499 6.6085954251377395 3176.3 400000.0 0.0
0.23035148951565232 951322.7497755327 2336.747658404186 11.441411172200194 2350.9 400000.0 0.0
0.2598656285171285 1083196.954332442 2655.5234989834426 10.754498276592464 2677.4 400000.0 0.0
0.2287894103452673 932182.3177974946 2289.5381699655604 11.307862200452114 2303.0 400000.0 0.0
0.2760966510359344 1322803.6541964177 3232.86169231022 11.583522391524275 3262.2 400000.0 0.0
0.24468560437451267 1253905.8758417398 3068.225965505652 13.761577844955973 3095.0 400000.0 0.0
0.2827527945136015 1402836.1811995015 3425.2941663900874 11.615653380745528 3462.3 400000.0 0.0
0.3111342090574041 1141841.462955111 2793.3750423607175 7.191929127447299 2826.2 400000.0 0.0
0.34657796756333303 1400380.5262753216 3415.480009128744 5.292508329772122 3459.0 400000.0 0.0
0.4 1188524.9871373042 2904.2822572238683 0 2945.6 400000.0 0.0
0.4 942057.8157940488 2309.762838450717 0 2344.0 400000.0 0.0
0.4 885622.2317897184 2176.827500312559 0 2211.8 400000.0 0.0
0.4 1081387.2312304564 2646.5528556524337 0 2689.8 400000.0 0.0
0.3412268142790721 721598.7361946472 1780.8637486120422 3.034336565126978 1804.6 400000.0 0.0
0.3178985703044189 1133940.6491975372 2778.1581714449876 6.606301087132806 2806.7 400000.0 0.0
0.4 981881.9328019802 2405.964813118363 0 2440.6 400000.0 0.0
0.4 1110307.039063235 2706.850303184985 0 2741.4 400000.0 0.0
0.4 250198.77275485726 645.794601899462 0 648 400000.0 0.0
0.03517418953204382 1445418.2089798097 3522.745768498414 36.991640317216024 3544.8 400000.0 0.0
0.4 715830.4235295566 1767.8561964602661 0 1762.3 400000.0 0.0
-0.18112235848772906 1058572.0909457041 2597.779049731309 43.11117031571757 2589.7 400000.0 0.0
0.4 1081939.7163746606 2652.741920690424 0 2687.3 400000.0 0.0
0.29807267837811807 1162046.7177156212 2844.144224603006 8.391226012592142 2878.6 400000.0 0.0
0.4 719317.3797514898 1776.9226745601666 0 1803.7 400000.0 0.0
0.4 1397814.3020826816 3406.6956221415526 0 3457.1 400000.0 0.0
0.4 1397920.750001115 3411.9466408298554 0 3462.6 400000.0 0.0
0.39899181689372404 1334355.6537883168 3256.7479326233165 0.09542570331495881 3307.7 400000.0 0.0
0.4 1111959.9829217063 2708.8706713648753 0 2743.1 400000.0 0.0
0.4 1184628.429092615 2895.9114145304707 0 2938.9 400000.0 0.0
0.4 1335163.0595698168 3256.8447282443235 0 3307.5 400000.0 0.0
0.4 798628.6081461384 1966.4915179070538 0 1993.7 400000.0 0.0
0.3329381651247603 1125853.7380321103 2724.2229514257274 5.302563687809652 2761.1 400000.0 0.0
0.37553213419747267 1970975.30513314 4791.476321483696 3.402740406956127 4862.5 400000.0 0.0
0.4 1252804.3798242218 3059.917560584581 0 3102.1 400000.0 0.0
0.3 66076.97162346299 197.40375862184354 0 196 300000.0 0.0
0.4 1796545.7515695982 4366.732189071568 0 4433.1 400000.0 0.0
0.4 715654.7386668206 1770.853685682045 0 1789.2 400000.0 0.0
0.4 1394296.9492853757 3401.8175261269876 0 3396.9 400000.0 0.0
0.4 1231542.3455319032 3010.761575255579 0 3053.1 400000.0 0.0
0.4 1450897.503644674 3540.7592191441945 0 3591.2 400000.0 0.0
0.4 1074883.6959070652 2632.6048114272226 0 2667.7 400000.0 0.0
0.4 966351.0156662738 2370.8374595320247 0 2405.9 400000.0 0.0
-0.12234881669070563 1124569.7001652315 2751.6881270311837 41.180522990267264 2753.5 400000.0 0.0
0.4 838817.3800236745 2061.7227877233317 0 2096.6 400000.0 0.0
0.4 1161318.6325415908 2842.7382069065748 0 2885.5 400000.0 0.0
0.4 1400801.025160501 3414.9181959512475 0 3465.5 400000.0 0.0
0.4 1088400.7400709884 2664.685385444406 0 2707.7 400000.0 0.0
0.4 1494148.9954342032 3643.0569042831876 0 3637.5 400000.0 0.0
0.4 1110622.7847864279 2708.805107058622 0 2743.3 400000.0 0.0
0.4 1386106.4749632904 3355.244396512641 0 3405.0 400000.0 0.0
0.4 869954.368659421 2129.669299266672 0 2156.0 400000.0 0.0
0.4 1048194.0578319379 2570.6842233869165 0 2605.3 400000.0 0.0
0.4 1066912.924484234 2610.7811735732084 0 2605.8 400000.0 0.0
0.4 1071565.0002351678 2628.7726555308177 0 2663.0 400000.0 0.0
0.4 876013.1518505816 2150.711337215838 0 2185.8 400000.0 0.0
0.4 1427408.6262325952 3483.796794448469 0 3534.2 400000.0 0.0
0.4 1257876.7809285168 3075.6845076753425 0 3118.2 400000.0 0.0
0.4 885298.7309688915 2177.8741977451477 0 2204.2 400000.0 0.0
0.4 1311006.1508782965 3203.917838038387 0 3246.7 400000.0 0.0
0.4 1281196.2633536605 3125.7294831425343 0 3176.3 400000.0 0.0
0.4 945067.8335634315 2323.70185990021 0 2350.9 400000.0 0.0
0.4 1078226.033552452 2642.7259545831885 0 2677.4 400000.0 0.0
0.4 925653.0657667193 2276.769627156944 0 2303.0 400000.0 0.0
0.4 1317580.0660653356 3219.7129513339432 0 3262.2 400000.0 0.0
0.4 1248472.2801946958 3052.8297982928098 0 3095.0 400000.0 0.0
0.4 1398000.8160539162 3411.8873548527004 0 3462.3 400000.0 0.0
0.37060553513856775 1141269.4162823367 2786.4227278305952 2.3789008771577755 2826.2 400000.0 0.0
0.3869905305234164 1397968.0496620454 3410.002737119289 1.2888451155871223 3459.0 400000.0 0.0
0.4 1187978.65352198 2902.6347042239945 0 2945.6 400000.0 0.0
0.4 941645.9263538433 2309.2484810119568 0 2344.0 400000.0 0.0
-5.504853799402779 1033336.5618225182 2550.3811365209067 373.51633335757117 2211.8 400000.0 0.0
-4.929422002928263 1243840.1146380897 3056.842136378629 410.24155417889654 2689.8 400000.0 0.0
-4.329759074316697 815803.37536087 2021.9860009039069 244.18756151123415 1804.6 400000.0 0.0
-4.1557854714142275 1289356.345437918 3138.135359815163 366.5818076998425 2806.7 400000.0 0.0
-4.808803695852414 1126128.3661616566 2770.467185135555 364.616258709669 2440.6 400000.0 0.0
-4.899052631612087 1283540.5583077732 3123.35425567698 416.53018360113623 2741.4 400000.0 0.0
0.4 250126.7249705611 645.871297277574 0 648 400000.0 0.0
-4.888892991887001 1659607.0931350037 4021.9674069065736 536.2691498750542 3544.8 400000.0 0.0
-4.329563050566628 811943.4075494147 2010.9319323468394 243.07754283144766 1762.3 400000.0 0.0
-5.0260243861406915 1200894.5683151425 2957.1641221835075 402.5352974834607 2589.7 400000.0 0.0
-4.791051929423359 1239792.155394184 3052.214264438796 399.59027642770513 2687.3 400000.0 0.0
-4.600907144409577 1337573.6673302017 3247.468856894451 411.7025881676722 2878.6 400000.0 0.0
-4.207016667513504 813535.8424570689 2014.585959903573 237.85062795069723 1803.7 400000.0 0.0
0.4 1397718.2310799186 3406.661315462123 0 3457.1 400000.0 0.0
-4.421724964049379 1586787.3037880743 3889.5625259386925 477.687170856985 3462.6 400000.0 0.0
-0.7329586740232749 1376845.1356074153 3363.8639223612936 107.23585589010997 3307.7 400000.0 0.0
-4.881977508345019 1283911.1158777126 3123.9619292803154 415.18799949316667 2743.1 400000.0 0.0
-5.558625528237808 1383392.9255188417 3397.559900537092 501.6331258656016 2938.9 400000.0 0.0
-5.0661341527875505 1539172.4440406284 3774.123041507898 517.3759535312868 3307.5 400000.0 0.0
-5.839238900690863 951110.4810940408 2323.3871969200563 356.9425045511517 1993.7 400000.0 0.0
-4.657399922906362 1284339.7357878992 3118.615809711541 399.88743576468914 2761.1 400000.0 0.0
-4.854881753808764 2261833.724756631 5518.930017524547 730.7951834366606 4862.5 400000.0 0.0
-5.1764733480189 1450865.2886347573 3555.151941950453 495.39832998679526 3102.1 400000.0 0.0
0.3 65929.7125963976 197.3727044324394 0 196 300000.0 0.0
-5.253733579076401 2094991.2293993721 5084.644497315115 717.8926823664453 4433.1 400000.0 0.0
-4.351089976981302 812339.4431719048 2015.0679623827673 244.18392672392275 1789.2 400000.0 0.0
-4.905133736585998 1601847.0514215936 3926.0420470095955 524.3446134997789 3396.9 400000.0 0.0
-5.215129462454754 1425667.678599041 3501.7763138387313 490.99736694953197 3053.1 400000.0 0.0
-5.01647364551498 1687673.9614488275 4097.4493975980495 556.7631049575864 3591.2 400000.0 0.0
-4.669197023480912 1228350.6668966035 3020.425902135718 387.8525164477256 2667.7 400000.0 0.0
-5.106075210200743 1115288.9345230253 2749.821698837493 379.0228516789349 2405.9 400000.0 0.0
-3.19262883334466 1220231.4554636376 2993.7261705272945 283.23283127996274 2753.5 400000.0 0.0
-5.630823021228419 987317.4273245098 2423.5234142051977 361.8493812737052 2096.6 400000.0 0.0
-5.681876867517778 1365932.5822538666 3344.8158748898036 502.1084390625144 2885.5 400000.0 0.0
-4.55074463931617 1595512.8391519976 3906.6162552409223 491.62045604372196 3465.5 400000.0 0.0
-4.225741162470346 1230361.450955264 3022.8989345165974 358.22600165177334 2707.7 400000.0 0.0
-5.71729168574566 1756698.78037606 4290.322502664373 647.2948179102966 3637.5 400000.0 0.0
-4.289032188267161 1261441.4133690197 3077.4301032742706 368.57973944983735 2743.3 400000.0 0.0
-4.6597642374374075 1575310.959412973 3848.1435779712338 493.0328408107614 3405.0 400000.0 0.0
-6.2558626801858 1028286.1706269814 2541.418942588328 411.7347611463774 2156.0 400000.0 0.0
-4.149429481405268 1182918.510088625 2910.217504426056 339.620200821184 2605.3 400000.0 0.0
0.19106007359622004 1075393.3690619313 2626.656134780665 15.840561862240065 2605.8 400000.0 0.0
-4.964002080672493 1233677.7903205901 3037.911317616556 409.1610889443205 2663.0 400000.0 0.0
-6.2998331954157925 1049100.3904966963 2569.8489906852346 419.1290998992671 2185.8 400000.0 0.0
-4.226264117910509 1613227.9083170332 3951.760266947536 468.00578867234225 3534.2 400000.0 0.0
-5.002720145612122 1448933.1839556608 3558.0695087694353 482.4754734686175 3118.2 400000.0 0.0
-5.601919351285164 1035618.2373166558 2557.551218088294 379.656293848736 2204.2 400000.0 0.0
-4.88469778168872 1505647.447374395 3695.429511563543 491.5997936454624 3246.7 400000.0 0.0
-5.012012614162913 1476885.463942731 3617.797018118737 492.1155656134185 3176.3 400000.0 0.0
-5.356039944097956 1101617.5582047598 2711.884883541126 388.1980427414901 2350.9 400000.0 0.0
-4.675949455724377 1232399.741284424 3032.335207336436 389.549609392801 2677.4 400000.0 0.0
-5.0820043651157265 1068509.1952292528 2638.774383165628 362.06726504485266 2303.0 400000.0 0.0
-5.031684932334382 1518660.5332149854 3727.454915663185 507.7993820461447 3262.2 400000.0 0.0
-5.517582883270079 1455453.9022625485 3576.998500588674 524.3253670990466 3095.0 400000.0 0.0
-5.214492098249435 1617922.2598085366 3968.0481936805168 556.2264264777348 3462.3 400000.0 0.0
-6.775497424001802 1374531.067823719 3364.69535555135 580.714675244797 2826.2 400000.0 0.0
-4.787917578101782 1600948.3245350327 3922.6338041773183 513.9657879700836 3459.0 400000.0 0.0
0.36774343200726145 1189000.6427764073 2905.2832758777718 2.7230544607823504 2945.6 400000.0 0.0
-0.9220014020490345 977857.8616348348 2398.085890582447 88.85079190515603 2344.0 400000.0 0.0
0.4 885597.6199371303 2176.3359821715803 0 2211.8 400000.0 0.0
0.4 1081236.024332509 2646.2459480886428 0 2689.8 400000.0 0.0
0.4 719303.1200273777 1777.3280817339844 0 1804.6 400000.0 0.0
0.4 1131144.3178727552 2771.2459813637583 0 2806.7 400000.0 0.0
0.4 981665.4420722164 2405.341704384868 0 2440.6 400000.0 0.0
0.4 1104616.4826475242 2706.3118939388655 0 2741.4 400000.0 0.0
0.4 249848.02158413653 645.3338443213682 0 648 400000.0 0.0
-0.7089061735960812 1475468.4836972493 3597.7129365311266 112.43792829950962 3544.8 400000.0 0.0
0.4 715753.9861773018 1767.2933368639715 0 1762.3 400000.0 0.0
0.2313451550449901 1046297.4566631841 2566.7716046232013 12.511836172243761 2589.7 400000.0 0.0
0.4 1081315.2830830615 2652.2359044625337 0 2687.3 400000.0 0.0
0.4 1160302.0627235963 2835.312093166237 0 2878.6 400000.0 0.0
0.4 719343.7102203203 1776.284306070258 0 1803.7 400000.0 0.0
0.4 1397330.8498167824 3406.252677198574 0 3457.1 400000.0 0.0
0.4 1397351.5507625758 3411.297165864857 0 3462.6 400000.0 0.0
0.4 1334020.9538795615 3256.243910586772 0 3307.7 400000.0 0.0
0.4 1104773.983042353 2708.322737208702 0 2743.1 400000.0 0.0
0.4 1184697.832351297 2895.353556211838 0 2938.9 400000.0 0.0
0.4 1334102.6480206205 3256.3415621772497 0 3307.5 400000.0 0.0
0.4 798517.5310894857 1966.2100668994933 0 1993.7 400000.0 0.0
0.4 1111437.771996523 2718.32472056819 0 2761.1 400000.0 0.0
0.4 1969395.0582235127 4787.409409831413 0 4862.5 400000.0 0.0
0.4 1251534.9671719163 3059.3294347417655 0 3102.1 400000.0 0.0
0.3 66066.06787633356 197.1825099632189 0 196 300000.0 0.0
0.4 1796396.2615056976 4366.318574750872 0 4433.1 400000.0 0.0
0.4 715468.754970772 1770.3639410875464 0 1789.2 400000.0 0.0
0.4 1394073.0998926044 3401.2709131863003 0 3396.9 400000.0 0.0
0.4 1231096.2753490526 3010.31614026946 0 3053.1 400000.0 0.0
0.4 1452111.1068754771 3540.281652833971 0 3591.2 400000.0 0.0
0.4 1074592.904998669 2632.2343885688633 0 2667.7 400000.0 0.0
0.4 965584.2115373778 2370.289473768769 0 2405.9 400000.0 0.0
0.27879284166960694 1111718.9294304107 2719.741996169239 9.555634110233314 2753.5 400000.0 0.0
0.4 838710.6767786662 2061.2801503544915 0 2096.6 400000.0 0.0
0.4 1161267.2633071956 2842.264884293324 0 2885.5 400000.0 0.0
0.4 1400579.8329306138 3414.3632215035927 0 3465.5 400000.0 0.0
0.4 1087950.092253386 2664.266790644885 0 2707.7 400000.0 0.0
0.4 1494060.93915036 3642.3810914955216 0 3637.5 400000.0 0.0
0.4 1104762.5923065813 2708.306677854034 0 2743.3 400000.0 0.0
0.4 1374638.736942727 3354.3751554334945 0 3405.0 400000.0 0.0
0.4 865069.889838342 2129.242595332019 0 2156.0 400000.0 0.0
0.4 1048076.6834485303 2570.2451658783625 0 2605.3 400000.0 0.0
0.4 1065626.9314009727 2610.3253886767925 0 2605.8 400000.0 0.0
0.4 1071364.5678524002 2628.311105435125 0 2663.0 400000.0 0.0
0.4 876033.6039675425 2150.2612418772624 0 2185.8 400000.0 0.0
0.4 1427490.7111794755 3483.317139625274 0 3534.2 400000.0 0.0
0.4 1257709.1179402345 3075.270098803266 0 3118.2 400000.0 0.0
0.4 885062.1194995405 2177.3306193911444 0 2204.2 400000.0 0.0
0.4 1310798.7265582515 3203.3774311724 0 3246.7 400000.0 0.0
0.4 1281372.2565126328 3125.285327040172 0 3176.3 400000.0 0.0
0.4 945047.1653197408 2323.2843450107744 0 2350.9 400000.0 0.0
0.4 1077936.5409595238 2642.3035340485944 0 2677.4 400000.0 0.0
0.4 925000.9177634118 2276.2791038141677 0 2303.0 400000.0 0.0
0.4 1317411.3732939102 3219.260185136549 0 3262.2 400000.0 0.0
0.4 1247949.381136616 3052.280201876376 0 3095.0 400000.0 0.0
0.4 1397391.8687390804 3411.3480938734265 0 3462.3 400000.0 0.0
0.4 1138069.105959399 2783.3389294918297 0 2826.2 400000.0 0.0
0.4 1397228.8763977448 3408.2579795818033 0 3459.0 400000.0 0.0
0.4 1188260.35980172 2902.256441306241 0 2945.6 400000.0 0.0
0.4 941687.5739661739 2309.1217129619104 0 2344.0 400000.0 0.0
0.35256896108244 887459.2712963558 2181.488544249233 3.000288973389843 2211.8 400000.0 0.0
0.4 1081879.2353095633 2647.843152951474 0 2689.8 400000.0 0.0
0.4 722354.062677044 1779.7236693602922 0 1804.6 400000.0 0.0
-0.23015498999180717 1153479.247007092 2823.2902430673325 50.70549454352681 2806.7 400000.0 0.0
0.4 982619.6348168027 2407.5408791681684 0 2440.6 400000.0 0.0
0.4 1115055.175763009 2708.7069528039724 0 2741.4 400000.0 0.0
0.4 254233.09884056833 647.5965511794699 0 648 400000.0 0.0
0.4 1438741.9243942993 3487.545403004115 0 3544.8 400000.0 0.0
0.4 720045.6705082871 1769.4006975311108 0 1762.3 400000.0 0.0
-1.188525693318951 1088723.6832523795 2673.8747709213585 117.84644096947568 2589.7 400000.0 0.0
0.4 1082240.8023182864 2654.205102769457 0 2687.3 400000.0 0.0
0.20969747582205214 1173286.00010435 2853.317684947807 15.666765943951987 2878.6 400000.0 0.0
0.4 722311.1348462321 1778.705402557012 0 1803.7 400000.0 0.0
0.4 1398480.9119142175 3408.089686894025 0 3457.1 400000.0 0.0
0.35868874645881904 1400774.4823409554 3417.681562523388 4.092696281056533 3462.6 400000.0 0.0
0.4 1335106.2114331564 3257.872223350411 0 3307.7 400000.0 0.0
0.38985632954724175 1114410.5192969115 2711.4891363631555 0.7973396774493722 2743.1 400000.0 0.0
0.4 1185446.4088157602 2897.8402632482816 0 2938.9 400000.0 0.0
0.4 1337362.1687737599 3258.7393303081726 0 3307.5 400000.0 0.0
-1.5478376073529123 843243.1856881562 2078.8908249125557 111.43443056018987 1993.7 400000.0 0.0
0.3130620091195117 1127545.7226351337 2727.639212687289 6.874166720782796 2761.1 400000.0 0.0
0.3184753355120016 1975525.1718964507 4802.02500367337 11.33761613112165 4862.5 400000.0 0.0
0.4 1251988.265722735 3061.5964311785765 0 3102.1 400000.0 0.0
0.3 66537.28231078334 198.1943352529494 0 196 300000.0 0.0
0.4 1797326.0882811395 4368.62178073216 0 4433.1 400000.0 0.0
0.4 720209.0971106477 1773.0600687155113 0 1789.2 400000.0 0.0
0.11421217408626472 1413114.142444595 3431.5506508810545 28.246471165892444 3396.9 400000.0 0.0
0.4 1231888.3820790495 3012.6691539254557 0 3053.1 400000.0 0.0
0.37863850246469366 1453949.966107378 3544.4609881560023 2.195763235024515 3591.2 400000.0 0.0
0.4 1075255.6180612892 2633.786389417884 0 2667.7 400000.0 0.0
0.39479407966217184 966686.0778734061 2372.8630928483594 0.3583610279063123 2405.9 400000.0 0.0
-1.0645845560655567 1157249.3382184766 2826.80340473259 115.4637591874939 2753.5 400000.0 0.0
0.4 845547.9752288447 2063.1032231073204 0 2096.6 400000.0 0.0
0.4 1168569.8806400017 2844.348054451786 0 2885.5 400000.0 0.0
0.36870170927820867 1402770.6277160796 3419.8853292637964 3.1079930553964914 3465.5 400000.0 0.0
0.3742115782203117 1089775.7059261405 2668.3450822656478 1.9971033610781888 2707.7 400000.0 0.0
0.3940600840564236 1495112.4013104052 3645.5566131449345 0.6285259893784314 3637.5 400000.0 0.0
0.3271660633083465 1121368.5114835016 2716.0410907461396 5.725086186460203 2743.3 400000.0 0.0
0.4 1376089.6868932818 3357.567574013069 0 3405.0 400000.0 0.0
0.0239277479572359 875528.617729297 2154.419025396915 23.26400442869192 2156.0 400000.0 0.0
0.4 1052464.621834671 2572.2183055760165 0 2605.3 400000.0 0.0
0.4 1077770.6127229766 2612.756022684229 0 2605.8 400000.0 0.0
0.4 1072596.6367425285 2630.4573220599195 0 2663.0 400000.0 0.0
0.4 876360.2827229183 2152.3525140178526 0 2185.8 400000.0 0.0
0.4 1428476.3093473779 3485.5716546665153 0 3534.2 400000.0 0.0
0.4 1258250.7967741305 3076.890422972922 0 3118.2 400000.0 0.0
0.32479768577615276 888002.162525188 2184.7458298429524 4.756983597415456 2204.2 400000.0 0.0
0.34181968478081115 1313887.8410357751 3211.1174799311348 5.412122345971056 3246.7 400000.0 0.0
0.4 1283036.4504114026 3127.444615055378 0 3176.3 400000.0 0.0
0.4 945746.6883296436 2325.436924618674 0 2350.9 400000.0 0.0
0.4 1078746.5169695572 2644.287219059825 0 2677.4 400000.0 0.0
0.4 925807.2408449879 2278.479961722865 0 2303.0 400000.0 0.0
0.4 1321395.4301968594 3221.4557676241784 0 3262.2 400000.0 0.0
0.34189224511932415 1250558.3737476217 3059.7357577186526 5.148617351055236 3095.0 400000.0 0.0
0.2515902024199384 1406647.039591515 3428.1540499051425 14.70292413235029 3462.3 400000.0 0.0
-0.2955860680734256 1170871.149859933 2842.568174088037 56.293942253384216 2826.2 400000.0 0.0
0.4 1398064.721536391 3410.254296270096 0 3459.0 400000.0 0.0
0.4 1188525.1038311606 2903.8630977628413 0 2945.6 400000.0 0.0
0.4 941730.0359712425 2309.6695773196093 0 2344.0 400000.0 0.0
0.4 885419.2550630798 2176.7117284995566 0 2211.8 400000.0 0.0
0.4 1081357.9899078547 2646.5503864830257 0 2689.8 400000.0 0.0
0.4 719085.227692276 1777.8164902673536 0 1804.6 400000.0 0.0
0.4 1131243.6723644712 2771.468877603324 0 2806.7 400000.0 0.0
0.4 981715.3433796578 2405.8042951517946 0 2440.6 400000.0 0.0
0.4 1104793.4032922178 2706.792246314897 0 2741.4 400000.0 0.0
0.4 250065.89144688734 645.7942170092609 0 648 400000.0 0.0
0.4 1430920.2717116408 3485.7985444243923 0 3544.8 400000.0 0.0
0.4 715661.1500766915 1767.7730818924701 0 1762.3 400000.0 0.0
0.4 1041481.1431651126 2554.617723956745 0 2589.7 400000.0 0.0
0.4 1081494.3567130484 2652.6141486132396 0 2687.3 400000.0 0.0
0.4 1160512.6312758664 2835.7374277797408 0 2878.6 400000.0 0.0
0.4 719109.8806326682 1776.8129918337931 0 1803.7 400000.0 0.0
0.4 1397491.2612855986 3406.568513472487 0 3457.1 400000.0 0.0
0.4 1397589.7160179156 3411.805211250784 0 3462.6 400000.0 0.0
0.4 1334185.3285582997 3256.5319359284995 0 3307.7 400000.0 0.0
0.4 1104864.3136821117 2708.7403704578473 0 2743.1 400000.0 0.0
0.4 1184590.9792201633 2895.7570354455765 0 2938.9 400000.0 0.0
0.4 1334468.98557576 3256.743348965172 0 3307.5 400000.0 0.0
0.4 798623.2839636304 1966.4217987873712 0 1993.7 400000.0 0.0
0.4 1111512.7214445088 2718.7819428776224 0 2761.1 400000.0 0.0
0.4 1969570.5982970542 4787.9580682443475 0 4862.5 400000.0 0.0
0.4 1251259.026594515 3059.821391822618 0 3102.1 400000.0 0.0
0.3 65854.94127040874 197.42151112492715 0 196 300000.0 0.0
0.4 1796558.48873864 4366.745460028495 0 4433.1 400000.0 0.0
0.4 715617.673022739 1770.8399435959218 0 1789.2 400000.0 0.0
0.4 1394147.4068218058 3401.722533300606 0 3396.9 400000.0 0.0
0.4 1231196.0321991227 3010.768455393277 0 3053.1 400000.0 0.0
0.4 1450805.5754677663 3540.7234105629923 0 3591.2 400000.0 0.0
0.4 1074709.077953428 2632.46482777499 0 2667.7 400000.0 0.0
0.4 965332.3582249294 2370.816562101055 0 2405.9 400000.0 0.0
0.4 1108144.9102622387 2710.5004923374536 0 2753.5 400000.0 0.0
0.4 838709.6918615344 2061.5863752359305 0 2096.6 400000.0 0.0
0.4 1161277.8296295246 2842.592968263748 0 2885.5 400000.0 0.0
0.4 1400793.0526803995 3414.9119755445186 0 3465.5 400000.0 0.0
0.4 1088672.5818207075 2664.6370465378614 0 2707.7 400000.0 0.0
0.4 1494023.616241492 3642.95384898767 0 3637.5 400000.0 0.0
0.4 1104904.5361711895 2708.8070489913744 0 2743.3 400000.0 0.0
0.4 1374761.3118281227 3355.104653445508 0 3405.0 400000.0 0.0
0.4 865285.4576007663 2129.6375301523185 0 2156.0 400000.0 0.0
0.4 1048247.4175622717 2570.5499731409363 0 2605.3 400000.0 0.0
0.4 1069122.8430077496 2610.7237520458857 0 2605.8 400000.0 0.0
0.4 1071634.7482020208 2628.7125821240334 0 2663.0 400000.0 0.0
0.4 875769.3503864362 2150.608116661121 0 2185.8 400000.0 0.0
0.4 1427438.7184458412 3483.7444969802623 0 3534.2 400000.0 0.0
0.4 1257703.500877018 3075.5694878689296 0 3118.2 400000.0 0.0
0.4 885256.9979443146 2177.8455270027926 0 2204.2 400000.0 0.0
0.4 1311008.8427277224 3203.8959781914186 0 3246.7 400000.0 0.0
0.4 1281590.5531506343 3125.655145715302 0 3176.3 400000.0 0.0
0.4 945083.2242453778 2323.6255776252965 0 2350.9 400000.0 0.0
0.4 1078128.7124840175 2642.741916231972 0 2677.4 400000.0 0.0
0.4 925115.1220043735 2276.632017085747 0 2303.0 400000.0 0.0
0.4 1317594.5536729076 3219.7109345892522 0 3262.2 400000.0 0.0
0.4 1247851.2326987265 3052.763361471615 0 3095.0 400000.0 0.0
0.4 1397606.8670212978 3411.7851560368817 0 3462.3 400000.0 0.0
0.4 1138146.8474724446 2783.9145614716335 0 2826.2 400000.0 0.0
0.4 1397372.8922595987 3408.627279979423 0 3459.0 400000.0 0.0
0.4 1187945.2022721434 2902.5910916227544 0 2945.6 400000.0 0.0
0.4 941583.7156985198 2309.231563313391 0 2344.0 400000.0 0.0
0.3891446434723575 885955.6718345582 2178.378564784245 0.6866644129113411 2211.8 400000.0 0.0
0.4 1081588.7026574009 2647.1286313481105 0 2689.8 400000.0 0.0
0.4 719983.4079357221 1778.663161026774 0 1804.6 400000.0 0.0
0.4 1131445.9802755518 2772.0148218411637 0 2806.7 400000.0 0.0
0.4 982101.013286686 2406.765027127348 0 2440.6 400000.0 0.0
0.4 1105386.864560922 2707.916476595415 0 2741.4 400000.0 0.0
0.4 251279.77562402393 646.6392758368291 0 648 400000.0 0.0
0.015590559288338246 1446667.8043881622 3525.5618898692446 38.97732933727548 3544.8 400000.0 0.0
0.4 716197.9659778178 1768.7985824465738 0 1762.3 400000.0 0.0
-0.40899617166951574 1065513.4404051707 2615.1955333153282 60.01622761920362 2589.7 400000.0 0.0
0.4 1081827.1483431002 2653.414444481769 0 2687.3 400000.0 0.0
0.24658652205653578 1175742.4807406936 2849.2563988123347 12.629853765578218 2878.6 400000.0 0.0
0.4 720058.5773938282 1777.7110671077928 0 1803.7 400000.0 0.0
0.4 1398285.2065628623 3407.186381160013 0 3457.1 400000.0 0.0
0.27041901833737936 1403467.3966771073 3425.5369996048353 12.837557718203811 3462.6 400000.0 0.0
0.4 1334471.0136155563 3257.2670091012665 0 3307.7 400000.0 0.0
0.25859294194171367 1109674.0873058853 2720.630158499053 11.115252470628093 2743.1 400000.0 0.0
0.4 1185006.0036873466 2896.756719808797 0 2938.9 400000.0 0.0
0.4 1334804.9709570669 3257.767328805463 0 3307.5 400000.0 0.0
0.03962763783441209 806941.5355821041 1987.4650754919246 20.616651416915033 1993.7 400000.0 0.0
0.3032347248119745 1114861.4410933605 2727.305353712657 7.651207805564809 2761.1 400000.0 0.0
0.34589456909324634 1973197.0908983103 4797.047190894953 7.52442969354388 4862.5 400000.0 0.0
0.4 1252843.030452159 3060.866232292207 0 3102.1 400000.0 0.0
0.3 65941.2202026143 197.77175492615038 0 196 300000.0 0.0
0.3865558968020174 1799914.0420473097 4369.3405387598905 1.707088452581047 4433.1 400000.0 0.0
0.4 715983.2938961607 1771.7375691607872 0 1789.2 400000.0 0.0
0.33084064215979003 1397826.6453275413 3409.4664295011453 6.8355179260672685 3396.9 400000.0 0.0
0.4 1231617.8179276783 3011.6454408466225 0 3053.1 400000.0 0.0
0.35442099751083633 1454212.404401266 3546.090379708945 4.6850974651651995 3591.2 400000.0 0.0
0.34558487471846194 1076599.8641738 2637.2805262583097 4.163389818052565 2667.7 400000.0 0.0
0.3848744883070042 966013.9960693795 2372.8431286313485 1.0411980142155244 2405.9 400000.0 0.0
-0.3936751984470078 1132977.507695832 2773.5324701989516 62.57113773803155 2753.5 400000.0 0.0
0.36069549448423954 844995.1983767303 2064.632424226 2.358270330945629 2096.6 400000.0 0.0
0.4 1164897.7622406704 2843.5597439973726 0 2885.5 400000.0 0.0
0.30323749124515254 1405128.13496066 3425.8448241803753 9.608742148446481 3465.5 400000.0 0.0
0.4 1088788.184814713 2665.300579931548 0 2707.7 400000.0 0.0
0.2887844322149553 1499258.309966653 3655.9394954760032 11.768158916789616 3637.5 400000.0 0.0
0.4 1105693.0464319864 2709.5865643766915 0 2743.3 400000.0 0.0
0.31666221827435487 1380127.4589563082 3364.489284212642 8.12058849838263 3405.0 400000.0 0.0
0.38099532508592615 871346.2666253558 2131.405777298544 1.1756380295682902 2156.0 400000.0 0.0
0.4 1048579.1147183008 2571.2155043512316 0 2605.3 400000.0 0.0
0.4 1076514.971601105 2611.796364497978 0 2605.8 400000.0 0.0
0.352388735201385 1073478.8850072876 2633.285927898593 3.6317429892897053 2663.0 400000.0 0.0
0.4 876194.4783853374 2151.450131283422 0 2185.8 400000.0 0.0
0.30707042616368085 1431482.822954587 3493.9200669565676 9.401015027627636 3534.2 400000.0 0.0
0.3863674885088359 1258939.4016265774 3077.473144726513 1.2174149796760503 3118.2 400000.0 0.0
0.4 885637.3025191671 2178.835467007895 0 2204.2 400000.0 0.0
0.27031278771625944 1316287.0484618647 3217.2374250206703 12.063926724068892 3246.7 400000.0 0.0
0.4 1281411.9444103532 3126.5517092362356 0 3176.3 400000.0 0.0
0.3322064688093132 947241.5044389302 2329.0939942535215 4.572121870999808 2350.9 400000.0 0.0
0.4 1078408.1815183552 2643.483366611685 0 2677.4 400000.0 0.0
0.37041766762446915 926194.657810136 2279.3549761616146 1.95380985922111 2303.0 400000.0 0.0
0.34076099142977384 1320085.584168719 3226.013725729565 5.5381584756351 3262.2 400000.0 0.0
0.4 1248385.3746189938 3053.6320126868823 0 3095.0 400000.0 0.0
0.3999418399065907 1398457.277913432 3412.8501676484198 0.0057619069284555735 3462.3 400000.0 0.0
0.4 1138821.1572478018 2784.9430817651255 0 2826.2 400000.0 0.0
0.4 1397842.5436584977 3409.2778613552982 0 3459.0 400000.0 0.0
0.4 1188280.2157885511 2903.3344372311344 0 2945.6 400000.0 0.0
0.4 941834.033488518 2309.446406851265 0 2344.0 400000.0 0.0
0.4 886023.4406354678 2177.72527946946 0 2211.8 400000.0 0.0
0.12958643566090028 1089844.8298411707 2667.9784187445766 20.81555576656791 2689.8 400000.0 0.0
0.3018032165035722 721897.7179698121 1783.708870629302 5.069694403769063 1804.6 400000.0 0.0
-0.15436532048332774 1149281.815110011 2816.8223912640997 44.60706997377474 2806.7 400000.0 0.0
0.31923420439812034 984294.0482164009 2412.309815732197 5.653605692131578 2440.6 400000.0 0.0
0.4 1105688.1142915993 2707.660288652975 0 2741.4 400000.0 0.0
0.4 251125.51268526394 646.7573245233147 0 648 400000.0 0.0
-2.210221341448715 1539944.6097676887 3751.355801622593 264.66430345852086 3544.8 400000.0 0.0
0.4 716896.477912012 1768.820134661691 0 1762.3 400000.0 0.0
-0.9007783064155862 1080040.9297684846 2651.901204159414 96.49959994106325 2589.7 400000.0 0.0
0.4 1081975.6950757056 2653.4823098268707 0 2687.3 400000.0 0.0
0.06275605171712162 1172710.446200061 2864.2356557217613 27.76380411445092 2878.6 400000.0 0.0
0.4 719939.1611398509 1777.7263123528262 0 1803.7 400000.0 0.0
0.4 1397711.9189043553 3407.2636512759245 0 3457.1 400000.0 0.0
0.29891342136476673 1401857.0573194586 3422.7643764054833 10.014623836885903 3462.6 400000.0 0.0
0.4 1334502.3270705997 3257.26760781206 0 3307.7 400000.0 0.0
0.3777570472696586 1106420.0212907807 2711.359607235459 1.7483995401989318 2743.1 400000.0 0.0
0.3435976158460744 1188645.7032501518 2901.3418878787797 4.748293735749087 2938.9 400000.0 0.0
0.4 1334796.914307259 3257.7344455005973 0 3307.5 400000.0 0.0
-0.7504775589840608 825090.5158251405 2032.9107502255274 65.81801849071604 1993.7 400000.0 0.0
0.3266171980358114 1124631.8372703663 2725.443414813731 5.802361085540497 2761.1 400000.0 0.0
0.13516013533046767 1984649.4986836375 4825.841477395215 36.83121838892566 4862.5 400000.0 0.0
0.4 1254377.9017566529 3060.5586758573863 0 3102.1 400000.0 0.0
0.3 76338.65735988734 197.81259463737865 0 196 300000.0 0.0
0.3958967284290303 1797250.668072391 4368.16570452156 0.5210200645929035 4433.1 400000.0 0.0
0.4 716162.2723731706 1771.833228098317 0 1789.2 400000.0 0.0
0.36956444021788937 1395669.6550092811 3405.4518792128974 3.0081657924179126 3396.9 400000.0 0.0
0.3875494795281031 1232659.1656981697 3012.737357697739 1.088696673821687 3053.1 400000.0 0.0
0.38493033089220424 1452047.9793367812 3543.0600855470384 1.5490218013129606 3591.2 400000.0 0.0
0.2352035139986421 1080110.5729248535 2645.7425151351617 12.6088474173132 2667.7 400000.0 0.0
0.4 967562.916860964 2371.533700515258 0 2405.9 400000.0 0.0
-0.8434870734185919 1147149.039498026 2809.039170090753 98.03305067183783 2753.5 400000.0 0.0
0.4 843807.6045455944 2062.491632077147 0 2096.6 400000.0 0.0
0.4 1161810.4295229947 2843.5208596644134 0 2885.5 400000.0 0.0
-0.059343489989267695 1419176.1774995837 3461.324784758659 45.61387679660868 3465.5 400000.0 0.0
0.34406629319224175 1090413.5716781118 2669.7953357668453 4.3316103179031415 2707.7 400000.0 0.0
0.25810943156117994 1500797.5145483892 3659.0081934072277 15.014002009223987 3637.5 400000.0 0.0
0.4 1106250.4000097124 2709.7317937743774 0 2743.3 400000.0 0.0
0.3725149108033056 1376081.5819308534 3358.607546180247 2.678198226375571 3405.0 400000.0 0.0
0.4 872569.3906503465 2130.429755880712 0 2156.0 400000.0 0.0
0.2641399240967764 1052673.2152750725 2581.580422870777 10.14211264300809 2605.3 400000.0 0.0
0.3574103888870793 1082990.1760101952 2614.7529697227146 3.2288867960028256 2605.8 400000.0 0.0
0.4 1072295.1145274614 2629.6887683009145 0 2663.0 400000.0 0.0
0.4 876770.0715621011 2151.4208583004965 0 2185.8 400000.0 0.0
0.3833571145512537 1428983.3217739735 3486.2915130525475 1.6836407372568942 3534.2 400000.0 0.0
0.3662190002322812 1260950.2057682036 3079.2717552134104 3.0167218397218676 3118.2 400000.0 0.0
0.3262544141415263 887439.8767008687 2183.3738145094458 4.6648370589546175 2204.2 400000.0 0.0
0.31800686164448305 1314878.173052355 3212.5058479496447 7.627268684234139 3246.7 400000.0 0.0
0.4 1281856.3755577162 3126.435357159941 0 3176.3 400000.0 0.0
0.4 945411.9410565523 2324.468526578978 0 2350.9 400000.0 0.0
0.4 1078525.5324106913 2643.484735250169 0 2677.4 400000.0 0.0
0.38458465068025993 926027.351304412 2278.4697890713173 1.0181300480944628 2303.0 400000.0 0.0
0.4 1317943.6948382587 3220.4015802585 0 3262.2 400000.0 0.0
0.25531306729920633 1255411.8132320642 3066.3043258224343 12.819935199767997 3095.0 400000.0 0.0
0.28058792971290425 1402588.1736856338 3424.3735552317253 11.830126033093677 3462.3 400000.0 0.0
0.3885329911792547 1148053.9905742332 2785.8751859968243 0.9280276906091558 2826.2 400000.0 0.0
0.3822154958480815 1398432.709906016 3411.2275472378324 1.7619066903993712 3459.0 400000.0 0.0
0.4 1190273.7086024336 2903.2701264938323 0 2945.6 400000.0 0.0
0.4 941898.9918606371 2309.527121588772 0 2344.0 400000.0 0.0
0.4 886768.5373792186 2176.759652021593 0 2211.8 400000.0 0.0
0.4 1081397.9441652782 2646.617295442994 0 2689.8 400000.0 0.0
0.4 719324.3492215504 1777.8708027121365 0 1804.6 400000.0 0.0
0.4 1131275.2645441457 2771.5972718594635 0 2806.7 400000.0 0.0
0.4 981793.9413325359 2405.9278151783587 0 2440.6 400000.0 0.0
0.4 1104799.1371064116 2706.886880794784 0 2741.4 400000.0 0.0
0.4 250037.2520915531 645.8860875047335 0 648 400000.0 0.0
0.17146798884621517 1439979.0936098094 3508.922266561598 23.172082991407024 3544.8 400000.0 0.0
0.4 715691.7031428935 1767.8026371952292 0 1762.3 400000.0 0.0
-0.011462865535479982 1053639.4352096745 2585.2438084738883 30.524803280422816 2589.7 400000.0 0.0
0.4 1081975.85274129 2652.704272291085 0 2687.3 400000.0 0.0
0.4 1158467.771553059 2835.7240888059387 0 2878.6 400000.0 0.0
0.4 719364.6894327089 1776.8206650381942 0 1803.7 400000.0 0.0
0.4 1397429.5774068395 3406.6493316722404 0 3457.1 400000.0 0.0
0.4 1397512.3690201119 3411.854600029627 0 3462.6 400000.0 0.0
0.4 1334297.7186052317 3256.5650250218328 0 3307.7 400000.0 0.0
0.4 1104827.5932931902 2708.8366845137048 0 2743.1 400000.0 0.0
0.4 1184748.6654768554 2895.8143581565796 0 2938.9 400000.0 0.0
0.4 1334654.6829570362 3256.78230060097 0 3307.5 400000.0 0.0
-0.29734960427008716 814427.5688934767 2006.375481600958 39.894884337311964 1993.7 400000.0 0.0
0.4 1111437.1142537007 2718.7694365515395 0 2761.1 400000.0 0.0
0.4 1969611.9657444824 4788.065141379508 0 4862.5 400000.0 0.0
0.4 1251698.5657127227 3059.8191798611533 0 3102.1 400000.0 0.0
0.3 65851.5813171418 197.3919007390565 0 196 300000.0 0.0
0.4 1796616.4956458185 4366.772162015054 0 4433.1 400000.0 0.0
0.4 715651.1613895303 1770.9151152529155 0 1789.2 400000.0 0.0
0.4 1394129.2485623271 3401.7557670830115 0 3396.9 400000.0 0.0
0.4 1231222.066269449 3010.815848338246 0 3053.1 400000.0 0.0
0.4 1450890.6081868133 3540.7376110778887 0 3591.2 400000.0 0.0
0.4 1076915.2405977964 2632.489669038624 0 2667.7 400000.0 0.0
0.4 965668.7951330125 2370.8838285317797 0 2405.9 400000.0 0.0
0.0312775249749469 1119497.7985965393 2739.5582632840105 29.069050938021633 2753.5 400000.0 0.0
0.4 838749.687367238 2061.6609650151227 0 2096.6 400000.0 0.0
0.4 1161352.9842990283 2842.67983346998 0 2885.5 400000.0 0.0
0.4 1400798.5741274902 3414.921837320734 0 3465.5 400000.0 0.0
0.4 1090387.8429819536 2664.7225428365587 0 2707.7 400000.0 0.0
0.4 1494109.9748179698 3643.0502845080055 0 3637.5 400000.0 0.0
0.4 1104818.2713201623 2708.78224438338 0 2743.3 400000.0 0.0
0.4 1379230.618218626 3355.000061946969 0 3405.0 400000.0 0.0
0.4 865257.0300392149 2129.7128569757892 0 2156.0 400000.0 0.0
0.4 1048862.6515230334 2570.6781675663387 0 2605.3 400000.0 0.0
-0.01836726965975083 1094022.1168240781 2642.6114061214093 31.718076723041577 2605.8 400000.0 0.0
0.4 1073721.861546832 2628.75449498819 0 2663.0 400000.0 0.0
0.4 875513.1802734688 2150.7496373543077 0 2185.8 400000.0 0.0
0.4 1427434.979388659 3483.7940589669747 0 3534.2 400000.0 0.0
0.4 1257718.0211145622 3075.65101811504 0 3118.2 400000.0 0.0
0.4 885327.3881276568 2177.7914014370845 0 2204.2 400000.0 0.0
0.4 1311065.5454947683 3203.962170610029 0 3246.7 400000.0 0.0
0.4 1281131.2922974585 3125.722020522447 0 3176.3 400000.0 0.0
0.4 945099.6237464666 2323.7510133220862 0 2350.9 400000.0 0.0
0.4 1078136.067590948 2642.721523486598 0 2677.4 400000.0 0.0
0.4 925166.7244912945 2276.7650933119758 0 2303.0 400000.0 0.0
0.4 1317694.5920481952 3219.732671489657 0 3262.2 400000.0 0.0
0.4 1247885.415585174 3052.7558078504558 0 3095.0 400000.0 0.0
0.4 1397556.8929965314 3411.960005691108 0 3462.3 400000.0 0.0
0.4 1138174.9877414454 2784.074433546947 0 2826.2 400000.0 0.0
0.4 1397393.481670059 3408.7037874559564 0 3459.0 400000.0 0.0
0.4 1188814.5440677367 2902.6405013317303 0 2945.6 400000.0 0.0
0.4 941609.4433754515 2309.282848443686 0 2344.0 400000.0 0.0
-16.87600622021722 1330805.8040777645 3300.968539494423 1092.8078353253682 2211.8 400000.0 0.0
-16.243310887504744 1598703.9459947913 3952.9811992093814 1281.1478845962954 2689.8 400000.0 0.0
-17.919668878671157 1112666.038064359 2755.055110140619 945.80616071279 1804.6 400000.0 0.0
-16.27464233829667 1680654.9205569916 4137.183641354382 1341.7270346629412 2806.7 400000.0 0.0
-14.108570610633477 1396925.9904351092 3454.3423042859727 1015.5999427443435 2440.6 400000.0 0.0
-16.029118064897915 1640941.9728344092 4028.4459400171672 1291.4050944036035 2741.4 400000.0 0.0
-14.064105412804283 370447.44883804984 949.8781976120001 272.46338103189464 648 400000.0 0.0
-16.184919732935597 2117975.4279602896 5197.790127416874 1681.6337217581208 3544.8 400000.0 0.0
-17.990697522651743 1109990.060729465 2742.468929399981 945.1963145362872 1762.3 400000.0 0.0
-16.62555521811973 1552241.6303290993 3844.3031246124574 1263.0586312977193 2589.7 400000.0 0.0
-16.134359220732943 1595163.3695274827 3949.912540954251 1272.7611400145593 2687.3 400000.0 0.0
-16.9197808819177 1740543.4090092028 4290.670102591868 1425.8610307439221 2878.6 400000.0 0.0
-18.5320618405405 1121159.9231954452 2787.3734459722364 977.4227275813931 1803.7 400000.0 0.0
-9.051324146342274 1778820.1694698571 4369.808448207755 936.3404851957695 3457.1 400000.0 0.0
-16.668821242844498 2087019.445135492 5134.122696991067 1691.0041510352921 3462.6 400000.0 0.0
-11.579642226884062 1792952.1803042442 4415.146948583677 1133.8870665911195 3307.7 400000.0 0.0
-14.81171321286648 1589757.3725791238 3933.110857460377 1195.7114106857837 2743.1 400000.0 0.0
-15.434444996945286 1724817.5437566442 4259.804206576758 1333.0393229986498 2938.9 400000.0 0.0
-17.206645930962218 2005601.116998079 4951.8339316602105 1666.4895102096796 3307.5 400000.0 0.0
-15.786832430036144 1173432.8469532093 2912.930200473595 926.0373901834631 1993.7 400000.0 0.0
-15.146158258272498 1611070.2553293405 3980.414865109355 1229.231118095965 2761.1 400000.0 0.0
-16.502458751039658 2921458.0907966257 7180.0680017091345 2350.6210077027245 4862.5 400000.0 0.0
-14.517695811289139 1787588.372410846 4414.335835531224 1325.246465095919 3102.1 400000.0 0.0
-5.915805160901192 102690.96884672165 289.7268635614298 70.83126811259498 196 300000.0 0.0
-15.008933765932742 2582171.9836010244 6350.6401944066365 1956.5762409765762 4433.1 400000.0 0.0
-17.474465977047718 1109186.9237104424 2722.8003124001084 918.6644141691966 1789.2 400000.0 0.0
-16.545745866357258 2080552.2285353811 5101.88941135682 1674.8702309771706 3396.9 400000.0 0.0
-15.225007657544682 1783649.5131710644 4405.90579344067 1366.2797393573956 3053.1 400000.0 0.0
-16.043120379053015 2131043.406230944 5257.417011570214 1690.1998157073099 3591.2 400000.0 0.0
-16.700712895295744 1601855.9344758051 3963.6509716760747 1308.4033819889069 2667.7 400000.0 0.0
-14.656889526656055 1388037.6227172879 3438.6551368185724 1036.474255788417 2405.9 400000.0 0.0
-15.377891438328772 1609727.1914607855 3977.5161796416137 1243.8849296728963 2753.5 400000.0 0.0
-17.34554117441409 1286685.8413691253 3151.2672761846597 1064.7324704648454 2096.6 400000.0 0.0
-16.314882033250566 1717899.0875964193 4248.157249095365 1379.949563210221 2885.5 400000.0 0.0
-16.21800993887115 2077889.241403751 5098.70889342961 1650.2070334646464 3465.5 400000.0 0.0
-15.904027438407288 1599233.2878396183 3955.3695648350176 1262.6142179045646 2707.7 400000.0 0.0
-15.763560503986527 2185115.9370922637 5388.1724644389815 1710.3302393753186 3637.5 400000.0 0.0
-16.90975802126504 1670934.271860092 4102.221854365352 1360.6274909738568 2743.3 400000.0 0.0
-15.294726493476904 1996145.972974286 4923.954372400534 1529.3233490155403 3405.0 400000.0 0.0
-15.783741887518579 1284529.7606488324 3155.1934521350295 1001.1338004837075 2156.0 400000.0 0.0
-16.654479750044395 1562320.1026241137 3868.910751045292 1273.1367441312211 2605.3 400000.0 0.0
-14.211628607916856 1531105.2727514217 3746.356749372276 1107.7653316699757 2605.8 400000.0 0.0
-16.824737593482364 1604810.0990781058 3975.253874397529 1313.8869606191197 2663.0 400000.0 0.0
-17.309462762923694 1326267.737196397 3288.414876808608 1107.8710426108078 2185.8 400000.0 0.0
-16.683004768654378 2123252.417384358 5240.925004393636 1728.1644358987567 3534.2 400000.0 0.0
-14.937310224017267 1810369.7137549194 4471.134639836942 1369.6574711680537 3118.2 400000.0 0.0
-16.82912079850053 1330152.9082471672 3301.2900818604417 1089.8420598121263 2204.2 400000.0 0.0
-16.44674587495494 1944350.5898668796 4803.214068444986 1567.139151158599 3246.7 400000.0 0.0
-17.03984112888588 1925608.6797861112 4737.325627564716 1585.8088096265997 3176.3 400000.0 0.0
-15.34982871437034 1376626.8765679162 3413.4834994209073 1062.197750504046 2350.9 400000.0 0.0
-15.78653210078731 1582077.5635512185 3915.2847958782236 1242.2222309906542 2677.4 400000.0 0.0
-15.668076749871796 1360935.0800835004 3366.054387559344 1061.2404178985093 2303.0 400000.0 0.0
-16.660086969347567 1960355.2305842123 4842.736006429111 1594.919758529703 3262.2 400000.0 0.0
-14.844780521036808 1794325.9257226565 4432.914281224054 1350.7584601197732 3095.0 400000.0 0.0
-16.817923770246676 2087683.059942229 5150.246859881473 1705.7757037500196 3462.3 400000.0 0.0
-16.58550205027202 1705333.7005000128 4192.215232024014 1374.6406310452703 2826.2 400000.0 0.0
-15.029577674719162 2013446.403048075 4964.381329359093 1528.6046719605497 3459.0 400000.0 0.0
-11.623429993627786 1598993.224726777 3940.835991812926 1015.0011831829969 2945.6 400000.0 0.0
-10.26548501478576 1236068.500750015 3038.5661961693277 716.8198068076941 2344.0 400000.0 0.0
-2.321836075346803 953453.6772701538 2348.4899979218076 172.1719563940303 2211.8 400000.0 0.0
-2.6913861812016804 1175464.9825119933 2884.192095899147 237.96484325064097 2689.8 400000.0 0.0
-2.3531091556517265 777151.9245989698 1919.453367627976 142.13726338481007 1804.6 400000.0 0.0
-1.9014454623213202 1204525.6899308404 2956.443730853968 185.18607673562252 2806.7 400000.0 0.0
-2.502932319799922 1062119.4533094787 2608.5854935765956 203.20526238599456 2440.6 400000.0 0.0
-2.50917159662281 1195247.3742384755 2935.0301211783253 228.67441852523484 2741.4 400000.0 0.0
0.4 249794.64273564404 645.3170229843009 0 648 400000.0 0.0
-3.0780587351304076 1584986.7943795503 3838.007606711298 352.65897872485067 3544.8 400000.0 0.0
-2.7876354443928735 780499.3963282395 1931.1644415026242 163.82963563042443 1762.3 400000.0 0.0
-2.0643981332325763 1113754.4214576322 2737.1114017916466 182.8239545351609 2589.7 400000.0 0.0
-2.1978520210482015 1160555.3512619075 2852.235683287423 199.97419045743135 2687.3 400000.0 0.0
-2.237203859538989 1244871.7333525603 3052.44252418096 217.10934099460513 2878.6 400000.0 0.0
-3.1241079482826284 791532.4144651031 1958.2552195056696 181.94231732994035 1803.7 400000.0 0.0
0.4 1397372.4624014206 3406.259647889479 0 3457.1 400000.0 0.0
-2.8743031711291476 1525939.3391239073 3735.737404517608 324.3844536979109 3462.6 400000.0 0.0
0.4 1334182.1464700215 3256.2457610732818 0 3307.7 400000.0 0.0
-2.431065732250921 1192981.8813371237 2930.8445131086205 222.53493430251427 2743.1 400000.0 0.0
-2.211593535022032 1272469.2858250197 3115.1823207508573 219.85973480883155 2938.9 400000.0 0.0
-2.564304799015482 1445360.4618802955 3536.927292631836 280.57489609286074 3307.5 400000.0 0.0
-2.0756041387998923 854612.4031675321 2107.8186132320043 141.6275856150636 1993.7 400000.0 0.0
-1.8042516185008663 1180319.7010926183 2892.625076760009 174.28966285820803 2761.1 400000.0 0.0
-2.8794625804008547 2160434.1843058527 5243.480572509624 456.0740983906305 4862.5 400000.0 0.0
-2.739524763754309 1362171.6665979757 3338.2137557229235 278.90661854747583 3102.1 400000.0 0.0
0.3 65757.6782937818 197.19215634049786 0 196 300000.0 0.0
-2.688955109042662 1951715.8335312943 4758.550442625736 392.2254626830915 4433.1 400000.0 0.0
-2.845390601103395 781620.79580446 1937.1689260417243 166.79798205670937 1789.2 400000.0 0.0
-1.9397129792618513 1485857.0339190885 3632.5538325082252 231.25070143867134 3396.9 400000.0 0.0
-2.0917898861641375 1325203.8667043406 3228.1843379958077 217.8867435343525 3053.1 400000.0 0.0
-2.9846452804213284 1597612.0634797986 3888.212345933955 347.91004975493655 3591.2 400000.0 0.0
-2.619846915160355 1166114.9173412272 2863.301958685198 231.05340350878066 2667.7 400000.0 0.0
-2.7128950430346253 1051320.820968066 2584.591920437511 214.28300761354632 2405.9 400000.0 0.0
-1.2313776722546304 1158788.551480368 2838.8266677836205 128.61326299867898 2753.5 400000.0 0.0
-2.324674359548133 903342.7673786996 2224.7840251135194 163.48046157288798 2096.6 400000.0 0.0
-1.9676706399469768 1238598.8504140277 3037.7869773202165 195.47048306538994 2885.5 400000.0 0.0
-2.8500114458601296 1528389.137241059 3737.1137468878055 322.73369474006404 3465.5 400000.0 0.0
-2.3021874606889936 1171034.6484360415 2873.5644453342215 209.26242428126392 2707.7 400000.0 0.0
-2.2645576976283945 1615530.3458584049 3924.3288167072037 281.9473842839348 3637.5 400000.0 0.0
-2.42043772842803 1192585.5986072083 2929.9902662568556 221.69952376945912 2743.3 400000.0 0.0
-2.9467112856046866 1504684.5172845453 3680.499894252992 326.1097741089218 3405.0 400000.0 0.0
-2.3560628868347027 932628.5546630358 2299.7397838849834 170.49133206930952 2156.0 400000.0 0.0
-2.9416391503858863 1146804.73769986 2819.7163220680563 249.45724820322545 2605.3 400000.0 0.0
0.26601289902860914 1085260.5473458706 2620.486230671391 10.158091841086843 2605.8 400000.0 0.0
-2.091706302541215 1146725.4663407062 2818.383866074086 190.06503889151594 2663.0 400000.0 0.0
-2.359331358720671 944069.7345318549 2322.920994465121 172.61863616182802 2185.8 400000.0 0.0
-2.0542159462363214 1525741.377924696 3731.5730724674995 248.27533409599994 3534.2 400000.0 0.0
-2.860970431127468 1372862.3014260796 3366.4581365577324 291.21224315184827 3118.2 400000.0 0.0
-2.155523753954007 949064.439855653 2338.973258173262 161.65173513383485 2204.2 400000.0 0.0
-2.8310649366771843 1429798.1196869174 3503.904728056583 300.5641801560172 3246.7 400000.0 0.0
-2.5463014923727108 1387106.8949148296 3393.2304375157746 267.90787988784416 3176.3 400000.0 0.0
-2.0394873068248547 1019455.7386753868 2487.820653377823 164.52356255330415 2350.9 400000.0 0.0
-2.2805603385196234 1159414.8728211801 2848.0380952405376 205.71742132825017 2677.4 400000.0 0.0
-2.572663200079076 1016204.5252165988 2472.6049110299687 196.33403460987387 2303.0 400000.0 0.0
-2.0933553761459534 1409715.5041585013 3452.395536272532 233.09973516527288 3262.2 400000.0 0.0
-2.7056625209725556 1356795.9452728413 3327.4706089444317 275.17614430012645 3095.0 400000.0 0.0
-2.357797615056097 1505793.990622021 3684.549734097835 273.21436837532497 3462.3 400000.0 0.0
-2.340481801007663 1225980.6104162028 3005.138378374914 221.78782947689922 2826.2 400000.0 0.0
-2.1288705006933064 1496447.1707404158 3658.79696572245 250.53461239426707 3459.0 400000.0 0.0
0.4 1187711.0066713225 2902.2363051659618 0 2945.6 400000.0 0.0
0.4 941696.8710305247 2309.1523819954673 0 2344.0 400000.0 0.0
0.01857976332492678 898198.1593520736 2202.970784645425 24.12704752921394 2211.8 400000.0 0.0
-0.2725713171607318 1115115.0076769153 2699.374039056588 51.77235022795401 2689.8 400000.0 0.0
0.17811164701202864 725070.0576063286 1791.0175293233613 11.455631247285964 1804.6 400000.0 0.0
0.3205836885727509 1135475.6332190062 2779.2325838269144 6.390242733448417 2806.7 400000.0 0.0
-0.1821864681573222 998750.2676655751 2448.6398636356826 40.75305277101256 2440.6 400000.0 0.0
-0.029112954669157254 1124862.078234894 2742.591524131088 33.73027411120353 2741.4 400000.0 0.0
0.4 250951.02701275155 648.0314136311409 0 648 400000.0 0.0
-0.11259265440919841 1463242.0983199943 3539.546387502078 51.97451100521175 3544.8 400000.0 0.0
-0.0816768825592471 726377.7409068451 1794.3942547904765 24.755951405952004 1762.3 400000.0 0.0
-0.07065017378054766 1056015.5105827716 2591.0474756502613 34.91567568278947 2589.7 400000.0 0.0
0.05747038488885181 1102870.0002992062 2680.4450154733345 26.36681455855583 2687.3 400000.0 0.0
-0.09304667026880303 1175054.061158547 2878.3978700900075 40.59035378492007 2878.6 400000.0 0.0
-0.07948161694393663 729975.8153531952 1803.6942364676522 24.754632316640453 1803.7 400000.0 0.0
0.4 1398742.0429729247 3407.9304207868854 0 3457.1 400000.0 0.0
0.1169516651575302 1409641.129379174 3441.8449494464044 28.04153270764934 3462.6 400000.0 0.0
0.4 1334786.1391316713 3258.1205209251902 0 3307.7 400000.0 0.0
0.1425257884896558 1124407.1060559712 2731.159714817734 20.238670579185197 2743.1 400000.0 0.0
0.004037616839112634 1198630.4788156182 2931.1976951931415 33.3345076056375 2938.9 400000.0 0.0
-0.04439969074471506 1353126.626533312 3300.69065995056 42.06294747281373 3307.5 400000.0 0.0
-0.22239056508447863 813066.9866303733 2002.9201604997324 35.606530002507384 1993.7 400000.0 0.0
0.00806620712869388 1135494.491168873 2752.007006924806 30.99011385494049 2761.1 400000.0 0.0
-0.04777731341093394 1995498.7335270992 4853.441240883554 62.272286841799655 4862.5 400000.0 0.0
-0.08629171235189625 1269241.9017094818 3104.8599843327283 43.20079863219172 3102.1 400000.0 0.0
0.3 66449.95892102843 198.05083275404235 0 196 300000.0 0.0
0.006779492080597971 1819731.6664192171 4418.452718077975 49.9298598427892 4433.1 400000.0 0.0
-0.10672406333629392 726810.4005117036 1799.0603987817053 26.04325999937697 1789.2 400000.0 0.0
0.05196587570727068 1408680.5159918994 3437.9824820704844 34.39872158707209 3396.9 400000.0 0.0
0.006844212597937549 1246136.534736487 3047.341271549711 34.378273503064065 3053.1 400000.0 0.0
0.16489912032707071 1464537.962492362 3566.715976539832 24.166183445449946 3591.2 400000.0 0.0
0.04028314728325527 1086929.0007184478 2661.061884059506 27.522521986932333 2667.7 400000.0 0.0
0.07533933947259636 975418.4469822617 2394.970880102654 22.348733840956157 2405.9 400000.0 0.0
0.07945730682563601 1121423.0020082155 2736.8154485060113 25.270691392118465 2753.5 400000.0 0.0
0.07659111042566835 847142.6212883465 2082.598585446744 19.404533374459902 2096.6 400000.0 0.0
-0.19789441058721213 1181513.0703742602 2893.816776707184 49.36105017638613 2885.5 400000.0 0.0
0.2042827784766243 1409556.5583018002 3437.031078433902 19.435175253600335 3465.5 400000.0 0.0
0.1854577903184164 1107820.6176157754 2682.8244078494986 16.61454786603892 2707.7 400000.0 0.0
0.3295188546294965 1498127.834899562 3653.2402226215986 7.457888638041652 3637.5 400000.0 0.0
0.04120016811164773 1125363.1013242179 2738.652743165887 28.20333562285188 2743.3 400000.0 0.0
-0.17740428175858902 1401467.8212446796 3414.3424171946112 56.26334745508112 3405.0 400000.0 0.0
0.09100233188983375 873324.9909411679 2150.0536244789764 19.114739469140517 2156.0 400000.0 0.0
0.02937745608928599 1060120.6029775213 2599.7355348439196 27.66740385938121 2605.3 400000.0 0.0
0.4 1073534.3129002012 2613.041002529746 0 2605.8 400000.0 0.0
0.14778120623857138 1080389.4068697053 2649.785893119584 19.239014965988048 2663.0 400000.0 0.0
0.017833839229901116 885671.0735063653 2176.1635727653434 23.90760401096665 2185.8 400000.0 0.0
0.13018445183250893 1447341.8786647834 3513.0351001378594 27.295293826246194 3534.2 400000.0 0.0
0.022540872650870403 1271706.2460114209 3110.7958272709598 33.70797788420134 3118.2 400000.0 0.0
0.13260963043549828 893000.7326384663 2197.007193187023 16.913995470126622 2204.2 400000.0 0.0
0.05099424291593441 1324773.6529161115 3238.670924309398 32.46565182177355 3246.7 400000.0 0.0
-0.07590471285005096 1299034.4693510765 3170.9432091321855 43.274126214969755 3176.3 400000.0 0.0
-0.24631405672931728 963101.9487594638 2369.175995011758 43.588622430581864 2350.9 400000.0 0.0
0.0773304396181147 1089009.850088367 2669.165354827448 24.76301277349353 2677.4 400000.0 0.0
0.15303296090867194 932286.086325818 2294.710233525495 16.31131141905516 2303.0 400000.0 0.0
0.12415589094750923 1328434.3282148417 3247.053008536486 25.78821670676774 3262.2 400000.0 0.0
0.10740396714208356 1258830.358642902 3080.188127712379 25.925369422992134 3095.0 400000.0 0.0
0.09580750631555945 1410449.3801424156 3443.963762490786 30.13627960687714 3462.3 400000.0 0.0
-0.003700721627109216 1152079.8274782035 2819.16179261037 32.6715932851707 2826.2 400000.0 0.0
-0.14284380678456 1419365.3018216714 3464.136608965694 53.7794096954006 3459.0 400000.0 0.0
0.4 1188519.1947695534 2903.9426538192347 0 2945.6 400000.0 0.0
-0.022653759968442433 953046.5803036623 2338.020360930143 28.40626433276276 2344.0 400000.0 0.0
0.4 893077.7257524123 2179.619902596028 0 2211.8 400000.0 0.0
0.4 1082240.703895575 2648.7511327657 0 2689.8 400000.0 0.0
0.37113337360127746 727660.1927908605 1781.9363800356114 1.4903235024456762 1804.6 400000.0 0.0
0.13365855768270235 1140910.8225867795 2795.1228279116704 21.43119512599651 2806.7 400000.0 0.0
0.4 982942.620925662 2408.821024355551 0 2440.6 400000.0 0.0
0.4 1106060.2508175038 2709.410025030823 0 2741.4 400000.0 0.0
0.4 251071.98265756402 648.4203119347632 0 648 400000.0 0.0
-0.7969406642567812 1480060.7255130415 3609.783955842897 121.36421618975737 3544.8 400000.0 0.0
0.4 720582.4332139525 1770.418023572161 0 1762.3 400000.0 0.0
0.4 1042304.0389010676 2556.7020378718594 0 2589.7 400000.0 0.0
0.4 1082742.3997663364 2654.8155208322496 0 2687.3 400000.0 0.0
0.4 1166840.8052930317 2838.291294723509 0 2878.6 400000.0 0.0
0.4 727572.8221279278 1779.495036612522 0 1803.7 400000.0 0.0
0.4 1398591.6408574292 3408.9642080936446 0 3457.1 400000.0 0.0
0.29409380282479236 1402977.3556452726 3425.078850203748 10.492102324799646 3462.6 400000.0 0.0
0.4 1335093.082323704 3258.875455670053 0 3307.7 400000.0 0.0
0.33487644107958126 1108040.7288200695 2716.353545033105 5.119014631418963 2743.1 400000.0 0.0
0.4 1185727.995112199 2898.4671092020003 0 2938.9 400000.0 0.0
0.4 1335416.6142558823 3259.532150832516 0 3307.5 400000.0 0.0
0.3815323494405646 799621.4689612985 1968.954782902664 1.0565214040979356 1993.7 400000.0 0.0
0.4 1113142.9758551987 2721.2809824237424 0 2761.1 400000.0 0.0
0.4 1974639.5220461576 4790.890391111576 0 4862.5 400000.0 0.0
0.4 1252576.507416879 3062.1924723920465 0 3102.1 400000.0 0.0
0.3 67362.70335462752 198.77022262513964 0 196 300000.0 0.0
0.36267317144819994 1802804.3642974403 4374.09013075555 4.7396391602983385 4433.1 400000.0 0.0
0.4 717888.7481289131 1773.5562936628355 0 1789.2 400000.0 0.0
0.4 1395556.3974254087 3404.117930455368 0 3396.9 400000.0 0.0
0.4 1232427.8457728734 3013.3359615520253 0 3053.1 400000.0 0.0
0.4 1452125.4139712302 3543.409762997883 0 3591.2 400000.0 0.0
0.4 1078520.1066355985 2634.393497056961 0 2667.7 400000.0 0.0
0.4 966675.8012313276 2373.736563957145 0 2405.9 400000.0 0.0
0.4 1108848.677563665 2712.007135088099 0 2753.5 400000.0 0.0
0.4 840440.2859185047 2063.924245829263 0 2096.6 400000.0 0.0
0.4 1164126.291810341 2845.0725527648297 0 2885.5 400000.0 0.0
0.4 1401926.8475943373 3417.7636101955154 0 3465.5 400000.0 0.0
0.4 1089310.9623879162 2666.794339689461 0 2707.7 400000.0 0.0
0.4 1498689.3080253194 3646.0255569352917 0 3637.5 400000.0 0.0
0.4 1106654.5496750665 2711.4769729008267 0 2743.3 400000.0 0.0
0.4 1377916.1975857746 3358.3989509173825 0 3405.0 400000.0 0.0
0.3446632102380255 867962.9810124182 2135.1395298547154 3.423159552717493 2156.0 400000.0 0.0
0.4 1049120.7391930304 2573.0363430367806 0 2605.3 400000.0 0.0
0.4 1069581.9911575639 2613.520172413021 0 2605.8 400000.0 0.0
0.4 1072804.4045381858 2631.6872057470136 0 2663.0 400000.0 0.0
0.4 881993.4600437308 2153.1306926942248 0 2185.8 400000.0 0.0
0.4 1430084.3697691297 3486.500196449901 0 3534.2 400000.0 0.0
0.4 1259525.7655119365 3077.9858196235596 0 3118.2 400000.0 0.0
0.4 887650.6747087871 2180.7937756459964 0 2204.2 400000.0 0.0
0.3124546647942388 1315395.5400184484 3215.0222306227583 8.143752112163838 3246.7 400000.0 0.0
0.4 1282068.4873365934 3128.302660707555 0 3176.3 400000.0 0.0
0.4 946261.5922606458 2326.477981846253 0 2350.9 400000.0 0.0
0.4 1079241.8811613745 2645.4785888124384 0 2677.4 400000.0 0.0
0.4 926147.4953175113 2279.226322481634 0 2303.0 400000.0 0.0
0.36056369855955894 1319975.3873862773 3225.723675253244 3.686835623036586 3262.2 400000.0 0.0
0.4 1248760.6098212353 3054.9493777473713 0 3095.0 400000.0 0.0
0.4 1398721.9791212778 3414.2712067574057 0 3462.3 400000.0 0.0
0.4 1139813.5629569755 2787.0182999746817 0 2826.2 400000.0 0.0
0.4 1398390.481866573 3411.1549461041136 0 3459.0 400000.0 0.0
0.4 1189218.945709516 2904.949662667566 0 2945.6 400000.0 0.0
0.4 941919.2241252554 2309.719800930193 0 2344.0 400000.0 0.0
-142.3281015613087 4491650.012010787 11247.991709301676 9028.382238296737 2211.8 400000.0 0.0
-144.31654913080015 5516003.320444955 13811.049562970842 11139.808781929036 2689.8 400000.0 0.0
-140.04868506762602 3622623.963240935 9068.464553638729 7251.071647677437 1804.6 400000.0 0.0
-141.6911833022498 5684288.027722835 14233.008591306076 11433.383586646149 2806.7 400000.0 0.0
-142.91845324174236 4987808.902863056 12487.138829650845 10032.291726921967 2440.6 400000.0 0.0
-145.27803332785732 5671890.861062086 14204.433700278963 11450.970991817621 2741.4 400000.0 0.0
-32.9554046827983 530252.8144896209 1314.0617447029456 628.3227393736424 648 400000.0 0.0
-155.64255005998152 7729804.335311261 19352.942825679387 15821.988796779522 3544.8 400000.0 0.0
-143.03735609701965 3666025.3675044836 9182.355956089135 7372.012952893337 1762.3 400000.0 0.0
-157.22629628391707 5685798.419260894 14281.659716780301 11693.671747574313 2589.7 400000.0 0.0
-148.3425479559671 5647408.365579304 14141.06657974571 11449.717063587235 2687.3 400000.0 0.0
-147.52831422054768 6012533.867452948 15052.92390770946 12178.284473040438 2878.6 400000.0 0.0
-141.41599383028762 3650898.3386921836 9138.864491646931 7321.662937284617 1803.7 400000.0 0.0
-23.304750902961434 2346972.50652824 5788.400405443865 2348.4241592236212 3457.1 400000.0 0.0
-142.9733171602387 7056176.222143506 17664.6386735659 14203.961188432952 3462.6 400000.0 0.0
-43.35255303077468 2988439.436596482 7432.371577959748 4141.230019424487 3307.7 400000.0 0.0
-142.12807452714978 5575794.397074968 13957.430295643864 11203.369579110846 2743.1 400000.0 0.0
-143.4445873712437 6009155.381667135 15049.95353735753 12109.707122881448 2938.9 400000.0 0.0
-141.94147929245037 6700887.430096147 16775.519418133896 13472.786528378441 3307.5 400000.0 0.0
-167.5448672549744 4625771.330395429 11595.78779035891 9608.008684819468 1993.7 400000.0 0.0
-142.01326435116246 5603731.023695803 14021.17935276718 11260.583692882614 2761.1 400000.0 0.0
-147.44015045189835 10142920.65355267 25392.95101146361 20560.095341915167 4862.5 400000.0 0.0
-144.33456412870893 6376372.1206158055 15960.535658120716 12857.81476678298 3102.1 400000.0 0.0
-34.60673554829178 249017.17065531784 615.9489321561567 397.7744283409993 196 300000.0 0.0
-147.14520327452115 9247607.609266449 23146.21942010222 18734.809532067105 4433.1 400000.0 0.0
-140.65043075009402 3617422.2165946765 9068.82662940157 7249.336092039716 1789.2 400000.0 0.0
-143.9043485972018 7072409.227434196 17701.03130539944 14262.639105537388 3396.9 400000.0 0.0
-142.54471543591555 6213648.265316311 15558.190613033328 12499.351861373081 3053.1 400000.0 0.0
-144.37283189342182 7375657.691354229 18461.044675136945 14881.30039462615 3591.2 400000.0 0.0
-144.70687616924803 5494935.312266973 13759.933398419405 11102.363316205257 2667.7 400000.0 0.0
-140.84154638766347 4848657.471933699 12136.153115957852 9722.673890871718 2405.9 400000.0 0.0
-151.08309711251044 5856730.065118076 14673.106034735913 11942.504632823498 2753.5 400000.0 0.0
-145.32859137889713 4330582.713271988 10837.875538565622 8743.715482733829 2096.6 400000.0 0.0
-146.8054879332083 6004392.177668019 15030.965095121264 12153.011213090453 2885.5 400000.0 0.0
-145.72734431358668 7180522.149514441 17975.82711193894 14510.785121372446 3465.5 400000.0 0.0
-147.580031206294 5656162.279542432 14158.374443288976 11459.848928301373 2707.7 400000.0 0.0
-144.0233141218908 7581327.395989473 18973.225747448178 15282.001843130307 3637.5 400000.0 0.0
-140.47830405952243 5522129.448453672 13821.912748620389 11073.689947004323 2743.3 400000.0 0.0
-146.84513116356652 7089938.309622125 17746.707852581112 14347.839525007994 3405.0 400000.0 0.0
-146.26888978140497 4487127.6966490485 11239.586215465455 9073.005739965982 2156.0 400000.0 0.0
-143.4298954529254 5327181.2538297 13343.915691458027 10737.06893962536 2605.3 400000.0 0.0
-44.8844244255883 2459861.1800333452 6091.699949579156 3433.1912471492524 2605.8 400000.0 0.0
-145.62594695012223 5515518.698007337 13812.621742408903 11138.723395265137 2663.0 400000.0 0.0
-138.8521060760999 4356643.311328377 10900.296240728221 8711.352682435087 2185.8 400000.0 0.0
-143.6092463857146 7218171.0904220985 18096.35009098813 14568.377250647873 3534.2 400000.0 0.0
-142.89799564037025 6351103.784075271 15902.731426557144 12796.844261837718 3118.2 400000.0 0.0
-141.81903729847272 4473581.089649754 11223.760078344261 8996.180963996416 2204.2 400000.0 0.0
-141.26604368791757 6560395.18340378 16425.682828565186 13178.236622131868 3246.7 400000.0 0.0
-144.15591786442894 6518654.117181937 16310.242720156408 13144.503229067843 3176.3 400000.0 0.0
-142.80609100740082 4801772.7634784905 12023.993729423553 9658.08520747587 2350.9 400000.0 0.0
-145.17366588951623 5525812.692324095 13854.786478130998 11171.93249849776 2677.4 400000.0 0.0
-142.09576563759222 4679431.320533229 11722.799609893957 9411.348242110742 2303.0 400000.0 0.0
-144.18582139129805 6695587.302021001 16775.83093784216 13517.093069605075 3262.2 400000.0 0.0
-145.66491007101124 6404333.389131229 16038.754667964198 12942.030403966344 3095.0 400000.0 0.0
-142.93992791473633 7055664.840697596 17658.365759337354 14200.65332364597 3462.3 400000.0 0.0
-150.91765032737248 6024526.704815624 15081.602789938426 12246.172631145495 2826.2 400000.0 0.0
-146.46104584492343 7187939.538132301 17995.067390495988 14549.489658124972 3459.0 400000.0 0.0
-26.61250369841142 2113131.471673464 5214.703091559551 2280.357870354266 2945.6 400000.0 0.0
-50.689167256851356 2320586.5017733243 5758.957139093106 3433.667287727917 2344.0 400000.0 0.0
0.4 885640.4445651097 2177.4450078585533 0 2211.8 400000.0 0.0
0.4 1081602.2858562935 2647.1760470526574 0 2689.8 400000.0 0.0
0.4 719480.8917932473 1778.4281280984555 0 1804.6 400000.0 0.0
0.4 1131451.3879294093 2771.9994501885026 0 2806.7 400000.0 0.0
0.4 981949.151384529 2406.364373924922 0 2440.6 400000.0 0.0
0.4 1111587.6320675693 2707.327493881996 0 2741.4 400000.0 0.0
0.4 250695.56732547865 646.3244770623137 0 648 400000.0 0.0
0.2699367392866686 1436202.4465338846 3499.477725918631 13.187809690933136 3544.8 400000.0 0.0
0.4 716025.211862053 1768.458023467727 0 1762.3 400000.0 0.0
0.4 1041727.2859793252 2555.0947815399395 0 2589.7 400000.0 0.0
0.4 1081690.2403652126 2653.235738540096 0 2687.3 400000.0 0.0
0.4 1158531.8432145196 2836.392298900277 0 2878.6 400000.0 0.0
0.4 719466.3468209682 1777.308708254697 0 1803.7 400000.0 0.0
0.4 1397664.4959270111 3407.1118382923337 0 3457.1 400000.0 0.0
0.4 1397810.180372763 3412.4271054051046 0 3462.6 400000.0 0.0
0.4 1334683.999098335 3257.1011584854823 0 3307.7 400000.0 0.0
0.4 1112893.51747481 2709.3621093723195 0 2743.1 400000.0 0.0
0.4 1184877.2151757833 2896.5118477688925 0 2938.9 400000.0 0.0
0.4 1335251.0841052525 3257.4223408797034 0 3307.5 400000.0 0.0
0.4 798914.391719025 1966.9532941671664 0 1993.7 400000.0 0.0
0.4 1124187.2829519878 2719.2717494865765 0 2761.1 400000.0 0.0
0.4 1969793.287928962 4788.52263387802 0 4862.5 400000.0 0.0
0.4 1251456.6239414867 3060.4202795625088 0 3102.1 400000.0 0.0
0.3 66063.49876116416 197.79174628510012 0 196 300000.0 0.0
0.4 1796799.3347504158 4367.306284000002 0 4433.1 400000.0 0.0
0.4 715880.0399033562 1771.464640535632 0 1789.2 400000.0 0.0
0.4 1396927.4273572885 3402.307452139314 0 3396.9 400000.0 0.0
0.4 1231448.9789584912 3011.384206200936 0 3053.1 400000.0 0.0
0.4 1450986.7117800275 3541.303972722438 0 3591.2 400000.0 0.0
0.4 1075239.1522108314 2632.997406799178 0 2667.7 400000.0 0.0
0.4 965433.4102914098 2371.2518027226292 0 2405.9 400000.0 0.0
0.4 1111362.1820614287 2710.9335176273066 0 2753.5 400000.0 0.0
0.4 845007.0465467656 2062.243205322893 0 2096.6 400000.0 0.0
0.4 1161470.4105986736 2843.2223192363317 0 2885.5 400000.0 0.0
0.4 1400973.7047729013 3415.3524086424677 0 3465.5 400000.0 0.0
0.4 1088418.04415382 2665.173663967749 0 2707.7 400000.0 0.0
0.4 1494335.265837064 3643.6006898326414 0 3637.5 400000.0 0.0
0.3961169505872543 1114767.2963485187 2709.561297825265 0.3052257445367559 2743.3 400000.0 0.0
0.4 1385229.5823002981 3355.478867173473 0 3405.0 400000.0 0.0
0.4 865439.958052327 2130.1707763399545 0 2156.0 400000.0 0.0
0.4 1048632.6266703147 2571.2134019911473 0 2605.3 400000.0 0.0
0.4 1077190.811104353 2611.3825781682576 0 2605.8 400000.0 0.0
0.4 1073031.5963662209 2629.3975615647946 0 2663.0 400000.0 0.0
0.4 875809.7541699504 2151.1712167398973 0 2185.8 400000.0 0.0
0.4 1427633.763611646 3484.2054806493143 0 3534.2 400000.0 0.0
0.4 1257912.9206189576 3076.0272631903495 0 3118.2 400000.0 0.0
0.4 885466.8068719091 2178.403695274894 0 2204.2 400000.0 0.0
0.4 1311263.9847299936 3204.4697535488526 0 3246.7 400000.0 0.0
0.4 1281435.829983144 3126.3339540842626 0 3176.3 400000.0 0.0
0.4 945312.3416632591 2324.2376770197748 0 2350.9 400000.0 0.0
0.3858332776608885 1078756.6197318719 2644.3735530504014 1.087213574862048 2677.4 400000.0 0.0
0.4 925463.4056016724 2277.101458827359 0 2303.0 400000.0 0.0
0.4 1317808.4213971258 3220.257501302155 0 3262.2 400000.0 0.0
0.4 1248020.487930062 3053.1427448202458 0 3095.0 400000.0 0.0
0.4 1397831.959778582 3412.429775547269 0 3462.3 400000.0 0.0
0.4 1138390.3146605168 2784.5570721071404 0 2826.2 400000.0 0.0
0.4 1397562.7192362293 3409.1180834994393 0 3459.0 400000.0 0.0
0.4 1188104.3239247184 2903.1687171718177 0 2945.6 400000.0 0.0
0.4 941760.871243948 2309.4663415919135 0 2344.0 400000.0 0.0
0.4 887643.9627668969 2176.405383857992 0 2211.8 400000.0 0.0
0.4 1081241.5127842675 2646.260878782423 0 2689.8 400000.0 0.0
0.4 718836.9729118203 1777.4056158271342 0 1804.6 400000.0 0.0
0.4 1131157.2888287737 2771.290586336409 0 2806.7 400000.0 0.0
0.4 981543.1314637931 2405.3846516549306 0 2440.6 400000.0 0.0
0.4 1104617.799465874 2706.3813158920493 0 2741.4 400000.0 0.0
0.4 249883.5618412088 645.4207920679778 0 648 400000.0 0.0
0.4 1431396.3995827427 3485.4135181793526 0 3544.8 400000.0 0.0
0.4 715479.9555828696 1767.4382046911412 0 1762.3 400000.0 0.0
0.4 1041373.6925161877 2554.3471408350965 0 2589.7 400000.0 0.0
0.4 1081377.8525173452 2652.3348688449864 0 2687.3 400000.0 0.0
0.4 1158259.5586178144 2835.408281653717 0 2878.6 400000.0 0.0
0.4 718833.2867270431 1776.3785926907437 0 1803.7 400000.0 0.0
0.4 1397316.4169590906 3406.2766385170285 0 3457.1 400000.0 0.0
0.4 1397382.768358594 3411.424674663128 0 3462.6 400000.0 0.0
0.4 1334047.5382703978 3256.280771467774 0 3307.7 400000.0 0.0
0.4 1104720.4893638606 2708.3737269799694 0 2743.1 400000.0 0.0
0.4 1184439.7374876589 2895.425878230374 0 2938.9 400000.0 0.0
0.4 1334135.244961817 3256.3739596461755 0 3307.5 400000.0 0.0
0.4 798534.7150950751 1966.2422634597176 0 1993.7 400000.0 0.0
0.4 1111323.3651442844 2718.420785386776 0 2761.1 400000.0 0.0
0.4 1969406.1777747688 4787.5216065599725 0 4862.5 400000.0 0.0
0.4 1251292.0302987806 3059.421009434392 0 3102.1 400000.0 0.0
0.3 65798.93775998807 197.23670536525765 0 196 300000.0 0.0
0.4 1796413.0658882884 4366.385911995023 0 4433.1 400000.0 0.0
0.4 715458.5394373676 1770.452669559299 0 1789.2 400000.0 0.0
0.4 1393977.1658659324 3401.328115176893 0 3396.9 400000.0 0.0
0.4 1231008.8634322875 3010.4097158150817 0 3053.1 400000.0 0.0
0.4 1450597.6889889454 3540.3578872252792 0 3591.2 400000.0 0.0
0.4 1074638.2762845028 2632.265387646776 0 2667.7 400000.0 0.0
0.4 965280.5012156712 2370.417051106095 0 2405.9 400000.0 0.0
0.4 1107956.0710471491 2710.2573602724724 0 2753.5 400000.0 0.0
0.4 838647.5304178551 2061.340690460789 0 2096.6 400000.0 0.0
0.4 1161145.893423369 2842.3349120885796 0 2885.5 400000.0 0.0
0.4 1400613.6059155716 3414.4549212552374 0 3465.5 400000.0 0.0
0.4 1087966.4822385304 2664.335294297896 0 2707.7 400000.0 0.0
0.4 1493872.5572144522 3642.494861540864 0 3637.5 400000.0 0.0
0.4 1104726.9068681241 2708.3529650698633 0 2743.3 400000.0 0.0
0.4 1374244.9133079045 3354.4789266047533 0 3405.0 400000.0 0.0
0.4 865077.7563932766 2129.289149620219 0 2156.0 400000.0 0.0
0.4 1048053.407765013 2570.29925162598 0 2605.3 400000.0 0.0
0.4 1069071.8331559936 2610.352100452508 0 2605.8 400000.0 0.0
0.4 1071529.3403949996 2628.3754496865963 0 2663.0 400000.0 0.0
0.4 875281.2349270758 2150.371624169901 0 2185.8 400000.0 0.0
0.4 1427349.214177936 3483.348013141118 0 3534.2 400000.0 0.0
0.4 1257547.4826669341 3075.2825568279186 0 3118.2 400000.0 0.0
0.4 885249.320489473 2177.4137374569514 0 2204.2 400000.0 0.0
0.4 1310924.0178276713 3203.422096965215 0 3246.7 400000.0 0.0
0.4 1281027.787520822 3125.3776260589466 0 3176.3 400000.0 0.0
0.4 944926.376106299 2323.360145416164 0 2350.9 400000.0 0.0
0.4 1077963.551918048 2642.331014148422 0 2677.4 400000.0 0.0
0.4 924986.5535075375 2276.3372779428787 0 2303.0 400000.0 0.0
0.4 1318192.8060112137 3219.3627806388035 0 3262.2 400000.0 0.0
0.4 1247707.3649545645 3052.35528337711 0 3095.0 400000.0 0.0
0.4 1397373.3173971316 3411.375646469449 0 3462.3 400000.0 0.0
0.4 1138011.189563572 2783.4534686243724 0 2826.2 400000.0 0.0
0.4 1397243.8684658299 3408.3041778450556 0 3459.0 400000.0 0.0
0.4 1187741.1532876084 2902.307781047668 0 2945.6 400000.0 0.0
0.4 941547.4803477589 2309.156323342809 0 2344.0 400000.0 0.0
-139.81308607643354 4428878.208589257 11083.510627750647 8869.292886695332 2211.8 400000.0 0.0
-138.95545435336493 5352772.688434004 13398.54142392849 10727.129160689256 2689.8 400000.0 0.0
-134.8414042499726 3514397.7612137236 8795.166063671017 6982.230638021842 1804.6 400000.0 0.0
-135.66512654923102 5491141.148995531 13744.84262093976 10948.496229310218 2806.7 400000.0 0.0
-136.7579075121286 4816103.854975059 12051.803938917716 9601.053525849004 2440.6 400000.0 0.0
-138.18131876526522 5450041.593632177 13639.960041837205 10893.136219223175 2741.4 400000.0 0.0
-16.85959212739817 394754.4833265889 1007.1812327630581 325.1225493765702 648 400000.0 0.0
-150.14189897207794 7505163.705623961 18783.474004100906 15264.248360889764 3544.8 400000.0 0.0
-136.2313366430413 3529816.4252962335 8832.501073980387 7022.215208863286 1762.3 400000.0 0.0
-150.38537508881987 5498124.435483925 13773.367035950272 11186.170849612452 2589.7 400000.0 0.0
-139.24598833790114 5359196.207422092 13430.588122443505 10749.493520894252 2687.3 400000.0 0.0
-139.74731875759196 5757619.011700999 14409.199524497473 11537.709497718037 2878.6 400000.0 0.0
-135.6840239763712 3532946.516974687 8841.006355996684 7025.733330873119 1803.7 400000.0 0.0
-11.884072786146692 1906558.3555089484 4650.571604820576 1216.98023416244 3457.1 400000.0 0.0
-134.1362225446624 6708590.134889207 16781.914482043456 13328.47228000609 3462.6 400000.0 0.0
-38.04846221737901 2790136.9150756025 6926.803806832039 3639.1916563891295 3307.7 400000.0 0.0
-137.8971926506514 5441937.101848735 13619.406822850338 10870.802585097716 2743.1 400000.0 0.0
-136.05542289834239 5765028.754900233 14426.061084396806 11487.64257888371 2938.9 400000.0 0.0
-138.67109897748952 6579544.4426816935 16460.62233000427 13163.24122879959 3307.5 400000.0 0.0
-160.1804568941101 4459716.139829639 11176.181716198373 9186.695906035136 1993.7 400000.0 0.0
-139.45497421525303 5520727.715672912 13811.57503957805 11058.300286787451 2761.1 400000.0 0.0
-139.97434061445242 9733919.799653832 24357.33297718732 19521.826904056405 4862.5 400000.0 0.0
-138.8731430055151 6182419.057759743 15470.755196362981 12372.637355373667 3102.1 400000.0 0.0
-47.859636657326014 308680.51443341485 764.9457435187242 548.7958595834825 196 300000.0 0.0
-140.57002687682524 8913049.073551826 22299.478083346825 17899.91504063874 4433.1 400000.0 0.0
-137.35863567930295 3547486.3015780235 8889.669576504986 7080.153136075804 1789.2 400000.0 0.0
-139.03704171370532 6882993.036748718 17220.724840274506 13781.568076354595 3396.9 400000.0 0.0
-138.0224448271645 6047395.189953193 15150.442991560378 12103.916105817176 3053.1 400000.0 0.0
-139.3452454310114 7165749.880839773 17940.357336873236 14364.511274536522 3591.2 400000.0 0.0
-138.0349009644808 5294282.101619276 13251.616330399991 10591.879631933532 2667.7 400000.0 0.0
-135.19277910860094 4693423.776120049 11743.979232626389 9333.828515382764 2405.9 400000.0 0.0
-147.12135630087255 5737663.690529686 14362.148555882995 11630.172043254837 2753.5 400000.0 0.0
-139.55575460645687 4193073.1987967663 10490.629289890821 8397.345276387414 2096.6 400000.0 0.0
-140.96749576189288 5806718.151251032 14543.169706853774 11671.037440807437 2885.5 400000.0 0.0
-136.02065728876983 6795314.314940612 17007.244785931936 13546.888526117376 3465.5 400000.0 0.0
-140.8862232279245 5448786.511340387 13634.698260960578 10941.4679848602 2707.7 400000.0 0.0
-138.4219080636906 7346700.513439428 18380.733619796545 14689.294923018428 3637.5 400000.0 0.0
-138.8542177007375 5471636.486472667 13694.405268870374 10946.029205313787 2743.3 400000.0 0.0
-140.89700457647314 6864202.373872304 17176.667610788645 13768.243004079592 3405.0 400000.0 0.0
-139.06312045750815 4308338.444801554 10788.724576483843 8627.253498069109 2156.0 400000.0 0.0
-136.92721185974088 5133325.584643596 12851.373943831377 10251.636048134145 2605.3 400000.0 0.0
-34.6509897474877 2150110.0895912535 5309.50022624054 2657.3541064374394 2605.8 400000.0 0.0
-140.2617496614764 5352258.354597999 13396.93523888383 10729.5474160382 2663.0 400000.0 0.0
-138.6315371524426 4347956.919812701 10878.360908617931 8697.554300931875 2185.8 400000.0 0.0
-138.92166654199448 7040266.544828694 17615.89026471891 14094.16859203898 3534.2 400000.0 0.0
-137.73572028157622 6170751.4731276715 15441.690761107186 12335.841067005878 3118.2 400000.0 0.0
-137.61395080522942 4372620.800564765 10949.843735155935 8730.18479512149 2204.2 400000.0 0.0
-137.25501268710835 6415559.541536173 16057.027358754525 12805.117459265894 3246.7 400000.0 0.0
-140.1513835899949 6373337.9073301805 15943.282594268125 12780.369996206515 3176.3 400000.0 0.0
-135.40733855201574 4600354.203654233 11517.616329939332 9159.099576763854 2350.9 400000.0 0.0
-137.14619930073778 5278478.103605534 13232.080601610782 10555.871109126389 2677.4 400000.0 0.0
-137.0379521174265 4546520.148561771 11385.452958819837 9077.297302639334 2303.0 400000.0 0.0
-137.09507266915716 6436108.379265355 16109.497204286916 12854.190514651438 3262.2 400000.0 0.0
-140.43346005223353 6219000.901027696 15564.53257835279 12478.499599976973 3095.0 400000.0 0.0
-136.3645279093439 6794572.703235291 16999.042179887085 13549.229974274536 3462.3 400000.0 0.0
-141.83483529758502 5732444.387784515 14344.021181274022 11511.09829850223 2826.2 400000.0 0.0
-140.1622540299236 6938234.503430579 17366.311334442773 13925.469817848245 3459.0 400000.0 0.0
-14.551456388360025 1715161.4673924542 4193.875851945563 1262.1810858080673 2945.6 400000.0 0.0
-46.92175785222363 2210776.467827539 5499.378976551256 3180.4623300680532 2344.0 400000.0 0.0
