0.3156904382624125
0.15599480265921556
-0.5775135021398766
0.18263396577761656
-0.029226683333098497
0.07505491192009979
0.37298458523313116
0.2749921124922331
0.044684148799062746
0.37763349335883634
-0.6334520326245151
0.11070452545627638
0.00791772509256695
0.37173232915645077
0.42599527133125115
0.0825137537619369
0.06791302294615446
0.1598662498797832
0.05386072443898919
0.027443874824334597
0.37926999819152396
0.2908084939751061
0.5869840067124991
0.31192771721417856
0.046331536261597424
0.08547790828696686
-0.020627446425809166
0.1251633147073538
0.09536481774364931
-0.04358450462415373
0.22350284608077758
0.143521043202471
0.04443070212185897
0.06849752991119887
-0.022256604410733186
0.015865761243299935
0.14965213068934327
-0.5135170825335892
0.021709346342959637
0.03386218528661436
-0.6148556849445707
0.19396952457221078
0.24663804955827265
0.04091008504651652
-0.6340892758799309
-0.009648056220164448
0.13077333267612368
0.1420693985737224
-0.5749488506661438
-0.11649267403071634
0.004622459710622127
0.10009333594003199
0.22969502950840118
0.09594387262337077
-0.6148353533554972
0.12942370166623882
0.0771066906080895
-0.0036037182957661808
-0.6156825382248954
-0.6151702275014902
0.08491522390987558
-0.06760057776502465
0.08642024241370291
0.23689556500845754
0.0038070403097242933
0.3276825169008626
0.04417584323649261
0.1590079490504715
0.08270064148683874
-0.5994698313064688
0.19932256945261473
0.12300125974248838
-0.5819097798405732
0.36753688873280327
0.22111044738204746
-0.5677030728960398
0.3071852132911428
0.03336294660682529
0.05749300489644028
0.1645781365325238
-0.5322775210262678
0.07526184359248395
-0.6211886255399506
0.061802519160440605
-0.5315619977982209
-0.06607479464527109
0.19808273161489187
-0.5955383699260741
0.09603529912873354
0.12310707529551965
-0.4676526323485532
0.17859700998491576
-0.6311252129482338
-0.5863587234835881
0.010951062157920684
0.2112921454199775
-0.6258792053160384
0.13679359544192893
0.0723603119863159
0.35778206657486317
0.0812843275641922
0.112787912946155
0.2283469698607855
