1.6229295549956708
0.4018971156071516
-0.1974600854965074
0.39962583025850407
0.8521074169881889
0.25773758936739527
0.5590903715377499
1.5004793952906872
0.5197009063361867
0.8768360861565475
-0.5759557034417023
0.37716289646299594
1.1416144197116311
1.1391325532739198
1.400633402436498
0.6475873296040325
0.37978025928826753
0.32730875709976354
0.8589821728358448
0.33240761143463654
1.6070348620128574
1.120279082480755
1.903665354892588
1.1420859788057671
0.32968877344521696
0.19170063044513536
0.16920751158164468
0.32735078228923237
0.25317021428734277
0.25868110606527206
0.44999649856959784
0.22634693029894218
0.43649429426545666
0.7782281974849933
0.265643142278016
0.6498639216034974
1.3798335611965742
-0.275485177405763
0.3197823035196166
0.22528390493755632
-0.3036239629159408
0.33651632274489285
1.0607458915395465
0.27113905846890474
-0.5601463002959838
0.3919209806229963
0.5193786654817022
0.4032011159272901
-0.220602781211288
0.26945575226521185
1.6732084883594212
0.7163306732564696
0.36132463326872766
1.4426128003768501
-0.5854972500471943
0.40218742458946627
0.4556360792478669
0.9423311360925107
-0.44836718981699225
-0.5536941017602994
0.2215238056605429
0.894505906176003
0.417966621878999
0.23991102205361647
0.4620978001198985
1.324537870115428
0.45934638325937094
0.3384449057917186
0.46823287435816047
-0.5275153932716973
0.8787943064122445
0.4651551005016
-0.16546215237689588
0.7120211182854923
0.31698473339475686
0.027256692360914672
0.9406935316799437
0.5316050748465023
0.19077810192290254
0.3604618758809531
-0.256849702446412
0.4643406040597594
-0.49075030194100855
0.43524334713220325
-0.3230456249428545
0.31124915768897127
0.3805060038188219
0.08648454885644535
0.6571151839854975
1.1151745179363077
-0.27812879317690375
0.23724071314205056
-0.23258499070578637
-0.328385674107793
0.27537273850074206
0.3119379053430082
-0.5331496841937272
0.4615842473172539
0.34393048516688723
0.7591087050294836
0.38597421988321395
0.6432407511908187
0.4891876158955734
