0.6982520443819908
0.21284569761884184
-0.45400972330949424
0.32936338606745474
0.2593713228415967
0.19569528458323904
0.5779896337143446
0.5769063735599924
0.4155951289349279
0.568528295437143
-0.5851502610250827
0.19797120437377022
0.38459802658611353
0.4956588699439101
0.42797952340020284
0.3615700774966799
0.18018813226538205
0.2579079968559332
0.32382446451922864
0.257576373935089
0.47450640363115526
0.5319757972322253
0.738430669993084
0.41587709909875903
0.15119083863639993
0.1480472710406214
0.0001830270995137904
0.29738523590759625
0.15456062856425892
0.11705442672545512
0.3742903849172858
0.22455218562727888
0.15583126368269046
0.36331864381787954
0.10169862041399477
0.23821927409428048
0.6218439982828555
-0.4112431407946262
0.15808688682925107
0.1759202583399507
-0.4026048212318188
0.3084665887767533
0.3216965427699857
0.21869281915208036
-0.5723757813852822
0.23696523856493545
0.2537534704320842
0.15689653380900295
-0.3747106930909637
0.12847758050765987
0.4393275756468121
0.372667649811637
0.2559815913795121
0.46074791115312286
-0.583645229234149
0.2746062114821045
0.2735245372043324
0.3464598417877203
-0.5663426541394906
-0.5809674023828809
0.18236910966713246
0.2097494184307882
0.21825464364584005
0.22957154682160869
0.12101945986503528
0.4220274716275177
0.15105356325496658
0.2416444474851193
0.24006868803849724
-0.5664399928883894
0.3453120294370288
0.20164646924946494
-0.4135688694195859
0.4423520678810584
0.32731879323523067
-0.4868346013342195
0.38595155924236124
0.2122942261543766
0.20640452744036855
0.21828491303269687
-0.47343890536364697
0.41508735403346586
-0.5367279627058522
0.16100270277230294
-0.4843110077173822
0.1581580026311788
0.2094456650978556
-0.4255334300351019
0.2929286558622754
0.396332207478035
-0.42796612868636125
0.20848079478604994
-0.41157678717024554
-0.4668344223000925
0.15176555876897208
0.2462573080540117
-0.5668809743120302
0.21369950660591472
0.20860380105706655
0.42722943301802396
0.19522743582350893
0.20549556377867953
0.49261407107140964
