52148.997134670484	0.009708737864077669
56875.0	0.019417475728155338
56980.05698005698	0.02912621359223301
59672.13114754098	0.038834951456310676
60975.60975609756	0.04854368932038835
61971.83098591549	0.05825242718446602
63157.89473684211	0.06796116504854369
63194.444444444445	0.07766990291262135
63414.634146341465	0.08737864077669903
65671.64179104478	0.0970873786407767
66423.35766423358	0.10679611650485436
67052.02312138729	0.1262135922330097
67657.99256505576	0.13592233009708737
68035.19061583577	0.14563106796116504
68679.24528301887	0.1553398058252427
70270.27027027027	0.1650485436893204
71093.75	0.17475728155339806
72455.08982035928	0.18446601941747573
74006.11620795107	0.1941747572815534
75206.61157024793	0.20388349514563106
75324.67532467532	0.21359223300970873
75570.03257328991	0.22330097087378642
75833.33333333333	0.23300970873786409
77118.64406779662	0.24271844660194175
77591.97324414716	0.2524271844660194
78787.87878787878	0.2621359223300971
80000.0	0.27184466019417475
80473.37278106509	0.2815533980582524
80802.29226361032	0.2912621359223301
83109.91957104558	0.30097087378640774
83486.23853211009	0.3106796116504854
84244.3729903537	0.32038834951456313
84592.14501510574	0.3300970873786408
84671.53284671533	0.33980582524271846
84967.32026143791	0.34951456310679613
85294.11764705883	0.36893203883495146
85344.8275862069	0.3786407766990291
85714.28571428571	0.3883495145631068
86826.34730538922	0.39805825242718446
87323.94366197183	0.4077669902912621
87349.39759036145	0.4174757281553398
87547.16981132075	0.42718446601941745
88484.84848484848	0.4368932038834951
89080.45977011495	0.44660194174757284
89230.76923076923	0.4563106796116505
91099.47643979058	0.46601941747572817
92140.92140921409	0.47572815533980584
92651.7571884984	0.4854368932038835
94182.82548476454	0.49514563106796117
94339.62264150943	0.5048543689320388
94693.87755102041	0.5145631067961165
95108.69565217392	0.5242718446601942
95473.25102880658	0.5339805825242718
96265.5601659751	0.5436893203883495
97071.12970711297	0.5631067961165048
97315.43624161073	0.5728155339805825
97972.97297297297	0.5825242718446602
98305.08474576271	0.5922330097087378
98723.40425531915	0.6019417475728155
102339.1812865497	0.6116504854368932
104977.37556561086	0.6213592233009708
105454.54545454546	0.6310679611650486
107389.16256157635	0.6407766990291263
107906.97674418605	0.6504854368932039
108411.21495327103	0.6601941747572816
109271.52317880794	0.6699029126213593
109848.48484848485	0.6796116504854369
115384.61538461539	0.6893203883495146
115422.8855721393	0.6990291262135923
120845.92145015106	0.7087378640776699
123239.43661971831	0.7184466019417476
123505.97609561753	0.7281553398058253
124378.10945273632	0.7378640776699029
125000.0	0.7475728155339806
129577.4647887324	0.7572815533980582
131487.8892733564	0.7669902912621359
134275.6183745583	0.7766990291262136
135964.91228070174	0.7864077669902912
145833.33333333334	0.7961165048543689
151304.34782608695	0.8058252427184466
253133.51498637602	0.8155339805825242
262021.85792349727	0.8252427184466019
267127.0718232044	0.8349514563106796
268534.4827586207	0.8446601941747572
270918.36734693876	0.8543689320388349
272162.1621621622	0.8640776699029126
274242.42424242425	0.8737864077669902
274761.90476190473	0.883495145631068
276076.55502392346	0.8932038834951457
284533.3333333333	0.912621359223301
292543.8596491228	0.9223300970873787
298067.63285024156	0.9320388349514563
298122.06572769955	0.941747572815534
298156.6820276498	0.9514563106796117
298974.358974359	0.9611650485436893
300264.55026455026	0.9805825242718447
300851.06382978725	0.9902912621359223
335263.15789473685	1.0