399735.44973544974	0.009708737864077669
407485.02994011977	0.019417475728155338
422352.9411764706	0.02912621359223301
423361.82336182334	0.038834951456310676
446031.74603174604	0.04854368932038835
446760.5633802817	0.05825242718446602
466395.6639566396	0.06796116504854369
476266.6666666667	0.08737864077669903
496174.86338797817	0.0970873786407767
508959.5375722543	0.10679611650485436
509365.5589123867	0.11650485436893204
522758.6206896552	0.1262135922330097
526470.5882352941	0.13592233009708737
531641.7910447761	0.14563106796116504
540401.1461318051	0.1553398058252427
545844.5040214477	0.1650485436893204
551768.4887459807	0.17475728155339806
552134.1463414634	0.18446601941747573
563783.7837837838	0.1941747572815534
582071.7131474103	0.20388349514563106
584466.0194174757	0.21359223300970873
590055.2486187845	0.22330097087378642
593771.6262975779	0.23300970873786409
594021.7391304348	0.24271844660194175
607853.4031413613	0.2524271844660194
617428.5714285715	0.2621359223300971
620270.2702702703	0.27184466019417475
626392.9618768329	0.2815533980582524
626819.9233716475	0.2912621359223301
628313.2530120482	0.30097087378640774
629166.6666666666	0.3106796116504854
629859.1549295775	0.32038834951456313
630618.8925081433	0.3300970873786408
630882.3529411765	0.33980582524271846
634504.7923322683	0.34951456310679613
635492.9577464788	0.3592233009708738
638235.2941176471	0.36893203883495146
645565.749235474	0.3786407766990291
647426.4705882353	0.3883495145631068
653801.1695906433	0.39805825242718446
654016.620498615	0.4077669902912621
661300.3095975232	0.4174757281553398
661538.4615384615	0.42718446601941745
670779.2207792208	0.4368932038834951
682450.3311258279	0.44660194174757284
685074.6268656716	0.4563106796116505
685151.5151515151	0.46601941747572817
685632.183908046	0.47572815533980584
699401.1976047904	0.4854368932038835
700000.0	0.49514563106796117
714381.27090301	0.5048543689320388
718103.448275862	0.5145631067961165
731007.7519379845	0.5242718446601942
733242.5068119891	0.5339805825242718
737102.4734982332	0.5436893203883495
741666.6666666666	0.5533980582524272
751057.4018126888	0.5631067961165048
751202.7491408935	0.5728155339805825
765901.6393442623	0.5825242718446602
768421.052631579	0.5922330097087378
769718.309859155	0.6019417475728155
772262.7737226278	0.6116504854368932
777745.6647398844	0.6213592233009708
809025.2707581228	0.6310679611650486
816783.2167832168	0.6407766990291263
849122.8070175438	0.6504854368932039
851428.5714285715	0.6601941747572816
853140.0966183575	0.6699029126213593
869124.4239631336	0.6796116504854369
877586.2068965518	0.6893203883495146
879012.3456790124	0.6990291262135923
879230.7692307692	0.7087378640776699
887368.4210526316	0.7184466019417476
887659.5744680851	0.7281553398058253
888381.7427385892	0.7378640776699029
892244.8979591837	0.7475728155339806
900377.358490566	0.7572815533980582
900995.0248756219	0.7669902912621359
903305.785123967	0.7766990291262136
908920.1877934273	0.7864077669902912
927272.7272727273	0.7961165048543689
936792.4528301887	0.8058252427184466
936842.1052631579	0.8155339805825242
939719.6261682243	0.8252427184466019
941538.4615384615	0.8349514563106796
948181.8181818182	0.8446601941747572
996234.309623431	0.8543689320388349
1002727.2727272727	0.8640776699029126
1011764.7058823529	0.8737864077669902
1040167.3640167364	0.883495145631068
1040952.380952381	0.8932038834951457
1053000.0	0.9029126213592233
1061087.8661087865	0.912621359223301
1063255.8139534884	0.9223300970873787
1076190.4761904762	0.9320388349514563
1102608.6956521738	0.941747572815534
1105128.2051282052	0.9514563106796117
1126108.3743842365	0.9611650485436893
1132340.425531915	0.970873786407767
1137313.4328358208	0.9805825242718447
1159322.0338983051	0.9902912621359223
1166326.530612245	1.0