3.123666027415064
-0.5730615667093809
-4.4491563030542025
0.6223146715918352
0.6668776846105623
1.9084655431067294
1.300433033856775
3.0408241682003294
-8.411911516803318
0.6902193967493464
1.7782305804069538
-0.3487536389463407
-18.377868420946417
0.7919959183157578
-3.602703088009341
2.723129158898337
-1.4768695348339649
0.9314069207874288
-724.6105389601335
-1.6302073628679135
2.8418701769555965
1.370241931975248
0.7940788865609716
0.8872833268903492
1.821919583203984
2.682557471615561
-1.382048896066799
1.0630486348802035
-1.678167496624602
3.1558950582711986
0.9833141201007345
1.5888401759501622
0.5385543377843127
0.4284749342970761
-8.65936736958676
0.9040061809731905
-3.107990833621128
-5.688389824492203
-8.80914736079376
1.2265726108139383
0.941912145941912
-0.30514843371984135
-4.104746129588249
-2.871459714306739
1.464942515167969
-11.347566508979158
-2.070562456734496
0.24829659675367874
2.121857050822543
-2.5448379392056424
-0.49963033286340996
-1.3590157893530321
0.5184272898954687
1.3204872846988247
2.4379644755233763
0.19696951003982172
2.777123593500047
0.8977097308620806
-3.683558729461859
-6.392588838204782
-1.3735600434256312
1.9434537552437967
-1.4034311650757822
0.6016749882179945
3.3442766970136413
0.4939305750310608
0.7114853549521428
0.5761739709256024
-1.0038986834616992
0.5781370381159395
0.952751965637024
-1.7136108990496595
2.1553326785767744
-1.002742076437382
1.8240713549821128
-0.38610800782861615
2.499211449803895
1.6567968240336257
-1.660925920062986
1.6506078512552227
1.4061792843501664
2.8937504089682027
0.8954076063813644
0.840804385180659
-3.1781452947634783
0.9363074541392751
2.418523824866155
1.6511322482108501
1.753031143558335
0.41366036987798915
-0.8523117667956854
0.3113209611612783
-4.448810536874145
0.16575388512904463
0.9319041100473805
-1.7291569613288835
2.3917071094082583
1.0303836766986072
