5.33523914918737
-8.73191435937626
0.8501469867272877
1.1914371454301473
1.0728190718653863
4.228992272586303
1.1333739520478299
2.028631877228409
0.8815298544643878
0.7528299948745083
4.751905426879254
1.0463129557646758
0.828537255948073
0.8031293200137158
0.8692561275153562
15.61105189954632
0.8148426180989049
0.9647491960505991
0.654638550669201
0.9780776963094056
1.8134771628892714
1.4689975367036725
0.9858097833825914
1.1405024686616692
1.659799214888402
1.9058202772800072
0.9545547515696655
1.1350939986505098
0.9813385642484842
1.963948781983937
1.2421261537427015
1.5959173196720875
1.3221197864008156
1.101967224079668
0.5494957887714947
0.9104691884154829
0.89446070026306
0.9490869268476401
0.7967558624443236
1.2450346990944507
1.2235276770244208
0.8813100987712787
0.8048460331602633
0.865472132606994
1.5797885847863953
0.656530524800159
0.7996073152674456
0.335035666229882
2.413986857087572
0.8851757506336125
-0.28117774152213987
0.8578084819119467
0.7935261244142794
1.3662382405400626
5.266529807735059
0.8505481716151018
1.5146618863423729
0.9017288595502124
-4.363898626563583
0.7718139692746019
0.965227700255647
1.1248535036463554
-1.3934342814764804
1.094709779318819
5.655927096949565
1.0233340278947487
0.7161806842615317
0.615376994236852
0.9999135811773272
0.788223014075288
0.9613265998623722
0.9617300635222291
1.1577435373619462
-0.22998552937433236
1.945209338684679
1.0151882952079012
1.4055468245137248
1.5005977008202818
0.9794670268624652
1.403723635859262
1.1595277216978028
1.319764828758754
1.2476620086478136
1.1621952672723799
0.9336744056014915
760.5690863583037
2.50479526475512
1.7293994930036631
1.8542992506658609
1.1334386286387115
1.0045939683387124
1.0371595643677196
0.9245327995714506
0.1840800675402673
1.2155881293154072
0.9791334685819868
1.1455982695582065
1.16570334645976
