2.4168857202814196
-13.597758644853556
0.4432054787895105
0.448690253416988
1.1840769795901125
1.2887110585686319
0.9221817039314757
1.3400201850561715
-0.35617284369668906
0.8829478461539467
2.610002528682528
-0.3185186115875859
0.9103144426655091
0.8855607882273215
-4.2524499384080725
1.3787248379275314
0.585765307724906
0.9569851261864056
-5.074112582423079
0.9127680647452334
2.443735545099291
1.370819555572218
-1.5184896521136542
0.7090383658964086
0.7591735284070157
1.8718468032706426
0.5029673407850722
1.5826138945354535
0.6304250250375429
1.6505811233830332
0.6473300055172833
1.3053208998103796
0.2623152331900184
1.4549757480678962
0.04363312623689044
0.9054858244817307
-2.899261657378362
0.6882380011590435
-17.541923390635908
1.0077092335210514
1.0662195903607536
0.7928647428080609
-10.668283487038943
-3.461135475447966
1.189277876403081
-0.7253160210883809
0.2568778031537891
0.2619506211567086
2.3405675738719314
-2.447813436240917
-0.612076514724892
-1.296552802315819
0.890765171988115
0.752835215274482
1.315834616521582
0.7244879302813746
2.214701925323371
0.8996940671486415
-11.04641813009009
-6.930548073480639
-1.3536196218850112
2.662668328916531
-1.3026096564006473
1.359668719007868
1.5123598920314631
1.1111328474724604
0.8834409428585676
1.249905329833827
-1.001410849150728
0.8841343891211166
0.9741716995167585
-1.8923032231747567
1.0753408026285773
-0.367284287310044
1.5859486771126898
1.1265472229885207
2.051705038483834
1.1524027031298738
0.9505775861377028
1.0528850585488951
0.603597798039437
2.02189624862642
0.7928693721347345
19.50879935065603
0.5408680317486619
0.21100227740350141
2.104941292498964
1.4596160915357295
1.207517632845229
0.5596916936262452
1.0317899829282098
1.175123324179896
0.8380065933999952
0.0612588640702687
1.3307154051763022
0.8717611825347632
1.2337780874643507
1.4784933139892085
