2.8027442922344945
0.22799786746670408
0.8665000497687695
0.027022599468881282
1.2881615792110124
0.9255191413887387
1.2183021714672664
1.299287513968613
0.6296014628307155
0.7164209076879182
2.0886809317749866
1.0573980937264742
0.48878916763015356
0.787519032277852
0.7803886842093847
1.6124192024281692
-10.539065742242702
0.9409482447985672
0.2289234828567158
0.958343449296707
23.42196647160897
0.33913115493060003
0.9154429227203479
0.10893971436777083
0.9789678137506196
3.7928735529674817
-1.3027490513180784
1.270011797148549
0.9138345878269976
1.593405364402
0.5051066966865243
0.48574910446647834
0.001551469276253149
1.5850461695951872
-1.9492829447825653
0.9058254300701403
0.8299780365403154
-4.843583494204888
0.313799504483844
0.30284579661915156
1.4783054539847726
0.8077824590998575
0.7198975483196841
0.5134711799416247
8.349148729084947
-10.269567556366216
-16.016591557348995
0.2479932638596938
3.2780182307591446
-6.1613401020275065
-0.6691701840107805
-1.2615390361157737
-7.200476685457844
0.3580814791613572
0.9470433134949784
0.7576514215126307
1.7426547045926077
0.8969938893428635
0.2956654906356237
0.5339633377820452
-1.2412129384889334
1.5008253030112078
-1.245574841412275
1.2118618177443823
5.68748502579227
1.0521929424422876
0.7100822940220567
1.3889683915532307
0.9999544172720762
0.9471763723324178
0.9507432354879546
0.936382293960424
1.6527615754872924
-1.5818167550533868
1.2272910442496243
1.032504249000978
20.426121962341682
0.5614537340705499
-1.7094345999950842
0.40873281042868265
0.8341842872389509
7.473738715510702
0.541181124674448
1.3484220763189814
0.849514055483967
0.19896619038051447
1.7226984352307848
0.6435996243007329
0.7685804046073133
1.1781990850845436
-0.8391802265545873
1.0512295940992658
0.3349222085740344
-0.272872073475419
1.3461459413700667
0.9192921308387173
1.10220574799222
1.191154937165968
