788.957055
1046.352941
915.384615
1000.21978
969.724771
924.788732
1006.122449
923.055556
1026.582278
1087.323944
749.061033
722.35023
944.350282
891.764706
850.969529
1076.923077
848.0
587.5
914.181818
914.004914
932.882883
1005.947955
984.079602
988.541667
785.714286
978.091873
794.117647
951.073986
978.040541
897.988506
948.895899
614.150943
1083.333333
865.943601
904.634146
783.081571
1104.524887
962.121212
922.257053
1010.963455
607.201646
967.647059
957.954545
924.774775
1058.536585
921.064815
934.120735
1011.705686
961.521739
926.358696
786.936937
1032.926829
891.549296
971.818182
844.963145
1004.929577
1062.867647
1023.121387