587.5 0.0172413793103
607.201646 0.0344827586207
614.150943 0.051724137931
722.35023 0.0689655172414
749.061033 0.0862068965517
783.081571 0.103448275862
785.714286 0.120689655172
786.936937 0.137931034483
788.957055 0.155172413793
794.117647 0.172413793103
844.963145 0.189655172414
848.0 0.206896551724
850.969529 0.224137931034
865.943601 0.241379310345
891.549296 0.258620689655
891.764706 0.275862068966
897.988506 0.293103448276
904.634146 0.310344827586
914.004914 0.327586206897
914.181818 0.344827586207
915.384615 0.362068965517
921.064815 0.379310344828
922.257053 0.396551724138
923.055556 0.413793103448
924.774775 0.431034482759
924.788732 0.448275862069
926.358696 0.465517241379
932.882883 0.48275862069
934.120735 0.5
944.350282 0.51724137931
948.895899 0.534482758621
951.073986 0.551724137931
957.954545 0.568965517241
961.521739 0.586206896552
962.121212 0.603448275862
967.647059 0.620689655172
969.724771 0.637931034483
971.818182 0.655172413793
978.040541 0.672413793103
978.091873 0.689655172414
984.079602 0.706896551724
988.541667 0.724137931034
1000.21978 0.741379310345
1004.929577 0.758620689655
1005.947955 0.775862068966
1006.122449 0.793103448276
1010.963455 0.810344827586
1011.705686 0.827586206897
1023.121387 0.844827586207
1026.582278 0.862068965517
1032.926829 0.879310344828
1046.352941 0.896551724138
1058.536585 0.913793103448
1062.867647 0.931034482759
1076.923077 0.948275862069
1083.333333 0.965517241379
1087.323944 0.98275862069
1104.524887 1.0