78.153846
106.367925
118.181818
109.911894
131.595092
114.40678
101.115242
131.476323
118.412698
96.470588
105.882353
109.006928
119.263456
116.814159
117.777778
110.0
82.205514
52.115059
103.649635
87.931034
118.552036
120.895522
120.199501
113.58885
79.445727
114.184397
103.589744
117.703349
114.576271
132.564841
108.227848
52.551985
122.568093
108.26087
102.200489
81.212121
94.104308
140.121581
118.238994
110.0
15.670103
98.523985
101.140684
118.552036
109.51087
125.290023
95.789474
116.247906
81.917211
130.245232
68.171558
115.59633
108.0
120.364742
128.817734
125.176471
114.02214
108.695652