52.272727 0.0172413793103
58.595642 0.0344827586207
60.068259 0.051724137931
73.065015 0.0689655172414
77.333333 0.0862068965517
83.743842 0.103448275862
88.221709 0.120689655172
88.311688 0.137931034483
88.729017 0.155172413793
89.105058 0.172413793103
92.693111 0.189655172414
93.710692 0.206896551724
94.80737 0.224137931034
94.915254 0.241379310345
98.029557 0.258620689655
98.170732 0.275862068966
100.273973 0.293103448276
100.71599 0.310344827586
102.050114 0.327586206897
102.736842 0.344827586207
102.830189 0.362068965517
103.141361 0.379310344828
104.142012 0.396551724138
105.140187 0.413793103448
105.263158 0.431034482759
105.685619 0.448275862069
106.461538 0.465517241379
107.276995 0.48275862069
109.510086 0.5
110.106383 0.51724137931
110.909091 0.534482758621
111.981567 0.551724137931
112.307692 0.568965517241
112.705882 0.586206896552
113.465784 0.603448275862
113.469388 0.620689655172
114.977974 0.637931034483
115.044248 0.655172413793
115.129151 0.672413793103
115.789474 0.689655172414
116.509434 0.706896551724
117.411765 0.724137931034
117.73399 0.741379310345
117.791411 0.758620689655
119.322034 0.775862068966
119.704433 0.793103448276
122.033898 0.810344827586
122.93578 0.827586206897
123.9819 0.844827586207
124.770642 0.862068965517
127.058824 0.879310344828
128.608924 0.896551724138
130.943396 0.913793103448
131.343284 0.931034482759
132.294618 0.948275862069
133.13253 0.965517241379
134.38914 0.98275862069
146.818182 1.0