106.461538
116.509434
73.065015
114.977974
117.791411
122.033898
105.685619
107.276995
110.909091
117.411765
100.71599
102.830189
132.294618
115.044248
88.311688
146.818182
105.140187
60.068259
113.469388
117.73399
134.38914
131.343284
102.050114
83.743842
98.170732
100.273973
112.307692
115.789474
119.322034
109.510086
93.710692
52.272727
89.105058
113.465784
98.029557
88.221709
122.93578
133.13253
104.142012
88.729017
94.915254
77.333333
130.943396
123.9819
92.693111
111.981567
105.263158
94.80737
102.736842
128.608924
58.595642
124.770642
127.058824
110.106383
119.704433
112.705882
115.129151
103.141361