952.147239
847.529412
723.148148
843.516484
911.926606
866.478873
793.656093
859.250585
919.033233
857.511737
757.619048
679.764706
847.175141
816.764706
706.047516
797.285068
776.223776
727.25724
860.97561
811.547912
800.0
901.115242
824.090909
682.800983
881.458967
755.191257
897.69821
826.73031
960.135135
900.0
874.92163
655.954631
949.224806
786.563877
991.646192
765.898618
877.803204
811.711712
894.690265
660.287081
701.449275
733.510638
845.112782
815.315315
795.0
902.988506
928.608924
858.862876
710.92437
870.942408
753.864734
809.756098
800.704225
764.721485
881.326781
871.361502
843.014706
766.579634