-204.3208
-406.956
-59.2282
-162.6162
-104.0445
-87.2927
-73.0335
-510.205
-88.8571
-82.4661
-17.2944
-97.1692
-406.1147
-433.3083
7.8642
-100.6797
-31.7523
368.2994
-326.5089
-108.7355
-106.9997
-35.3974
-232.1141
32.9076
-277.077
-122.0407
6.4494
-153.3925
14.1856
-177.4782
-567.0679
319.4
-257.1834
-174.6014
-1894.4869
19.5074
-162.1694
-181.4583
-312.5333
26.9326
-133.4565
-20.3418
-175.314
-135.8115
71.8642
58.6929
-155.0634
-532.0903
-32.7581
-40.9758
93.9829
-444.8605
-428.2738
-268.5711
-201.385
-119.6688
-34.3666
-306.8425