-842.125761 0.0172413793103
-117.081751 0.0344827586207
-80.029836 0.051724137931
-49.824622 0.0689655172414
-39.621913 0.0862068965517
-36.09942 0.103448275862
-21.183186 0.120689655172
-15.789129 0.137931034483
9.135467 0.155172413793
23.471582 0.172413793103
24.994854 0.189655172414
47.547323 0.206896551724
51.409033 0.224137931034
51.882764 0.241379310345
54.601523 0.258620689655
55.624381 0.275862068966
57.788058 0.293103448276
62.646652 0.310344827586
84.786957 0.327586206897
108.583265 0.344827586207
113.017089 0.362068965517
122.784131 0.379310344828
128.876771 0.396551724138
130.83583 0.413793103448
131.784821 0.431034482759
139.722126 0.448275862069
141.634304 0.465517241379
143.358309 0.48275862069
144.373325 0.5
149.900892 0.51724137931
155.380503 0.534482758621
159.532434 0.551724137931
171.394515 0.568965517241
173.710462 0.586206896552
183.445238 0.603448275862
188.936908 0.620689655172
191.835723 0.637931034483
194.16332 0.655172413793
197.126276 0.672413793103
197.519256 0.689655172414
199.272717 0.706896551724
206.447284 0.724137931034
207.930533 0.741379310345
209.67161 0.758620689655
213.050845 0.775862068966
213.908931 0.793103448276
215.773013 0.810344827586
232.366543 0.827586206897
236.748337 0.844827586207
239.793753 0.862068965517
249.612078 0.879310344828
258.954505 0.896551724138
304.59198 0.913793103448
306.500684 0.931034482759
316.450763 0.948275862069
359.693925 0.965517241379
477.887746 0.98275862069
563.581351 1.0