1 0 212 0.219917012448 0.219917012448
2 117 1 0.00103734439834 0.220954356846
3 199 1 0.00103734439834 0.221991701245
4 226 1 0.00103734439834 0.223029045643
5 261 1 0.00103734439834 0.224066390041
6 329 1 0.00103734439834 0.22510373444
7 394 1 0.00103734439834 0.226141078838
8 442 1 0.00103734439834 0.227178423237
9 448 1 0.00103734439834 0.228215767635
10 650 1 0.00103734439834 0.229253112033
11 658 1 0.00103734439834 0.230290456432
12 955 1 0.00103734439834 0.23132780083
13 1024 1 0.00103734439834 0.232365145228
14 1040 1 0.00103734439834 0.233402489627
15 1300 1 0.00103734439834 0.234439834025
16 1375 1 0.00103734439834 0.235477178423
17 1377 1 0.00103734439834 0.236514522822
18 1391 1 0.00103734439834 0.23755186722
19 1512 1 0.00103734439834 0.238589211618
20 1582 1 0.00103734439834 0.239626556017
21 1655 1 0.00103734439834 0.240663900415
22 1771 1 0.00103734439834 0.241701244813
23 1787 1 0.00103734439834 0.242738589212
24 1963 1 0.00103734439834 0.24377593361
25 1987 1 0.00103734439834 0.244813278008
26 1995 1 0.00103734439834 0.245850622407
27 2011 1 0.00103734439834 0.246887966805
28 2046 1 0.00103734439834 0.247925311203
29 2051 1 0.00103734439834 0.248962655602
30 2058 1 0.00103734439834 0.25
31 2082 1 0.00103734439834 0.251037344398
32 2084 1 0.00103734439834 0.252074688797
33 2120 1 0.00103734439834 0.253112033195
34 2122 1 0.00103734439834 0.254149377593
35 2124 1 0.00103734439834 0.255186721992
36 2131 1 0.00103734439834 0.25622406639
37 2133 1 0.00103734439834 0.257261410788
38 2134 1 0.00103734439834 0.258298755187
39 2176 1 0.00103734439834 0.259336099585
40 2209 1 0.00103734439834 0.260373443983
41 2210 1 0.00103734439834 0.261410788382
42 2219 1 0.00103734439834 0.26244813278
43 2232 1 0.00103734439834 0.263485477178
44 2333 1 0.00103734439834 0.264522821577
45 2345 1 0.00103734439834 0.265560165975
46 2348 1 0.00103734439834 0.266597510373
47 2369 1 0.00103734439834 0.267634854772
48 2373 1 0.00103734439834 0.26867219917
49 2462 1 0.00103734439834 0.269709543568
50 2467 1 0.00103734439834 0.270746887967
51 2589 1 0.00103734439834 0.271784232365
52 2626 1 0.00103734439834 0.272821576763
53 2650 1 0.00103734439834 0.273858921162
54 2717 1 0.00103734439834 0.27489626556
55 2731 1 0.00103734439834 0.275933609959
56 2804 1 0.00103734439834 0.276970954357
57 2893 1 0.00103734439834 0.278008298755
58 2901 1 0.00103734439834 0.279045643154
59 2911 1 0.00103734439834 0.280082987552
60 3002 1 0.00103734439834 0.28112033195
61 3025 1 0.00103734439834 0.282157676349
62 3202 1 0.00103734439834 0.283195020747
63 3229 1 0.00103734439834 0.284232365145
64 3289 1 0.00103734439834 0.285269709544
65 3308 1 0.00103734439834 0.286307053942
66 3373 1 0.00103734439834 0.28734439834
67 3431 1 0.00103734439834 0.288381742739
68 3462 1 0.00103734439834 0.289419087137
69 3468 1 0.00103734439834 0.290456431535
70 3476 1 0.00103734439834 0.291493775934
71 3511 1 0.00103734439834 0.292531120332
72 3591 1 0.00103734439834 0.29356846473
73 3617 1 0.00103734439834 0.294605809129
74 3627 1 0.00103734439834 0.295643153527
75 3680 1 0.00103734439834 0.296680497925
76 3693 1 0.00103734439834 0.297717842324
77 3768 1 0.00103734439834 0.298755186722
78 3774 1 0.00103734439834 0.29979253112
79 3777 1 0.00103734439834 0.300829875519
80 3832 1 0.00103734439834 0.301867219917
81 3845 1 0.00103734439834 0.302904564315
82 3856 1 0.00103734439834 0.303941908714
83 3924 1 0.00103734439834 0.304979253112
84 4044 1 0.00103734439834 0.30601659751
85 4170 1 0.00103734439834 0.307053941909
86 4285 1 0.00103734439834 0.308091286307
87 4462 1 0.00103734439834 0.309128630705
88 4484 1 0.00103734439834 0.310165975104
89 4567 1 0.00103734439834 0.311203319502
90 4633 1 0.00103734439834 0.3122406639
91 4655 1 0.00103734439834 0.313278008299
92 4660 1 0.00103734439834 0.314315352697
93 4675 1 0.00103734439834 0.315352697095
94 4803 1 0.00103734439834 0.316390041494
95 4812 1 0.00103734439834 0.317427385892
96 4815 1 0.00103734439834 0.31846473029
97 4907 1 0.00103734439834 0.319502074689
98 5012 1 0.00103734439834 0.320539419087
99 5060 1 0.00103734439834 0.321576763485
100 5151 1 0.00103734439834 0.322614107884
101 5207 1 0.00103734439834 0.323651452282
102 5234 1 0.00103734439834 0.32468879668
103 5278 1 0.00103734439834 0.325726141079
104 5328 1 0.00103734439834 0.326763485477
105 5332 1 0.00103734439834 0.327800829876
106 5397 1 0.00103734439834 0.328838174274
107 5417 1 0.00103734439834 0.329875518672
108 5429 1 0.00103734439834 0.330912863071
109 5565 1 0.00103734439834 0.331950207469
110 5614 1 0.00103734439834 0.332987551867
111 5748 1 0.00103734439834 0.334024896266
112 5778 1 0.00103734439834 0.335062240664
113 5819 1 0.00103734439834 0.336099585062
114 5829 1 0.00103734439834 0.337136929461
115 6035 1 0.00103734439834 0.338174273859
116 6055 1 0.00103734439834 0.339211618257
117 6137 1 0.00103734439834 0.340248962656
118 6322 1 0.00103734439834 0.341286307054
119 6392 1 0.00103734439834 0.342323651452
120 6405 1 0.00103734439834 0.343360995851
121 6444 1 0.00103734439834 0.344398340249
122 6458 1 0.00103734439834 0.345435684647
123 6623 1 0.00103734439834 0.346473029046
124 6821 1 0.00103734439834 0.347510373444
125 6853 1 0.00103734439834 0.348547717842
126 6867 2 0.00207468879668 0.350622406639
127 6975 1 0.00103734439834 0.351659751037
128 7007 1 0.00103734439834 0.352697095436
129 7016 1 0.00103734439834 0.353734439834
130 7040 1 0.00103734439834 0.354771784232
131 7051 1 0.00103734439834 0.355809128631
132 7149 1 0.00103734439834 0.356846473029
133 7219 1 0.00103734439834 0.357883817427
134 7237 1 0.00103734439834 0.358921161826
135 7251 1 0.00103734439834 0.359958506224
136 7252 1 0.00103734439834 0.360995850622
137 7257 1 0.00103734439834 0.362033195021
138 7273 1 0.00103734439834 0.363070539419
139 7285 1 0.00103734439834 0.364107883817
140 7351 1 0.00103734439834 0.365145228216
141 7526 1 0.00103734439834 0.366182572614
142 7581 1 0.00103734439834 0.367219917012
143 7594 1 0.00103734439834 0.368257261411
144 7718 1 0.00103734439834 0.369294605809
145 7770 1 0.00103734439834 0.370331950207
146 7811 1 0.00103734439834 0.371369294606
147 7896 1 0.00103734439834 0.372406639004
148 7956 1 0.00103734439834 0.373443983402
149 8073 1 0.00103734439834 0.374481327801
150 8076 1 0.00103734439834 0.375518672199
151 8079 1 0.00103734439834 0.376556016598
152 8119 1 0.00103734439834 0.377593360996
153 8176 1 0.00103734439834 0.378630705394
154 8184 1 0.00103734439834 0.379668049793
155 8222 1 0.00103734439834 0.380705394191
156 8255 1 0.00103734439834 0.381742738589
157 8663 1 0.00103734439834 0.382780082988
158 8737 1 0.00103734439834 0.383817427386
159 8747 1 0.00103734439834 0.384854771784
160 9047 1 0.00103734439834 0.385892116183
161 9687 1 0.00103734439834 0.386929460581
162 9708 1 0.00103734439834 0.387966804979
163 9844 1 0.00103734439834 0.389004149378
164 9915 1 0.00103734439834 0.390041493776
165 10240 1 0.00103734439834 0.391078838174
166 10397 1 0.00103734439834 0.392116182573
167 10491 1 0.00103734439834 0.393153526971
168 10799 1 0.00103734439834 0.394190871369
169 10824 1 0.00103734439834 0.395228215768
170 10969 1 0.00103734439834 0.396265560166
171 11409 1 0.00103734439834 0.397302904564
172 12103 1 0.00103734439834 0.398340248963
173 12493 1 0.00103734439834 0.399377593361
174 12758 1 0.00103734439834 0.400414937759
175 13105 1 0.00103734439834 0.401452282158
176 13843 1 0.00103734439834 0.402489626556
177 13928 1 0.00103734439834 0.403526970954
178 14266 1 0.00103734439834 0.404564315353
179 14944 1 0.00103734439834 0.405601659751
180 15087 1 0.00103734439834 0.406639004149
181 15396 1 0.00103734439834 0.407676348548
182 15425 1 0.00103734439834 0.408713692946
183 15574 1 0.00103734439834 0.409751037344
184 16426 1 0.00103734439834 0.410788381743
185 16659 1 0.00103734439834 0.411825726141
186 17208 1 0.00103734439834 0.412863070539
187 17326 1 0.00103734439834 0.413900414938
188 18566 1 0.00103734439834 0.414937759336
189 18956 1 0.00103734439834 0.415975103734
190 19205 1 0.00103734439834 0.417012448133
191 19446 1 0.00103734439834 0.418049792531
192 19498 1 0.00103734439834 0.419087136929
193 19580 1 0.00103734439834 0.420124481328
194 19814 1 0.00103734439834 0.421161825726
195 20025 1 0.00103734439834 0.422199170124
196 20938 1 0.00103734439834 0.423236514523
197 21036 1 0.00103734439834 0.424273858921
198 21084 1 0.00103734439834 0.42531120332
199 21458 1 0.00103734439834 0.426348547718
200 21759 1 0.00103734439834 0.427385892116
201 22111 1 0.00103734439834 0.428423236515
202 22778 1 0.00103734439834 0.429460580913
203 22820 1 0.00103734439834 0.430497925311
204 23754 1 0.00103734439834 0.43153526971
205 25431 1 0.00103734439834 0.432572614108
206 25767 1 0.00103734439834 0.433609958506
207 26135 1 0.00103734439834 0.434647302905
208 26222 1 0.00103734439834 0.435684647303
209 26419 1 0.00103734439834 0.436721991701
210 27194 1 0.00103734439834 0.4377593361
211 27277 1 0.00103734439834 0.438796680498
212 27362 1 0.00103734439834 0.439834024896
213 27423 1 0.00103734439834 0.440871369295
214 28082 1 0.00103734439834 0.441908713693
215 29338 1 0.00103734439834 0.442946058091
216 29530 1 0.00103734439834 0.44398340249
217 29910 1 0.00103734439834 0.445020746888
218 30175 1 0.00103734439834 0.446058091286
219 30413 1 0.00103734439834 0.447095435685
220 30715 1 0.00103734439834 0.448132780083
221 30740 1 0.00103734439834 0.449170124481
222 30796 1 0.00103734439834 0.45020746888
223 30932 1 0.00103734439834 0.451244813278
224 31206 1 0.00103734439834 0.452282157676
225 31627 1 0.00103734439834 0.453319502075
226 31675 1 0.00103734439834 0.454356846473
227 31694 1 0.00103734439834 0.455394190871
228 32399 1 0.00103734439834 0.45643153527
229 32714 1 0.00103734439834 0.457468879668
230 32833 1 0.00103734439834 0.458506224066
231 32998 1 0.00103734439834 0.459543568465
232 34139 1 0.00103734439834 0.460580912863
233 34523 1 0.00103734439834 0.461618257261
234 35239 1 0.00103734439834 0.46265560166
235 35371 1 0.00103734439834 0.463692946058
236 35785 1 0.00103734439834 0.464730290456
237 36487 1 0.00103734439834 0.465767634855
238 36829 1 0.00103734439834 0.466804979253
239 36877 1 0.00103734439834 0.467842323651
240 37543 1 0.00103734439834 0.46887966805
241 38772 1 0.00103734439834 0.469917012448
242 38875 1 0.00103734439834 0.470954356846
243 39040 1 0.00103734439834 0.471991701245
244 39199 1 0.00103734439834 0.473029045643
245 40693 1 0.00103734439834 0.474066390041
246 40889 1 0.00103734439834 0.47510373444
247 41298 1 0.00103734439834 0.476141078838
248 41946 1 0.00103734439834 0.477178423237
249 42468 1 0.00103734439834 0.478215767635
250 42660 1 0.00103734439834 0.479253112033
251 43174 1 0.00103734439834 0.480290456432
252 43562 1 0.00103734439834 0.48132780083
253 44053 1 0.00103734439834 0.482365145228
254 44753 1 0.00103734439834 0.483402489627
255 44964 1 0.00103734439834 0.484439834025
256 45042 1 0.00103734439834 0.485477178423
257 45596 1 0.00103734439834 0.486514522822
258 45799 1 0.00103734439834 0.48755186722
259 46564 1 0.00103734439834 0.488589211618
260 46651 1 0.00103734439834 0.489626556017
261 46719 1 0.00103734439834 0.490663900415
262 47446 1 0.00103734439834 0.491701244813
263 47632 1 0.00103734439834 0.492738589212
264 48158 1 0.00103734439834 0.49377593361
265 48248 1 0.00103734439834 0.494813278008
266 48355 1 0.00103734439834 0.495850622407
267 48410 1 0.00103734439834 0.496887966805
268 48526 1 0.00103734439834 0.497925311203
269 48538 1 0.00103734439834 0.498962655602
270 48654 1 0.00103734439834 0.5
271 50603 1 0.00103734439834 0.501037344398
272 50767 1 0.00103734439834 0.502074688797
273 51131 1 0.00103734439834 0.503112033195
274 51322 1 0.00103734439834 0.504149377593
275 51342 1 0.00103734439834 0.505186721992
276 51372 1 0.00103734439834 0.50622406639
277 52400 1 0.00103734439834 0.507261410788
278 52841 1 0.00103734439834 0.508298755187
279 53124 1 0.00103734439834 0.509336099585
280 53488 1 0.00103734439834 0.510373443983
281 53808 1 0.00103734439834 0.511410788382
282 54030 1 0.00103734439834 0.51244813278
283 54043 1 0.00103734439834 0.513485477178
284 54619 1 0.00103734439834 0.514522821577
285 54697 1 0.00103734439834 0.515560165975
286 54859 1 0.00103734439834 0.516597510373
287 55217 1 0.00103734439834 0.517634854772
288 55228 1 0.00103734439834 0.51867219917
289 55515 1 0.00103734439834 0.519709543568
290 55537 1 0.00103734439834 0.520746887967
291 55663 1 0.00103734439834 0.521784232365
292 56642 1 0.00103734439834 0.522821576763
293 56662 1 0.00103734439834 0.523858921162
294 57255 1 0.00103734439834 0.52489626556
295 57264 1 0.00103734439834 0.525933609959
296 59122 1 0.00103734439834 0.526970954357
297 59171 1 0.00103734439834 0.528008298755
298 59255 1 0.00103734439834 0.529045643154
299 59901 1 0.00103734439834 0.530082987552
300 60031 1 0.00103734439834 0.53112033195
301 60235 1 0.00103734439834 0.532157676349
302 60262 1 0.00103734439834 0.533195020747
303 60286 1 0.00103734439834 0.534232365145
304 60855 1 0.00103734439834 0.535269709544
305 61364 1 0.00103734439834 0.536307053942
306 61985 1 0.00103734439834 0.53734439834
307 62294 1 0.00103734439834 0.538381742739
308 62478 1 0.00103734439834 0.539419087137
309 62734 1 0.00103734439834 0.540456431535
310 62743 1 0.00103734439834 0.541493775934
311 62789 1 0.00103734439834 0.542531120332
312 63127 1 0.00103734439834 0.54356846473
313 63179 1 0.00103734439834 0.544605809129
314 63498 1 0.00103734439834 0.545643153527
315 63778 1 0.00103734439834 0.546680497925
316 63974 1 0.00103734439834 0.547717842324
317 65194 1 0.00103734439834 0.548755186722
318 65222 1 0.00103734439834 0.54979253112
319 65350 1 0.00103734439834 0.550829875519
320 65939 1 0.00103734439834 0.551867219917
321 66040 1 0.00103734439834 0.552904564315
322 66186 1 0.00103734439834 0.553941908714
323 66812 1 0.00103734439834 0.554979253112
324 67055 1 0.00103734439834 0.55601659751
325 67179 1 0.00103734439834 0.557053941909
326 68281 1 0.00103734439834 0.558091286307
327 68566 1 0.00103734439834 0.559128630705
328 68624 1 0.00103734439834 0.560165975104
329 69434 1 0.00103734439834 0.561203319502
330 69461 1 0.00103734439834 0.5622406639
331 69824 1 0.00103734439834 0.563278008299
332 69952 1 0.00103734439834 0.564315352697
333 70336 1 0.00103734439834 0.565352697095
334 70722 1 0.00103734439834 0.566390041494
335 70809 1 0.00103734439834 0.567427385892
336 70879 1 0.00103734439834 0.56846473029
337 71056 1 0.00103734439834 0.569502074689
338 71663 1 0.00103734439834 0.570539419087
339 71798 1 0.00103734439834 0.571576763485
340 71813 1 0.00103734439834 0.572614107884
341 71859 1 0.00103734439834 0.573651452282
342 72031 1 0.00103734439834 0.57468879668
343 72129 1 0.00103734439834 0.575726141079
344 72408 1 0.00103734439834 0.576763485477
345 72575 1 0.00103734439834 0.577800829876
346 72718 1 0.00103734439834 0.578838174274
347 73139 1 0.00103734439834 0.579875518672
348 73244 1 0.00103734439834 0.580912863071
349 73814 1 0.00103734439834 0.581950207469
350 74099 1 0.00103734439834 0.582987551867
351 74128 1 0.00103734439834 0.584024896266
352 74356 1 0.00103734439834 0.585062240664
353 74613 1 0.00103734439834 0.586099585062
354 75291 1 0.00103734439834 0.587136929461
355 75419 1 0.00103734439834 0.588174273859
356 76609 1 0.00103734439834 0.589211618257
357 76750 1 0.00103734439834 0.590248962656
358 76924 1 0.00103734439834 0.591286307054
359 77046 1 0.00103734439834 0.592323651452
360 77334 1 0.00103734439834 0.593360995851
361 77504 1 0.00103734439834 0.594398340249
362 77523 1 0.00103734439834 0.595435684647
363 77609 1 0.00103734439834 0.596473029046
364 78411 1 0.00103734439834 0.597510373444
365 80202 1 0.00103734439834 0.598547717842
366 80345 1 0.00103734439834 0.599585062241
367 82200 1 0.00103734439834 0.600622406639
368 82483 1 0.00103734439834 0.601659751037
369 83087 1 0.00103734439834 0.602697095436
370 83523 1 0.00103734439834 0.603734439834
371 85222 1 0.00103734439834 0.604771784232
372 86238 1 0.00103734439834 0.605809128631
373 86730 1 0.00103734439834 0.606846473029
374 87121 1 0.00103734439834 0.607883817427
375 88229 1 0.00103734439834 0.608921161826
376 88412 1 0.00103734439834 0.609958506224
377 89117 1 0.00103734439834 0.610995850622
378 89302 1 0.00103734439834 0.612033195021
379 90014 1 0.00103734439834 0.613070539419
380 90251 1 0.00103734439834 0.614107883817
381 90343 1 0.00103734439834 0.615145228216
382 91087 1 0.00103734439834 0.616182572614
383 92238 1 0.00103734439834 0.617219917012
384 92288 1 0.00103734439834 0.618257261411
385 92849 1 0.00103734439834 0.619294605809
386 93613 1 0.00103734439834 0.620331950207
387 93645 1 0.00103734439834 0.621369294606
388 93806 1 0.00103734439834 0.622406639004
389 94416 1 0.00103734439834 0.623443983402
390 94562 1 0.00103734439834 0.624481327801
391 95393 1 0.00103734439834 0.625518672199
392 95763 1 0.00103734439834 0.626556016598
393 96420 1 0.00103734439834 0.627593360996
394 96677 1 0.00103734439834 0.628630705394
395 97054 1 0.00103734439834 0.629668049793
396 97568 1 0.00103734439834 0.630705394191
397 98305 1 0.00103734439834 0.631742738589
398 98617 1 0.00103734439834 0.632780082988
399 98627 1 0.00103734439834 0.633817427386
400 98881 1 0.00103734439834 0.634854771784
401 99938 1 0.00103734439834 0.635892116183
402 100774 1 0.00103734439834 0.636929460581
403 100952 1 0.00103734439834 0.637966804979
404 101075 1 0.00103734439834 0.639004149378
405 101078 1 0.00103734439834 0.640041493776
406 101177 1 0.00103734439834 0.641078838174
407 101226 1 0.00103734439834 0.642116182573
408 101325 1 0.00103734439834 0.643153526971
409 101951 1 0.00103734439834 0.644190871369
410 102036 1 0.00103734439834 0.645228215768
411 102341 1 0.00103734439834 0.646265560166
412 102410 1 0.00103734439834 0.647302904564
413 102430 1 0.00103734439834 0.648340248963
414 102484 1 0.00103734439834 0.649377593361
415 102780 1 0.00103734439834 0.650414937759
416 103289 1 0.00103734439834 0.651452282158
417 103825 1 0.00103734439834 0.652489626556
418 103854 1 0.00103734439834 0.653526970954
419 104387 1 0.00103734439834 0.654564315353
420 105030 1 0.00103734439834 0.655601659751
421 105211 1 0.00103734439834 0.656639004149
422 106018 1 0.00103734439834 0.657676348548
423 106864 1 0.00103734439834 0.658713692946
424 107051 1 0.00103734439834 0.659751037344
425 107840 1 0.00103734439834 0.660788381743
426 108613 1 0.00103734439834 0.661825726141
427 108767 1 0.00103734439834 0.662863070539
428 109514 1 0.00103734439834 0.663900414938
429 110210 1 0.00103734439834 0.664937759336
430 110214 1 0.00103734439834 0.665975103734
431 110580 1 0.00103734439834 0.667012448133
432 111793 1 0.00103734439834 0.668049792531
433 112484 1 0.00103734439834 0.669087136929
434 112739 1 0.00103734439834 0.670124481328
435 113200 1 0.00103734439834 0.671161825726
436 114263 1 0.00103734439834 0.672199170124
437 115654 1 0.00103734439834 0.673236514523
438 116051 1 0.00103734439834 0.674273858921
439 116095 1 0.00103734439834 0.67531120332
440 116777 1 0.00103734439834 0.676348547718
441 116898 1 0.00103734439834 0.677385892116
442 117544 1 0.00103734439834 0.678423236515
443 117629 1 0.00103734439834 0.679460580913
444 117983 1 0.00103734439834 0.680497925311
445 118099 1 0.00103734439834 0.68153526971
446 118386 1 0.00103734439834 0.682572614108
447 118604 1 0.00103734439834 0.683609958506
448 118687 1 0.00103734439834 0.684647302905
449 119357 1 0.00103734439834 0.685684647303
450 119602 1 0.00103734439834 0.686721991701
451 120071 1 0.00103734439834 0.6877593361
452 120418 1 0.00103734439834 0.688796680498
453 121213 1 0.00103734439834 0.689834024896
454 121267 1 0.00103734439834 0.690871369295
455 121875 1 0.00103734439834 0.691908713693
456 123059 1 0.00103734439834 0.692946058091
457 123469 1 0.00103734439834 0.69398340249
458 125195 1 0.00103734439834 0.695020746888
459 125866 1 0.00103734439834 0.696058091286
460 126032 1 0.00103734439834 0.697095435685
461 126218 1 0.00103734439834 0.698132780083
462 126687 1 0.00103734439834 0.699170124481
463 126938 1 0.00103734439834 0.70020746888
464 127852 1 0.00103734439834 0.701244813278
465 127955 1 0.00103734439834 0.702282157676
466 128270 1 0.00103734439834 0.703319502075
467 128812 1 0.00103734439834 0.704356846473
468 128953 1 0.00103734439834 0.705394190871
469 129166 1 0.00103734439834 0.70643153527
470 130002 1 0.00103734439834 0.707468879668
471 130721 1 0.00103734439834 0.708506224066
472 131054 1 0.00103734439834 0.709543568465
473 131172 1 0.00103734439834 0.710580912863
474 131519 1 0.00103734439834 0.711618257261
475 131855 1 0.00103734439834 0.71265560166
476 132009 1 0.00103734439834 0.713692946058
477 132117 1 0.00103734439834 0.714730290456
478 132329 1 0.00103734439834 0.715767634855
479 133522 1 0.00103734439834 0.716804979253
480 134169 1 0.00103734439834 0.717842323651
481 134320 1 0.00103734439834 0.71887966805
482 134967 1 0.00103734439834 0.719917012448
483 135480 1 0.00103734439834 0.720954356846
484 135922 1 0.00103734439834 0.721991701245
485 136426 1 0.00103734439834 0.723029045643
486 137300 1 0.00103734439834 0.724066390041
487 137429 1 0.00103734439834 0.72510373444
488 137566 1 0.00103734439834 0.726141078838
489 137825 1 0.00103734439834 0.727178423237
490 138042 1 0.00103734439834 0.728215767635
491 138175 1 0.00103734439834 0.729253112033
492 138542 1 0.00103734439834 0.730290456432
493 139076 1 0.00103734439834 0.73132780083
494 139645 1 0.00103734439834 0.732365145228
495 140018 1 0.00103734439834 0.733402489627
496 140301 1 0.00103734439834 0.734439834025
497 140936 1 0.00103734439834 0.735477178423
498 140975 1 0.00103734439834 0.736514522822
499 141805 1 0.00103734439834 0.73755186722
500 141832 1 0.00103734439834 0.738589211618
501 142325 1 0.00103734439834 0.739626556017
502 143582 1 0.00103734439834 0.740663900415
503 144073 1 0.00103734439834 0.741701244813
504 144370 1 0.00103734439834 0.742738589212
505 144435 1 0.00103734439834 0.74377593361
506 144468 1 0.00103734439834 0.744813278008
507 144590 1 0.00103734439834 0.745850622407
508 145615 1 0.00103734439834 0.746887966805
509 146081 1 0.00103734439834 0.747925311203
510 146947 1 0.00103734439834 0.748962655602
511 147148 1 0.00103734439834 0.75
512 147495 1 0.00103734439834 0.751037344398
513 147943 1 0.00103734439834 0.752074688797
514 148232 1 0.00103734439834 0.753112033195
515 149759 1 0.00103734439834 0.754149377593
516 150404 1 0.00103734439834 0.755186721992
517 150732 1 0.00103734439834 0.75622406639
518 150809 1 0.00103734439834 0.757261410788
519 151471 1 0.00103734439834 0.758298755187
520 151648 1 0.00103734439834 0.759336099585
521 152103 1 0.00103734439834 0.760373443983
522 152256 1 0.00103734439834 0.761410788382
523 152429 1 0.00103734439834 0.76244813278
524 152541 1 0.00103734439834 0.763485477178
525 152549 1 0.00103734439834 0.764522821577
526 152806 1 0.00103734439834 0.765560165975
527 153073 1 0.00103734439834 0.766597510373
528 153343 1 0.00103734439834 0.767634854772
529 153666 1 0.00103734439834 0.76867219917
530 154116 1 0.00103734439834 0.769709543568
531 154188 1 0.00103734439834 0.770746887967
532 154327 1 0.00103734439834 0.771784232365
533 154479 1 0.00103734439834 0.772821576763
534 155020 1 0.00103734439834 0.773858921162
535 155168 1 0.00103734439834 0.77489626556
536 155175 1 0.00103734439834 0.775933609959
537 155943 1 0.00103734439834 0.776970954357
538 156048 1 0.00103734439834 0.778008298755
539 156212 1 0.00103734439834 0.779045643154
540 156269 1 0.00103734439834 0.780082987552
541 156271 1 0.00103734439834 0.78112033195
542 156313 1 0.00103734439834 0.782157676349
543 156423 1 0.00103734439834 0.783195020747
544 157208 1 0.00103734439834 0.784232365145
545 158585 1 0.00103734439834 0.785269709544
546 159906 1 0.00103734439834 0.786307053942
547 160885 1 0.00103734439834 0.78734439834
548 160937 1 0.00103734439834 0.788381742739
549 161616 1 0.00103734439834 0.789419087137
550 161863 1 0.00103734439834 0.790456431535
551 162173 1 0.00103734439834 0.791493775934
552 162205 1 0.00103734439834 0.792531120332
553 162297 1 0.00103734439834 0.79356846473
554 162408 1 0.00103734439834 0.794605809129
555 163477 1 0.00103734439834 0.795643153527
556 163904 1 0.00103734439834 0.796680497925
557 164204 1 0.00103734439834 0.797717842324
558 164393 1 0.00103734439834 0.798755186722
559 164545 1 0.00103734439834 0.79979253112
560 164746 1 0.00103734439834 0.800829875519
561 164817 1 0.00103734439834 0.801867219917
562 164963 1 0.00103734439834 0.802904564315
563 165351 1 0.00103734439834 0.803941908714
564 165714 1 0.00103734439834 0.804979253112
565 165964 1 0.00103734439834 0.80601659751
566 166032 1 0.00103734439834 0.807053941909
567 166200 1 0.00103734439834 0.808091286307
568 166464 1 0.00103734439834 0.809128630705
569 166535 1 0.00103734439834 0.810165975104
570 167105 1 0.00103734439834 0.811203319502
571 167245 1 0.00103734439834 0.8122406639
572 167535 1 0.00103734439834 0.813278008299
573 167581 1 0.00103734439834 0.814315352697
574 167643 1 0.00103734439834 0.815352697095
575 168549 1 0.00103734439834 0.816390041494
576 168897 1 0.00103734439834 0.817427385892
577 169683 1 0.00103734439834 0.81846473029
578 169878 1 0.00103734439834 0.819502074689
579 170347 1 0.00103734439834 0.820539419087
580 170803 1 0.00103734439834 0.821576763485
581 170968 1 0.00103734439834 0.822614107884
582 171107 1 0.00103734439834 0.823651452282
583 171244 1 0.00103734439834 0.82468879668
584 171336 1 0.00103734439834 0.825726141079
585 172185 1 0.00103734439834 0.826763485477
586 172392 1 0.00103734439834 0.827800829876
587 173686 1 0.00103734439834 0.828838174274
588 173746 1 0.00103734439834 0.829875518672
589 174434 1 0.00103734439834 0.830912863071
590 175269 1 0.00103734439834 0.831950207469
591 175876 1 0.00103734439834 0.832987551867
592 176251 1 0.00103734439834 0.834024896266
593 176730 1 0.00103734439834 0.835062240664
594 177282 1 0.00103734439834 0.836099585062
595 177363 1 0.00103734439834 0.837136929461
596 177408 1 0.00103734439834 0.838174273859
597 177871 1 0.00103734439834 0.839211618257
598 178405 1 0.00103734439834 0.840248962656
599 178432 1 0.00103734439834 0.841286307054
600 178518 1 0.00103734439834 0.842323651452
601 179116 1 0.00103734439834 0.843360995851
602 180693 1 0.00103734439834 0.844398340249
603 182525 1 0.00103734439834 0.845435684647
604 184439 1 0.00103734439834 0.846473029046
605 184731 1 0.00103734439834 0.847510373444
606 184857 1 0.00103734439834 0.848547717842
607 185441 1 0.00103734439834 0.849585062241
608 186518 1 0.00103734439834 0.850622406639
609 186572 1 0.00103734439834 0.851659751037
610 188277 1 0.00103734439834 0.852697095436
611 188962 1 0.00103734439834 0.853734439834
612 189203 1 0.00103734439834 0.854771784232
613 189324 1 0.00103734439834 0.855809128631
614 189610 1 0.00103734439834 0.856846473029
615 190123 1 0.00103734439834 0.857883817427
616 191637 1 0.00103734439834 0.858921161826
617 192374 1 0.00103734439834 0.859958506224
618 192550 1 0.00103734439834 0.860995850622
619 193883 1 0.00103734439834 0.862033195021
620 194209 1 0.00103734439834 0.863070539419
621 194261 1 0.00103734439834 0.864107883817
622 194914 1 0.00103734439834 0.865145228216
623 195029 1 0.00103734439834 0.866182572614
624 195336 1 0.00103734439834 0.867219917012
625 195609 1 0.00103734439834 0.868257261411
626 195642 1 0.00103734439834 0.869294605809
627 195656 1 0.00103734439834 0.870331950207
628 196039 1 0.00103734439834 0.871369294606
629 197372 1 0.00103734439834 0.872406639004
630 197435 1 0.00103734439834 0.873443983402
631 198151 1 0.00103734439834 0.874481327801
632 198550 1 0.00103734439834 0.875518672199
633 198802 1 0.00103734439834 0.876556016598
634 199107 1 0.00103734439834 0.877593360996
635 199209 1 0.00103734439834 0.878630705394
636 200912 1 0.00103734439834 0.879668049793
637 200951 1 0.00103734439834 0.880705394191
638 201715 1 0.00103734439834 0.881742738589
639 201782 1 0.00103734439834 0.882780082988
640 202114 1 0.00103734439834 0.883817427386
641 202247 1 0.00103734439834 0.884854771784
642 202507 1 0.00103734439834 0.885892116183
643 202738 1 0.00103734439834 0.886929460581
644 203188 1 0.00103734439834 0.887966804979
645 203540 1 0.00103734439834 0.889004149378
646 203766 1 0.00103734439834 0.890041493776
647 204224 1 0.00103734439834 0.891078838174
648 204533 1 0.00103734439834 0.892116182573
649 204947 1 0.00103734439834 0.893153526971
650 205078 1 0.00103734439834 0.894190871369
651 205192 1 0.00103734439834 0.895228215768
652 205311 1 0.00103734439834 0.896265560166
653 205352 1 0.00103734439834 0.897302904564
654 205370 1 0.00103734439834 0.898340248963
655 205499 1 0.00103734439834 0.899377593361
656 205717 1 0.00103734439834 0.900414937759
657 206663 1 0.00103734439834 0.901452282158
658 207469 1 0.00103734439834 0.902489626556
659 208116 1 0.00103734439834 0.903526970954
660 208923 1 0.00103734439834 0.904564315353
661 209175 1 0.00103734439834 0.905601659751
662 209709 1 0.00103734439834 0.906639004149
663 209786 1 0.00103734439834 0.907676348548
664 210338 1 0.00103734439834 0.908713692946
665 211070 1 0.00103734439834 0.909751037344
666 211889 1 0.00103734439834 0.910788381743
667 213328 1 0.00103734439834 0.911825726141
668 213613 1 0.00103734439834 0.912863070539
669 213722 1 0.00103734439834 0.913900414938
670 216088 1 0.00103734439834 0.914937759336
671 216872 1 0.00103734439834 0.915975103734
672 218595 1 0.00103734439834 0.917012448133
673 219007 1 0.00103734439834 0.918049792531
674 219163 1 0.00103734439834 0.919087136929
675 219336 1 0.00103734439834 0.920124481328
676 221298 1 0.00103734439834 0.921161825726
677 221684 1 0.00103734439834 0.922199170124
678 222438 1 0.00103734439834 0.923236514523
679 222466 1 0.00103734439834 0.924273858921
680 222644 1 0.00103734439834 0.925311203319
681 223125 1 0.00103734439834 0.926348547718
682 223137 1 0.00103734439834 0.927385892116
683 223486 1 0.00103734439834 0.928423236515
684 223987 1 0.00103734439834 0.929460580913
685 224835 1 0.00103734439834 0.930497925311
686 225055 1 0.00103734439834 0.93153526971
687 225077 1 0.00103734439834 0.932572614108
688 225110 1 0.00103734439834 0.933609958506
689 225356 1 0.00103734439834 0.934647302905
690 226653 1 0.00103734439834 0.935684647303
691 227026 1 0.00103734439834 0.936721991701
692 228143 1 0.00103734439834 0.9377593361
693 228442 1 0.00103734439834 0.938796680498
694 229207 1 0.00103734439834 0.939834024896
695 229739 1 0.00103734439834 0.940871369295
696 229876 1 0.00103734439834 0.941908713693
697 229911 1 0.00103734439834 0.942946058091
698 230156 1 0.00103734439834 0.94398340249
699 230575 1 0.00103734439834 0.945020746888
700 230828 1 0.00103734439834 0.946058091286
701 238014 1 0.00103734439834 0.947095435685
702 241866 1 0.00103734439834 0.948132780083
703 246169 1 0.00103734439834 0.949170124481
704 247861 1 0.00103734439834 0.95020746888
705 253569 1 0.00103734439834 0.951244813278
706 253599 1 0.00103734439834 0.952282157676
707 264358 1 0.00103734439834 0.953319502075
708 265179 1 0.00103734439834 0.954356846473
709 273458 1 0.00103734439834 0.955394190871
710 276279 1 0.00103734439834 0.95643153527
711 277557 1 0.00103734439834 0.957468879668
712 290719 1 0.00103734439834 0.958506224066
713 298369 1 0.00103734439834 0.959543568465
714 301405 1 0.00103734439834 0.960580912863
715 306934 1 0.00103734439834 0.961618257261
716 309301 1 0.00103734439834 0.96265560166
717 314558 1 0.00103734439834 0.963692946058
718 317319 1 0.00103734439834 0.964730290456
719 317622 1 0.00103734439834 0.965767634855
720 324909 1 0.00103734439834 0.966804979253
721 336009 1 0.00103734439834 0.967842323651
722 344256 1 0.00103734439834 0.96887966805
723 347126 1 0.00103734439834 0.969917012448
724 366555 1 0.00103734439834 0.970954356846
725 371810 1 0.00103734439834 0.971991701245
726 377819 1 0.00103734439834 0.973029045643
727 378445 1 0.00103734439834 0.974066390041
728 386856 1 0.00103734439834 0.97510373444
729 396319 1 0.00103734439834 0.976141078838
730 401170 1 0.00103734439834 0.977178423237
731 402957 1 0.00103734439834 0.978215767635
732 408092 1 0.00103734439834 0.979253112033
733 408498 1 0.00103734439834 0.980290456432
734 431309 1 0.00103734439834 0.98132780083
735 435002 1 0.00103734439834 0.982365145228
736 435721 1 0.00103734439834 0.983402489627
737 436309 1 0.00103734439834 0.984439834025
738 443497 1 0.00103734439834 0.985477178423
739 446307 1 0.00103734439834 0.986514522822
740 450570 1 0.00103734439834 0.98755186722
741 451569 1 0.00103734439834 0.988589211618
742 457070 1 0.00103734439834 0.989626556017
743 469570 1 0.00103734439834 0.990663900415
744 483071 1 0.00103734439834 0.991701244813
745 539072 1 0.00103734439834 0.992738589212
746 595310 1 0.00103734439834 0.99377593361
747 597811 1 0.00103734439834 0.994813278008
748 601311 1 0.00103734439834 0.995850622407
749 603811 1 0.00103734439834 0.996887966805
750 656062 1 0.00103734439834 0.997925311203
751 661062 1 0.00103734439834 0.998962655602
752 664312 1 0.00103734439834 1.0
