0 0.0 212.0 0.219917012448 0.219917012448
1 117.0 1.0 0.00103734439834 0.220954356846
2 199.0 1.0 0.00103734439834 0.221991701245
3 226.0 1.0 0.00103734439834 0.223029045643
4 261.0 1.0 0.00103734439834 0.224066390041
5 329.0 1.0 0.00103734439834 0.22510373444
6 394.0 1.0 0.00103734439834 0.226141078838
7 442.0 1.0 0.00103734439834 0.227178423237
8 448.0 1.0 0.00103734439834 0.228215767635
9 650.0 1.0 0.00103734439834 0.229253112033
10 658.0 1.0 0.00103734439834 0.230290456432
11 955.0 1.0 0.00103734439834 0.23132780083
12 1024.0 1.0 0.00103734439834 0.232365145228
13 1040.0 1.0 0.00103734439834 0.233402489627
14 1300.0 1.0 0.00103734439834 0.234439834025
15 1375.0 1.0 0.00103734439834 0.235477178423
16 1377.0 1.0 0.00103734439834 0.236514522822
17 1391.0 1.0 0.00103734439834 0.23755186722
18 1512.0 1.0 0.00103734439834 0.238589211618
19 1582.0 1.0 0.00103734439834 0.239626556017
20 1655.0 1.0 0.00103734439834 0.240663900415
21 1771.0 1.0 0.00103734439834 0.241701244813
22 1787.0 1.0 0.00103734439834 0.242738589212
23 1963.0 1.0 0.00103734439834 0.24377593361
24 1987.0 1.0 0.00103734439834 0.244813278008
25 1995.0 1.0 0.00103734439834 0.245850622407
26 2011.0 1.0 0.00103734439834 0.246887966805
27 2046.0 1.0 0.00103734439834 0.247925311203
28 2051.0 1.0 0.00103734439834 0.248962655602
29 2058.0 1.0 0.00103734439834 0.25
30 2082.0 1.0 0.00103734439834 0.251037344398
31 2084.0 1.0 0.00103734439834 0.252074688797
32 2120.0 1.0 0.00103734439834 0.253112033195
33 2122.0 1.0 0.00103734439834 0.254149377593
34 2124.0 1.0 0.00103734439834 0.255186721992
35 2131.0 1.0 0.00103734439834 0.25622406639
36 2133.0 1.0 0.00103734439834 0.257261410788
37 2134.0 1.0 0.00103734439834 0.258298755187
38 2176.0 1.0 0.00103734439834 0.259336099585
39 2209.0 1.0 0.00103734439834 0.260373443983
40 2210.0 1.0 0.00103734439834 0.261410788382
41 2219.0 1.0 0.00103734439834 0.26244813278
42 2232.0 1.0 0.00103734439834 0.263485477178
43 2333.0 1.0 0.00103734439834 0.264522821577
44 2345.0 1.0 0.00103734439834 0.265560165975
45 2348.0 1.0 0.00103734439834 0.266597510373
46 2369.0 1.0 0.00103734439834 0.267634854772
47 2373.0 1.0 0.00103734439834 0.26867219917
48 2462.0 1.0 0.00103734439834 0.269709543568
49 2467.0 1.0 0.00103734439834 0.270746887967
50 2589.0 1.0 0.00103734439834 0.271784232365
51 2626.0 1.0 0.00103734439834 0.272821576763
52 2650.0 1.0 0.00103734439834 0.273858921162
53 2717.0 1.0 0.00103734439834 0.27489626556
54 2731.0 1.0 0.00103734439834 0.275933609959
55 2804.0 1.0 0.00103734439834 0.276970954357
56 2893.0 1.0 0.00103734439834 0.278008298755
57 2901.0 1.0 0.00103734439834 0.279045643154
58 2911.0 1.0 0.00103734439834 0.280082987552
59 3002.0 1.0 0.00103734439834 0.28112033195
60 3025.0 1.0 0.00103734439834 0.282157676349
61 3202.0 1.0 0.00103734439834 0.283195020747
62 3229.0 1.0 0.00103734439834 0.284232365145
63 3289.0 1.0 0.00103734439834 0.285269709544
64 3308.0 1.0 0.00103734439834 0.286307053942
65 3373.0 1.0 0.00103734439834 0.28734439834
66 3431.0 1.0 0.00103734439834 0.288381742739
67 3462.0 1.0 0.00103734439834 0.289419087137
68 3468.0 1.0 0.00103734439834 0.290456431535
69 3476.0 1.0 0.00103734439834 0.291493775934
70 3511.0 1.0 0.00103734439834 0.292531120332
71 3591.0 1.0 0.00103734439834 0.29356846473
72 3617.0 1.0 0.00103734439834 0.294605809129
73 3627.0 1.0 0.00103734439834 0.295643153527
74 3680.0 1.0 0.00103734439834 0.296680497925
75 3693.0 1.0 0.00103734439834 0.297717842324
76 3768.0 1.0 0.00103734439834 0.298755186722
77 3774.0 1.0 0.00103734439834 0.29979253112
78 3777.0 1.0 0.00103734439834 0.300829875519
79 3832.0 1.0 0.00103734439834 0.301867219917
80 3845.0 1.0 0.00103734439834 0.302904564315
81 3856.0 1.0 0.00103734439834 0.303941908714
82 3924.0 1.0 0.00103734439834 0.304979253112
83 4044.0 1.0 0.00103734439834 0.30601659751
84 4170.0 1.0 0.00103734439834 0.307053941909
85 4285.0 1.0 0.00103734439834 0.308091286307
86 4462.0 1.0 0.00103734439834 0.309128630705
87 4484.0 1.0 0.00103734439834 0.310165975104
88 4567.0 1.0 0.00103734439834 0.311203319502
89 4633.0 1.0 0.00103734439834 0.3122406639
90 4655.0 1.0 0.00103734439834 0.313278008299
91 4660.0 1.0 0.00103734439834 0.314315352697
92 4675.0 1.0 0.00103734439834 0.315352697095
93 4803.0 1.0 0.00103734439834 0.316390041494
94 4812.0 1.0 0.00103734439834 0.317427385892
95 4815.0 1.0 0.00103734439834 0.31846473029
96 4907.0 1.0 0.00103734439834 0.319502074689
97 5012.0 1.0 0.00103734439834 0.320539419087
98 5060.0 1.0 0.00103734439834 0.321576763485
99 5151.0 1.0 0.00103734439834 0.322614107884
100 5207.0 1.0 0.00103734439834 0.323651452282
101 5234.0 1.0 0.00103734439834 0.32468879668
102 5278.0 1.0 0.00103734439834 0.325726141079
103 5328.0 1.0 0.00103734439834 0.326763485477
104 5332.0 1.0 0.00103734439834 0.327800829876
105 5397.0 1.0 0.00103734439834 0.328838174274
106 5417.0 1.0 0.00103734439834 0.329875518672
107 5429.0 1.0 0.00103734439834 0.330912863071
108 5565.0 1.0 0.00103734439834 0.331950207469
109 5614.0 1.0 0.00103734439834 0.332987551867
110 5748.0 1.0 0.00103734439834 0.334024896266
111 5778.0 1.0 0.00103734439834 0.335062240664
112 5819.0 1.0 0.00103734439834 0.336099585062
113 5829.0 1.0 0.00103734439834 0.337136929461
114 6035.0 1.0 0.00103734439834 0.338174273859
115 6055.0 1.0 0.00103734439834 0.339211618257
116 6137.0 1.0 0.00103734439834 0.340248962656
117 6322.0 1.0 0.00103734439834 0.341286307054
118 6392.0 1.0 0.00103734439834 0.342323651452
119 6405.0 1.0 0.00103734439834 0.343360995851
120 6444.0 1.0 0.00103734439834 0.344398340249
121 6458.0 1.0 0.00103734439834 0.345435684647
122 6623.0 1.0 0.00103734439834 0.346473029046
123 6821.0 1.0 0.00103734439834 0.347510373444
124 6853.0 1.0 0.00103734439834 0.348547717842
125 6867.0 2.0 0.00207468879668 0.350622406639
126 6975.0 1.0 0.00103734439834 0.351659751037
127 7007.0 1.0 0.00103734439834 0.352697095436
128 7016.0 1.0 0.00103734439834 0.353734439834
129 7040.0 1.0 0.00103734439834 0.354771784232
130 7051.0 1.0 0.00103734439834 0.355809128631
131 7149.0 1.0 0.00103734439834 0.356846473029
132 7219.0 1.0 0.00103734439834 0.357883817427
133 7237.0 1.0 0.00103734439834 0.358921161826
134 7251.0 1.0 0.00103734439834 0.359958506224
135 7252.0 1.0 0.00103734439834 0.360995850622
136 7257.0 1.0 0.00103734439834 0.362033195021
137 7273.0 1.0 0.00103734439834 0.363070539419
138 7285.0 1.0 0.00103734439834 0.364107883817
139 7351.0 1.0 0.00103734439834 0.365145228216
140 7526.0 1.0 0.00103734439834 0.366182572614
141 7581.0 1.0 0.00103734439834 0.367219917012
142 7594.0 1.0 0.00103734439834 0.368257261411
143 7718.0 1.0 0.00103734439834 0.369294605809
144 7770.0 1.0 0.00103734439834 0.370331950207
145 7811.0 1.0 0.00103734439834 0.371369294606
146 7896.0 1.0 0.00103734439834 0.372406639004
147 7956.0 1.0 0.00103734439834 0.373443983402
148 8073.0 1.0 0.00103734439834 0.374481327801
149 8076.0 1.0 0.00103734439834 0.375518672199
150 8079.0 1.0 0.00103734439834 0.376556016598
151 8119.0 1.0 0.00103734439834 0.377593360996
152 8176.0 1.0 0.00103734439834 0.378630705394
153 8184.0 1.0 0.00103734439834 0.379668049793
154 8222.0 1.0 0.00103734439834 0.380705394191
155 8255.0 1.0 0.00103734439834 0.381742738589
156 8663.0 1.0 0.00103734439834 0.382780082988
157 8737.0 1.0 0.00103734439834 0.383817427386
158 8747.0 1.0 0.00103734439834 0.384854771784
159 9047.0 1.0 0.00103734439834 0.385892116183
160 9687.0 1.0 0.00103734439834 0.386929460581
161 9708.0 1.0 0.00103734439834 0.387966804979
162 9844.0 1.0 0.00103734439834 0.389004149378
163 9915.0 1.0 0.00103734439834 0.390041493776
164 10240.0 1.0 0.00103734439834 0.391078838174
165 10397.0 1.0 0.00103734439834 0.392116182573
166 10491.0 1.0 0.00103734439834 0.393153526971
167 10799.0 1.0 0.00103734439834 0.394190871369
168 10824.0 1.0 0.00103734439834 0.395228215768
169 10969.0 1.0 0.00103734439834 0.396265560166
170 11409.0 1.0 0.00103734439834 0.397302904564
171 12103.0 1.0 0.00103734439834 0.398340248963
172 12493.0 1.0 0.00103734439834 0.399377593361
173 12758.0 1.0 0.00103734439834 0.400414937759
174 13105.0 1.0 0.00103734439834 0.401452282158
175 13843.0 1.0 0.00103734439834 0.402489626556
176 13928.0 1.0 0.00103734439834 0.403526970954
177 14266.0 1.0 0.00103734439834 0.404564315353
178 14944.0 1.0 0.00103734439834 0.405601659751
179 15087.0 1.0 0.00103734439834 0.406639004149
180 15396.0 1.0 0.00103734439834 0.407676348548
181 15425.0 1.0 0.00103734439834 0.408713692946
182 15574.0 1.0 0.00103734439834 0.409751037344
183 16426.0 1.0 0.00103734439834 0.410788381743
184 16659.0 1.0 0.00103734439834 0.411825726141
185 17208.0 1.0 0.00103734439834 0.412863070539
186 17326.0 1.0 0.00103734439834 0.413900414938
187 18566.0 1.0 0.00103734439834 0.414937759336
188 18956.0 1.0 0.00103734439834 0.415975103734
189 19205.0 1.0 0.00103734439834 0.417012448133
190 19446.0 1.0 0.00103734439834 0.418049792531
191 19498.0 1.0 0.00103734439834 0.419087136929
192 19580.0 1.0 0.00103734439834 0.420124481328
193 19814.0 1.0 0.00103734439834 0.421161825726
194 20025.0 1.0 0.00103734439834 0.422199170124
195 20938.0 1.0 0.00103734439834 0.423236514523
196 21036.0 1.0 0.00103734439834 0.424273858921
197 21084.0 1.0 0.00103734439834 0.42531120332
198 21458.0 1.0 0.00103734439834 0.426348547718
199 21759.0 1.0 0.00103734439834 0.427385892116
200 22111.0 1.0 0.00103734439834 0.428423236515
201 22778.0 1.0 0.00103734439834 0.429460580913
202 22820.0 1.0 0.00103734439834 0.430497925311
203 23754.0 1.0 0.00103734439834 0.43153526971
204 25431.0 1.0 0.00103734439834 0.432572614108
205 25767.0 1.0 0.00103734439834 0.433609958506
206 26135.0 1.0 0.00103734439834 0.434647302905
207 26222.0 1.0 0.00103734439834 0.435684647303
208 26419.0 1.0 0.00103734439834 0.436721991701
209 27194.0 1.0 0.00103734439834 0.4377593361
210 27277.0 1.0 0.00103734439834 0.438796680498
211 27362.0 1.0 0.00103734439834 0.439834024896
212 27423.0 1.0 0.00103734439834 0.440871369295
213 28082.0 1.0 0.00103734439834 0.441908713693
214 29338.0 1.0 0.00103734439834 0.442946058091
215 29530.0 1.0 0.00103734439834 0.44398340249
216 29910.0 1.0 0.00103734439834 0.445020746888
217 30175.0 1.0 0.00103734439834 0.446058091286
218 30413.0 1.0 0.00103734439834 0.447095435685
219 30715.0 1.0 0.00103734439834 0.448132780083
220 30740.0 1.0 0.00103734439834 0.449170124481
221 30796.0 1.0 0.00103734439834 0.45020746888
222 30932.0 1.0 0.00103734439834 0.451244813278
223 31206.0 1.0 0.00103734439834 0.452282157676
224 31627.0 1.0 0.00103734439834 0.453319502075
225 31675.0 1.0 0.00103734439834 0.454356846473
226 31694.0 1.0 0.00103734439834 0.455394190871
227 32399.0 1.0 0.00103734439834 0.45643153527
228 32714.0 1.0 0.00103734439834 0.457468879668
229 32833.0 1.0 0.00103734439834 0.458506224066
230 32998.0 1.0 0.00103734439834 0.459543568465
231 34139.0 1.0 0.00103734439834 0.460580912863
232 34523.0 1.0 0.00103734439834 0.461618257261
233 35239.0 1.0 0.00103734439834 0.46265560166
234 35371.0 1.0 0.00103734439834 0.463692946058
235 35785.0 1.0 0.00103734439834 0.464730290456
236 36487.0 1.0 0.00103734439834 0.465767634855
237 36829.0 1.0 0.00103734439834 0.466804979253
238 36877.0 1.0 0.00103734439834 0.467842323651
239 37543.0 1.0 0.00103734439834 0.46887966805
240 38772.0 1.0 0.00103734439834 0.469917012448
241 38875.0 1.0 0.00103734439834 0.470954356846
242 39040.0 1.0 0.00103734439834 0.471991701245
243 39199.0 1.0 0.00103734439834 0.473029045643
244 40693.0 1.0 0.00103734439834 0.474066390041
245 40889.0 1.0 0.00103734439834 0.47510373444
246 41298.0 1.0 0.00103734439834 0.476141078838
247 41946.0 1.0 0.00103734439834 0.477178423237
248 42468.0 1.0 0.00103734439834 0.478215767635
249 42660.0 1.0 0.00103734439834 0.479253112033
250 43174.0 1.0 0.00103734439834 0.480290456432
251 43562.0 1.0 0.00103734439834 0.48132780083
252 44053.0 1.0 0.00103734439834 0.482365145228
253 44753.0 1.0 0.00103734439834 0.483402489627
254 44964.0 1.0 0.00103734439834 0.484439834025
255 45042.0 1.0 0.00103734439834 0.485477178423
256 45596.0 1.0 0.00103734439834 0.486514522822
257 45799.0 1.0 0.00103734439834 0.48755186722
258 46564.0 1.0 0.00103734439834 0.488589211618
259 46651.0 1.0 0.00103734439834 0.489626556017
260 46719.0 1.0 0.00103734439834 0.490663900415
261 47446.0 1.0 0.00103734439834 0.491701244813
262 47632.0 1.0 0.00103734439834 0.492738589212
263 48158.0 1.0 0.00103734439834 0.49377593361
264 48248.0 1.0 0.00103734439834 0.494813278008
265 48355.0 1.0 0.00103734439834 0.495850622407
266 48410.0 1.0 0.00103734439834 0.496887966805
267 48526.0 1.0 0.00103734439834 0.497925311203
268 48538.0 1.0 0.00103734439834 0.498962655602
269 48654.0 1.0 0.00103734439834 0.5
270 50603.0 1.0 0.00103734439834 0.501037344398
271 50767.0 1.0 0.00103734439834 0.502074688797
272 51131.0 1.0 0.00103734439834 0.503112033195
273 51322.0 1.0 0.00103734439834 0.504149377593
274 51342.0 1.0 0.00103734439834 0.505186721992
275 51372.0 1.0 0.00103734439834 0.50622406639
276 52400.0 1.0 0.00103734439834 0.507261410788
277 52841.0 1.0 0.00103734439834 0.508298755187
278 53124.0 1.0 0.00103734439834 0.509336099585
279 53488.0 1.0 0.00103734439834 0.510373443983
280 53808.0 1.0 0.00103734439834 0.511410788382
281 54030.0 1.0 0.00103734439834 0.51244813278
282 54043.0 1.0 0.00103734439834 0.513485477178
283 54619.0 1.0 0.00103734439834 0.514522821577
284 54697.0 1.0 0.00103734439834 0.515560165975
285 54859.0 1.0 0.00103734439834 0.516597510373
286 55217.0 1.0 0.00103734439834 0.517634854772
287 55228.0 1.0 0.00103734439834 0.51867219917
288 55515.0 1.0 0.00103734439834 0.519709543568
289 55537.0 1.0 0.00103734439834 0.520746887967
290 55663.0 1.0 0.00103734439834 0.521784232365
291 56642.0 1.0 0.00103734439834 0.522821576763
292 56662.0 1.0 0.00103734439834 0.523858921162
293 57255.0 1.0 0.00103734439834 0.52489626556
294 57264.0 1.0 0.00103734439834 0.525933609959
295 59122.0 1.0 0.00103734439834 0.526970954357
296 59171.0 1.0 0.00103734439834 0.528008298755
297 59255.0 1.0 0.00103734439834 0.529045643154
298 59901.0 1.0 0.00103734439834 0.530082987552
299 60031.0 1.0 0.00103734439834 0.53112033195
300 60235.0 1.0 0.00103734439834 0.532157676349
301 60262.0 1.0 0.00103734439834 0.533195020747
302 60286.0 1.0 0.00103734439834 0.534232365145
303 60855.0 1.0 0.00103734439834 0.535269709544
304 61364.0 1.0 0.00103734439834 0.536307053942
305 61985.0 1.0 0.00103734439834 0.53734439834
306 62294.0 1.0 0.00103734439834 0.538381742739
307 62478.0 1.0 0.00103734439834 0.539419087137
308 62734.0 1.0 0.00103734439834 0.540456431535
309 62743.0 1.0 0.00103734439834 0.541493775934
310 62789.0 1.0 0.00103734439834 0.542531120332
311 63127.0 1.0 0.00103734439834 0.54356846473
312 63179.0 1.0 0.00103734439834 0.544605809129
313 63498.0 1.0 0.00103734439834 0.545643153527
314 63778.0 1.0 0.00103734439834 0.546680497925
315 63974.0 1.0 0.00103734439834 0.547717842324
316 65194.0 1.0 0.00103734439834 0.548755186722
317 65222.0 1.0 0.00103734439834 0.54979253112
318 65350.0 1.0 0.00103734439834 0.550829875519
319 65939.0 1.0 0.00103734439834 0.551867219917
320 66040.0 1.0 0.00103734439834 0.552904564315
321 66186.0 1.0 0.00103734439834 0.553941908714
322 66812.0 1.0 0.00103734439834 0.554979253112
323 67055.0 1.0 0.00103734439834 0.55601659751
324 67179.0 1.0 0.00103734439834 0.557053941909
325 68281.0 1.0 0.00103734439834 0.558091286307
326 68566.0 1.0 0.00103734439834 0.559128630705
327 68624.0 1.0 0.00103734439834 0.560165975104
328 69434.0 1.0 0.00103734439834 0.561203319502
329 69461.0 1.0 0.00103734439834 0.5622406639
330 69824.0 1.0 0.00103734439834 0.563278008299
331 69952.0 1.0 0.00103734439834 0.564315352697
332 70336.0 1.0 0.00103734439834 0.565352697095
333 70722.0 1.0 0.00103734439834 0.566390041494
334 70809.0 1.0 0.00103734439834 0.567427385892
335 70879.0 1.0 0.00103734439834 0.56846473029
336 71056.0 1.0 0.00103734439834 0.569502074689
337 71663.0 1.0 0.00103734439834 0.570539419087
338 71798.0 1.0 0.00103734439834 0.571576763485
339 71813.0 1.0 0.00103734439834 0.572614107884
340 71859.0 1.0 0.00103734439834 0.573651452282
341 72031.0 1.0 0.00103734439834 0.57468879668
342 72129.0 1.0 0.00103734439834 0.575726141079
343 72408.0 1.0 0.00103734439834 0.576763485477
344 72575.0 1.0 0.00103734439834 0.577800829876
345 72718.0 1.0 0.00103734439834 0.578838174274
346 73139.0 1.0 0.00103734439834 0.579875518672
347 73244.0 1.0 0.00103734439834 0.580912863071
348 73814.0 1.0 0.00103734439834 0.581950207469
349 74099.0 1.0 0.00103734439834 0.582987551867
350 74128.0 1.0 0.00103734439834 0.584024896266
351 74356.0 1.0 0.00103734439834 0.585062240664
352 74613.0 1.0 0.00103734439834 0.586099585062
353 75291.0 1.0 0.00103734439834 0.587136929461
354 75419.0 1.0 0.00103734439834 0.588174273859
355 76609.0 1.0 0.00103734439834 0.589211618257
356 76750.0 1.0 0.00103734439834 0.590248962656
357 76924.0 1.0 0.00103734439834 0.591286307054
358 77046.0 1.0 0.00103734439834 0.592323651452
359 77334.0 1.0 0.00103734439834 0.593360995851
360 77504.0 1.0 0.00103734439834 0.594398340249
361 77523.0 1.0 0.00103734439834 0.595435684647
362 77609.0 1.0 0.00103734439834 0.596473029046
363 78411.0 1.0 0.00103734439834 0.597510373444
364 80202.0 1.0 0.00103734439834 0.598547717842
365 80345.0 1.0 0.00103734439834 0.599585062241
366 82200.0 1.0 0.00103734439834 0.600622406639
367 82483.0 1.0 0.00103734439834 0.601659751037
368 83087.0 1.0 0.00103734439834 0.602697095436
369 83523.0 1.0 0.00103734439834 0.603734439834
370 85222.0 1.0 0.00103734439834 0.604771784232
371 86238.0 1.0 0.00103734439834 0.605809128631
372 86730.0 1.0 0.00103734439834 0.606846473029
373 87121.0 1.0 0.00103734439834 0.607883817427
374 88229.0 1.0 0.00103734439834 0.608921161826
375 88412.0 1.0 0.00103734439834 0.609958506224
376 89117.0 1.0 0.00103734439834 0.610995850622
377 89302.0 1.0 0.00103734439834 0.612033195021
378 90014.0 1.0 0.00103734439834 0.613070539419
379 90251.0 1.0 0.00103734439834 0.614107883817
380 90343.0 1.0 0.00103734439834 0.615145228216
381 91087.0 1.0 0.00103734439834 0.616182572614
382 92238.0 1.0 0.00103734439834 0.617219917012
383 92288.0 1.0 0.00103734439834 0.618257261411
384 92849.0 1.0 0.00103734439834 0.619294605809
385 93613.0 1.0 0.00103734439834 0.620331950207
386 93645.0 1.0 0.00103734439834 0.621369294606
387 93806.0 1.0 0.00103734439834 0.622406639004
388 94416.0 1.0 0.00103734439834 0.623443983402
389 94562.0 1.0 0.00103734439834 0.624481327801
390 95393.0 1.0 0.00103734439834 0.625518672199
391 95763.0 1.0 0.00103734439834 0.626556016598
392 96420.0 1.0 0.00103734439834 0.627593360996
393 96677.0 1.0 0.00103734439834 0.628630705394
394 97054.0 1.0 0.00103734439834 0.629668049793
395 97568.0 1.0 0.00103734439834 0.630705394191
396 98305.0 1.0 0.00103734439834 0.631742738589
397 98617.0 1.0 0.00103734439834 0.632780082988
398 98627.0 1.0 0.00103734439834 0.633817427386
399 98881.0 1.0 0.00103734439834 0.634854771784
400 99938.0 1.0 0.00103734439834 0.635892116183
401 100774.0 1.0 0.00103734439834 0.636929460581
402 100952.0 1.0 0.00103734439834 0.637966804979
403 101075.0 1.0 0.00103734439834 0.639004149378
404 101078.0 1.0 0.00103734439834 0.640041493776
405 101177.0 1.0 0.00103734439834 0.641078838174
406 101226.0 1.0 0.00103734439834 0.642116182573
407 101325.0 1.0 0.00103734439834 0.643153526971
408 101951.0 1.0 0.00103734439834 0.644190871369
409 102036.0 1.0 0.00103734439834 0.645228215768
410 102341.0 1.0 0.00103734439834 0.646265560166
411 102410.0 1.0 0.00103734439834 0.647302904564
412 102430.0 1.0 0.00103734439834 0.648340248963
413 102484.0 1.0 0.00103734439834 0.649377593361
414 102780.0 1.0 0.00103734439834 0.650414937759
415 103289.0 1.0 0.00103734439834 0.651452282158
416 103825.0 1.0 0.00103734439834 0.652489626556
417 103854.0 1.0 0.00103734439834 0.653526970954
418 104387.0 1.0 0.00103734439834 0.654564315353
419 105030.0 1.0 0.00103734439834 0.655601659751
420 105211.0 1.0 0.00103734439834 0.656639004149
421 106018.0 1.0 0.00103734439834 0.657676348548
422 106864.0 1.0 0.00103734439834 0.658713692946
423 107051.0 1.0 0.00103734439834 0.659751037344
424 107840.0 1.0 0.00103734439834 0.660788381743
425 108613.0 1.0 0.00103734439834 0.661825726141
426 108767.0 1.0 0.00103734439834 0.662863070539
427 109514.0 1.0 0.00103734439834 0.663900414938
428 110210.0 1.0 0.00103734439834 0.664937759336
429 110214.0 1.0 0.00103734439834 0.665975103734
430 110580.0 1.0 0.00103734439834 0.667012448133
431 111793.0 1.0 0.00103734439834 0.668049792531
432 112484.0 1.0 0.00103734439834 0.669087136929
433 112739.0 1.0 0.00103734439834 0.670124481328
434 113200.0 1.0 0.00103734439834 0.671161825726
435 114263.0 1.0 0.00103734439834 0.672199170124
436 115654.0 1.0 0.00103734439834 0.673236514523
437 116051.0 1.0 0.00103734439834 0.674273858921
438 116095.0 1.0 0.00103734439834 0.67531120332
439 116777.0 1.0 0.00103734439834 0.676348547718
440 116898.0 1.0 0.00103734439834 0.677385892116
441 117544.0 1.0 0.00103734439834 0.678423236515
442 117629.0 1.0 0.00103734439834 0.679460580913
443 117983.0 1.0 0.00103734439834 0.680497925311
444 118099.0 1.0 0.00103734439834 0.68153526971
445 118386.0 1.0 0.00103734439834 0.682572614108
446 118604.0 1.0 0.00103734439834 0.683609958506
447 118687.0 1.0 0.00103734439834 0.684647302905
448 119357.0 1.0 0.00103734439834 0.685684647303
449 119602.0 1.0 0.00103734439834 0.686721991701
450 120071.0 1.0 0.00103734439834 0.6877593361
451 120418.0 1.0 0.00103734439834 0.688796680498
452 121213.0 1.0 0.00103734439834 0.689834024896
453 121267.0 1.0 0.00103734439834 0.690871369295
454 121875.0 1.0 0.00103734439834 0.691908713693
455 123059.0 1.0 0.00103734439834 0.692946058091
456 123469.0 1.0 0.00103734439834 0.69398340249
457 125195.0 1.0 0.00103734439834 0.695020746888
458 125866.0 1.0 0.00103734439834 0.696058091286
459 126032.0 1.0 0.00103734439834 0.697095435685
460 126218.0 1.0 0.00103734439834 0.698132780083
461 126687.0 1.0 0.00103734439834 0.699170124481
462 126938.0 1.0 0.00103734439834 0.70020746888
463 127852.0 1.0 0.00103734439834 0.701244813278
464 127955.0 1.0 0.00103734439834 0.702282157676
465 128270.0 1.0 0.00103734439834 0.703319502075
466 128812.0 1.0 0.00103734439834 0.704356846473
467 128953.0 1.0 0.00103734439834 0.705394190871
468 129166.0 1.0 0.00103734439834 0.70643153527
469 130002.0 1.0 0.00103734439834 0.707468879668
470 130721.0 1.0 0.00103734439834 0.708506224066
471 131054.0 1.0 0.00103734439834 0.709543568465
472 131172.0 1.0 0.00103734439834 0.710580912863
473 131519.0 1.0 0.00103734439834 0.711618257261
474 131855.0 1.0 0.00103734439834 0.71265560166
475 132009.0 1.0 0.00103734439834 0.713692946058
476 132117.0 1.0 0.00103734439834 0.714730290456
477 132329.0 1.0 0.00103734439834 0.715767634855
478 133522.0 1.0 0.00103734439834 0.716804979253
479 134169.0 1.0 0.00103734439834 0.717842323651
480 134320.0 1.0 0.00103734439834 0.71887966805
481 134967.0 1.0 0.00103734439834 0.719917012448
482 135480.0 1.0 0.00103734439834 0.720954356846
483 135922.0 1.0 0.00103734439834 0.721991701245
484 136426.0 1.0 0.00103734439834 0.723029045643
485 137300.0 1.0 0.00103734439834 0.724066390041
486 137429.0 1.0 0.00103734439834 0.72510373444
487 137566.0 1.0 0.00103734439834 0.726141078838
488 137825.0 1.0 0.00103734439834 0.727178423237
489 138042.0 1.0 0.00103734439834 0.728215767635
490 138175.0 1.0 0.00103734439834 0.729253112033
491 138542.0 1.0 0.00103734439834 0.730290456432
492 139076.0 1.0 0.00103734439834 0.73132780083
493 139645.0 1.0 0.00103734439834 0.732365145228
494 140018.0 1.0 0.00103734439834 0.733402489627
495 140301.0 1.0 0.00103734439834 0.734439834025
496 140936.0 1.0 0.00103734439834 0.735477178423
497 140975.0 1.0 0.00103734439834 0.736514522822
498 141805.0 1.0 0.00103734439834 0.73755186722
499 141832.0 1.0 0.00103734439834 0.738589211618
500 142325.0 1.0 0.00103734439834 0.739626556017
501 143582.0 1.0 0.00103734439834 0.740663900415
502 144073.0 1.0 0.00103734439834 0.741701244813
503 144370.0 1.0 0.00103734439834 0.742738589212
504 144435.0 1.0 0.00103734439834 0.74377593361
505 144468.0 1.0 0.00103734439834 0.744813278008
506 144590.0 1.0 0.00103734439834 0.745850622407
507 145615.0 1.0 0.00103734439834 0.746887966805
508 146081.0 1.0 0.00103734439834 0.747925311203
509 146947.0 1.0 0.00103734439834 0.748962655602
510 147148.0 1.0 0.00103734439834 0.75
511 147495.0 1.0 0.00103734439834 0.751037344398
512 147943.0 1.0 0.00103734439834 0.752074688797
513 148232.0 1.0 0.00103734439834 0.753112033195
514 149759.0 1.0 0.00103734439834 0.754149377593
515 150404.0 1.0 0.00103734439834 0.755186721992
516 150732.0 1.0 0.00103734439834 0.75622406639
517 150809.0 1.0 0.00103734439834 0.757261410788
518 151471.0 1.0 0.00103734439834 0.758298755187
519 151648.0 1.0 0.00103734439834 0.759336099585
520 152103.0 1.0 0.00103734439834 0.760373443983
521 152256.0 1.0 0.00103734439834 0.761410788382
522 152429.0 1.0 0.00103734439834 0.76244813278
523 152541.0 1.0 0.00103734439834 0.763485477178
524 152549.0 1.0 0.00103734439834 0.764522821577
525 152806.0 1.0 0.00103734439834 0.765560165975
526 153073.0 1.0 0.00103734439834 0.766597510373
527 153343.0 1.0 0.00103734439834 0.767634854772
528 153666.0 1.0 0.00103734439834 0.76867219917
529 154116.0 1.0 0.00103734439834 0.769709543568
530 154188.0 1.0 0.00103734439834 0.770746887967
531 154327.0 1.0 0.00103734439834 0.771784232365
532 154479.0 1.0 0.00103734439834 0.772821576763
533 155020.0 1.0 0.00103734439834 0.773858921162
534 155168.0 1.0 0.00103734439834 0.77489626556
535 155175.0 1.0 0.00103734439834 0.775933609959
536 155943.0 1.0 0.00103734439834 0.776970954357
537 156048.0 1.0 0.00103734439834 0.778008298755
538 156212.0 1.0 0.00103734439834 0.779045643154
539 156269.0 1.0 0.00103734439834 0.780082987552
540 156271.0 1.0 0.00103734439834 0.78112033195
541 156313.0 1.0 0.00103734439834 0.782157676349
542 156423.0 1.0 0.00103734439834 0.783195020747
543 157208.0 1.0 0.00103734439834 0.784232365145
544 158585.0 1.0 0.00103734439834 0.785269709544
545 159906.0 1.0 0.00103734439834 0.786307053942
546 160885.0 1.0 0.00103734439834 0.78734439834
547 160937.0 1.0 0.00103734439834 0.788381742739
548 161616.0 1.0 0.00103734439834 0.789419087137
549 161863.0 1.0 0.00103734439834 0.790456431535
550 162173.0 1.0 0.00103734439834 0.791493775934
551 162205.0 1.0 0.00103734439834 0.792531120332
552 162297.0 1.0 0.00103734439834 0.79356846473
553 162408.0 1.0 0.00103734439834 0.794605809129
554 163477.0 1.0 0.00103734439834 0.795643153527
555 163904.0 1.0 0.00103734439834 0.796680497925
556 164204.0 1.0 0.00103734439834 0.797717842324
557 164393.0 1.0 0.00103734439834 0.798755186722
558 164545.0 1.0 0.00103734439834 0.79979253112
559 164746.0 1.0 0.00103734439834 0.800829875519
560 164817.0 1.0 0.00103734439834 0.801867219917
561 164963.0 1.0 0.00103734439834 0.802904564315
562 165351.0 1.0 0.00103734439834 0.803941908714
563 165714.0 1.0 0.00103734439834 0.804979253112
564 165964.0 1.0 0.00103734439834 0.80601659751
565 166032.0 1.0 0.00103734439834 0.807053941909
566 166200.0 1.0 0.00103734439834 0.808091286307
567 166464.0 1.0 0.00103734439834 0.809128630705
568 166535.0 1.0 0.00103734439834 0.810165975104
569 167105.0 1.0 0.00103734439834 0.811203319502
570 167245.0 1.0 0.00103734439834 0.8122406639
571 167535.0 1.0 0.00103734439834 0.813278008299
572 167581.0 1.0 0.00103734439834 0.814315352697
573 167643.0 1.0 0.00103734439834 0.815352697095
574 168549.0 1.0 0.00103734439834 0.816390041494
575 168897.0 1.0 0.00103734439834 0.817427385892
576 169683.0 1.0 0.00103734439834 0.81846473029
577 169878.0 1.0 0.00103734439834 0.819502074689
578 170347.0 1.0 0.00103734439834 0.820539419087
579 170803.0 1.0 0.00103734439834 0.821576763485
580 170968.0 1.0 0.00103734439834 0.822614107884
581 171107.0 1.0 0.00103734439834 0.823651452282
582 171244.0 1.0 0.00103734439834 0.82468879668
583 171336.0 1.0 0.00103734439834 0.825726141079
584 172185.0 1.0 0.00103734439834 0.826763485477
585 172392.0 1.0 0.00103734439834 0.827800829876
586 173686.0 1.0 0.00103734439834 0.828838174274
587 173746.0 1.0 0.00103734439834 0.829875518672
588 174434.0 1.0 0.00103734439834 0.830912863071
589 175269.0 1.0 0.00103734439834 0.831950207469
590 175876.0 1.0 0.00103734439834 0.832987551867
591 176251.0 1.0 0.00103734439834 0.834024896266
592 176730.0 1.0 0.00103734439834 0.835062240664
593 177282.0 1.0 0.00103734439834 0.836099585062
594 177363.0 1.0 0.00103734439834 0.837136929461
595 177408.0 1.0 0.00103734439834 0.838174273859
596 177871.0 1.0 0.00103734439834 0.839211618257
597 178405.0 1.0 0.00103734439834 0.840248962656
598 178432.0 1.0 0.00103734439834 0.841286307054
599 178518.0 1.0 0.00103734439834 0.842323651452
600 179116.0 1.0 0.00103734439834 0.843360995851
601 180693.0 1.0 0.00103734439834 0.844398340249
602 182525.0 1.0 0.00103734439834 0.845435684647
603 184439.0 1.0 0.00103734439834 0.846473029046
604 184731.0 1.0 0.00103734439834 0.847510373444
605 184857.0 1.0 0.00103734439834 0.848547717842
606 185441.0 1.0 0.00103734439834 0.849585062241
607 186518.0 1.0 0.00103734439834 0.850622406639
608 186572.0 1.0 0.00103734439834 0.851659751037
609 188277.0 1.0 0.00103734439834 0.852697095436
610 188962.0 1.0 0.00103734439834 0.853734439834
611 189203.0 1.0 0.00103734439834 0.854771784232
612 189324.0 1.0 0.00103734439834 0.855809128631
613 189610.0 1.0 0.00103734439834 0.856846473029
614 190123.0 1.0 0.00103734439834 0.857883817427
615 191637.0 1.0 0.00103734439834 0.858921161826
616 192374.0 1.0 0.00103734439834 0.859958506224
617 192550.0 1.0 0.00103734439834 0.860995850622
618 193883.0 1.0 0.00103734439834 0.862033195021
619 194209.0 1.0 0.00103734439834 0.863070539419
620 194261.0 1.0 0.00103734439834 0.864107883817
621 194914.0 1.0 0.00103734439834 0.865145228216
622 195029.0 1.0 0.00103734439834 0.866182572614
623 195336.0 1.0 0.00103734439834 0.867219917012
624 195609.0 1.0 0.00103734439834 0.868257261411
625 195642.0 1.0 0.00103734439834 0.869294605809
626 195656.0 1.0 0.00103734439834 0.870331950207
627 196039.0 1.0 0.00103734439834 0.871369294606
628 197372.0 1.0 0.00103734439834 0.872406639004
629 197435.0 1.0 0.00103734439834 0.873443983402
630 198151.0 1.0 0.00103734439834 0.874481327801
631 198550.0 1.0 0.00103734439834 0.875518672199
632 198802.0 1.0 0.00103734439834 0.876556016598
633 199107.0 1.0 0.00103734439834 0.877593360996
634 199209.0 1.0 0.00103734439834 0.878630705394
635 200912.0 1.0 0.00103734439834 0.879668049793
636 200951.0 1.0 0.00103734439834 0.880705394191
637 201715.0 1.0 0.00103734439834 0.881742738589
638 201782.0 1.0 0.00103734439834 0.882780082988
639 202114.0 1.0 0.00103734439834 0.883817427386
640 202247.0 1.0 0.00103734439834 0.884854771784
641 202507.0 1.0 0.00103734439834 0.885892116183
642 202738.0 1.0 0.00103734439834 0.886929460581
643 203188.0 1.0 0.00103734439834 0.887966804979
644 203540.0 1.0 0.00103734439834 0.889004149378
645 203766.0 1.0 0.00103734439834 0.890041493776
646 204224.0 1.0 0.00103734439834 0.891078838174
647 204533.0 1.0 0.00103734439834 0.892116182573
648 204947.0 1.0 0.00103734439834 0.893153526971
649 205078.0 1.0 0.00103734439834 0.894190871369
650 205192.0 1.0 0.00103734439834 0.895228215768
651 205311.0 1.0 0.00103734439834 0.896265560166
652 205352.0 1.0 0.00103734439834 0.897302904564
653 205370.0 1.0 0.00103734439834 0.898340248963
654 205499.0 1.0 0.00103734439834 0.899377593361
655 205717.0 1.0 0.00103734439834 0.900414937759
656 206663.0 1.0 0.00103734439834 0.901452282158
657 207469.0 1.0 0.00103734439834 0.902489626556
658 208116.0 1.0 0.00103734439834 0.903526970954
659 208923.0 1.0 0.00103734439834 0.904564315353
660 209175.0 1.0 0.00103734439834 0.905601659751
661 209709.0 1.0 0.00103734439834 0.906639004149
662 209786.0 1.0 0.00103734439834 0.907676348548
663 210338.0 1.0 0.00103734439834 0.908713692946
664 211070.0 1.0 0.00103734439834 0.909751037344
665 211889.0 1.0 0.00103734439834 0.910788381743
666 213328.0 1.0 0.00103734439834 0.911825726141
667 213613.0 1.0 0.00103734439834 0.912863070539
668 213722.0 1.0 0.00103734439834 0.913900414938
669 216088.0 1.0 0.00103734439834 0.914937759336
670 216872.0 1.0 0.00103734439834 0.915975103734
671 218595.0 1.0 0.00103734439834 0.917012448133
672 219007.0 1.0 0.00103734439834 0.918049792531
673 219163.0 1.0 0.00103734439834 0.919087136929
674 219336.0 1.0 0.00103734439834 0.920124481328
675 221298.0 1.0 0.00103734439834 0.921161825726
676 221684.0 1.0 0.00103734439834 0.922199170124
677 222438.0 1.0 0.00103734439834 0.923236514523
678 222466.0 1.0 0.00103734439834 0.924273858921
679 222644.0 1.0 0.00103734439834 0.925311203319
680 223125.0 1.0 0.00103734439834 0.926348547718
681 223137.0 1.0 0.00103734439834 0.927385892116
682 223486.0 1.0 0.00103734439834 0.928423236515
683 223987.0 1.0 0.00103734439834 0.929460580913
684 224835.0 1.0 0.00103734439834 0.930497925311
685 225055.0 1.0 0.00103734439834 0.93153526971
686 225077.0 1.0 0.00103734439834 0.932572614108
687 225110.0 1.0 0.00103734439834 0.933609958506
688 225356.0 1.0 0.00103734439834 0.934647302905
689 226653.0 1.0 0.00103734439834 0.935684647303
690 227026.0 1.0 0.00103734439834 0.936721991701
691 228143.0 1.0 0.00103734439834 0.9377593361
692 228442.0 1.0 0.00103734439834 0.938796680498
693 229207.0 1.0 0.00103734439834 0.939834024896
694 229739.0 1.0 0.00103734439834 0.940871369295
695 229876.0 1.0 0.00103734439834 0.941908713693
696 229911.0 1.0 0.00103734439834 0.942946058091
697 230156.0 1.0 0.00103734439834 0.94398340249
698 230575.0 1.0 0.00103734439834 0.945020746888
699 230828.0 1.0 0.00103734439834 0.946058091286
700 238014.0 1.0 0.00103734439834 0.947095435685
701 241866.0 1.0 0.00103734439834 0.948132780083
702 246169.0 1.0 0.00103734439834 0.949170124481
703 247861.0 1.0 0.00103734439834 0.95020746888
704 253569.0 1.0 0.00103734439834 0.951244813278
705 253599.0 1.0 0.00103734439834 0.952282157676
706 264358.0 1.0 0.00103734439834 0.953319502075
707 265179.0 1.0 0.00103734439834 0.954356846473
708 273458.0 1.0 0.00103734439834 0.955394190871
709 276279.0 1.0 0.00103734439834 0.95643153527
710 277557.0 1.0 0.00103734439834 0.957468879668
711 290719.0 1.0 0.00103734439834 0.958506224066
712 298369.0 1.0 0.00103734439834 0.959543568465
713 301405.0 1.0 0.00103734439834 0.960580912863
714 306934.0 1.0 0.00103734439834 0.961618257261
715 309301.0 1.0 0.00103734439834 0.96265560166
716 314558.0 1.0 0.00103734439834 0.963692946058
717 317319.0 1.0 0.00103734439834 0.964730290456
718 317622.0 1.0 0.00103734439834 0.965767634855
719 324909.0 1.0 0.00103734439834 0.966804979253
720 336009.0 1.0 0.00103734439834 0.967842323651
721 344256.0 1.0 0.00103734439834 0.96887966805
722 347126.0 1.0 0.00103734439834 0.969917012448
723 366555.0 1.0 0.00103734439834 0.970954356846
724 371810.0 1.0 0.00103734439834 0.971991701245
725 377819.0 1.0 0.00103734439834 0.973029045643
726 378445.0 1.0 0.00103734439834 0.974066390041
727 386856.0 1.0 0.00103734439834 0.97510373444
728 396319.0 1.0 0.00103734439834 0.976141078838
729 401170.0 1.0 0.00103734439834 0.977178423237
730 402957.0 1.0 0.00103734439834 0.978215767635
731 408092.0 1.0 0.00103734439834 0.979253112033
732 408498.0 1.0 0.00103734439834 0.980290456432
733 431309.0 1.0 0.00103734439834 0.98132780083
734 435002.0 1.0 0.00103734439834 0.982365145228
735 435721.0 1.0 0.00103734439834 0.983402489627
736 436309.0 1.0 0.00103734439834 0.984439834025
737 443497.0 1.0 0.00103734439834 0.985477178423
738 446307.0 1.0 0.00103734439834 0.986514522822
739 450570.0 1.0 0.00103734439834 0.98755186722
740 451569.0 1.0 0.00103734439834 0.988589211618
741 457070.0 1.0 0.00103734439834 0.989626556017
742 469570.0 1.0 0.00103734439834 0.990663900415
743 483071.0 1.0 0.00103734439834 0.991701244813
744 539072.0 1.0 0.00103734439834 0.992738589212
745 595310.0 1.0 0.00103734439834 0.99377593361
746 597811.0 1.0 0.00103734439834 0.994813278008
747 601311.0 1.0 0.00103734439834 0.995850622407
748 603811.0 1.0 0.00103734439834 0.996887966805
749 656062.0 1.0 0.00103734439834 0.997925311203
750 661062.0 1.0 0.00103734439834 0.998962655602
751 664312.0 1.0 0.00103734439834 1.0
