nan 0.037037037037
nan 0.0740740740741
nan 0.111111111111
nan 0.148148148148
nan 0.185185185185
nan 0.222222222222
nan 0.259259259259
nan 0.296296296296
nan 0.333333333333
nan 0.37037037037
nan 0.407407407407
nan 0.444444444444
nan 0.481481481481
nan 0.518518518519
nan 0.555555555556
nan 0.592592592593
nan 0.62962962963
nan 0.666666666667
nan 0.703703703704
nan 0.740740740741
nan 0.777777777778
nan 0.814814814815
nan 0.851851851852
nan 0.888888888889
nan 0.925925925926
nan 0.962962962963
nan 1.0
