-0.595078102879
-0.819044022198
-0.108933225356
-0.241286325217
-0.214247680156
-0.105235025066
-0.00867977565731
-1.04865896252
-0.159752595441
-0.0883263186965
0.040129485737
-1.66768624041
0.603681904107
-0.872363585498
-0.29058494666
-4.47681923724
-0.14056854162
0.130942807122
-0.254127084164
-1.00809546502
-1.13689630661
0.274171885021
0.0979744887941
-0.39332171931
-0.335964788153
-0.82377829502
0.026113659238
0.125489643501
0.63163889564
-0.213955833947
-0.218589027003
0.0546804964539
-1.16442060727
-0.338284185317
-0.531246403745
-0.509741810362
0.230605847686
0.232600042375
-0.295827987291
-0.0378447705709
-0.409289204804
-0.759640146104
0.0293226116762
0.16127065395
0.0180986677385
0.270275372846
-1.24768100806
-0.682606597969
-0.826287462027
-0.599216993058
-0.23871905457
-0.368559224652
-0.367606350823
0.120056246311
-0.144344380006
-0.0138802542327
-0.68195650486
-0.21795152619