0.0689263803681
0.204404705882
1.24025791855
0.137861538462
0.125314984709
0.160290140845
0.455987012987
0.305138888889
0.145857594937
0.147753521127
0.0741807511737
0.852034700315
0.0
0.240833333333
0.12237527115
0.929131707317
0.0986451612903
2.72851359517
0.154619909502
0.157449152542
0.151879411765
0.0912939189189
0.0779085872576
0.153836363636
0.205479638009
0.271068965517
0.1422175
0.0885315614618
0.0
0.0322530864198
0.448167076167
0.0835257352941
0.446789090909
0.0875495495495
0.202287878788
0.106954954955
0.154894308943
0.1563125
0.217829396325
0.157959107807
0.202743781095
0.239095317726
0.1121
0.0984652777778
0.097472826087
0.0287567567568
0.187045731707
0.102882488479
0.758730046948
0.145936363636
0.172975265018
0.253427518428
0.0612068965517
0.136289002558
0.171450704225
0.101470588235
0.27049132948
0.211167064439