#2kb-http 2kb-quic 4kb-http 4kb-quic 8kb-http 8kb-quic 16kb-http 16kb-quic 32kb-http 32kb-quic 64kb-http 64kb-quic 128kb-http 128kb-quic 256kb-http 256kb-quic 512kb-http 512kb-quic
3394303.069470455 322640.0721597046 369938.2351659052 349679.81721813243 366489.40697468945 321694.6895567295 278615.06375534786 278122.726541904 268343.0821379275 270955.4394088204 265905.0468990884 261505.21666147377 273936.87508477666 273384.57961603475 270501.94445775147 271615.8345664141 256881.2282030296 258159.42802118984
3711474.0648299516 383017.4849188069 257617.39969026207 355034.6460003195 385140.3968437119 312194.75310476485 316637.7391650906 278683.799937029 270388.7988673427 282995.9303932171 267436.4690089751 276567.39511429536 244761.3721713905 244384.598111201 228268.89866599906 232176.7589460998 242620.6243032915 245310.11839342755
3477726.213417338 322937.47269156587 335904.0285097741 321905.0596093047 270301.54895228345 270121.5330876013 278180.8740544228 248653.8003773968 251320.03048336363 248508.4799088872 245537.5812208279 244278.59022190864 217596.31405188798 219227.89478368073 251521.90880495255 251938.54313607785 256047.1843833464 260140.69144902797
3445967.14151038 314764.895310307 242642.50369585722 354973.916204308 351094.03641337866 231733.3637048904 274066.00302634866 224591.84387000176 216972.3198964942 224168.66449049365 215455.7459936503 220370.24593148672 252578.4005529483 255160.04059668342 226858.23287816925 232144.4855871801 281091.77044347755 283543.83286006027
3622399.406242468 271260.80439612136 215610.78042030617 306952.66188626783 312356.0461028896 242850.83287554164 248555.17267000093 224736.1519135986 215198.62706974152 225918.35489814132 250649.94467264577 255927.92464399835 258983.2408598894 258988.67081830115 260115.64129562333 270330.737571156 257600.60427741564 260553.8304295538
3467074.598552243 278410.59675456287 331845.4674016403 305394.0665623552 239428.19642912966 277615.0548327883 263069.4875701218 259687.53526157452 251212.84396162024 259774.28126936808 253600.38273124324 259765.30790982032 234943.1654992681 231342.8886077612 271872.93080704234 268163.4181088596 277689.6275506635 278209.23205832444
3419939.997968535 389115.1313532874 400594.57428357424 322029.95000979595 367193.6381693065 289049.3527084207 260473.2164679031 263804.8624422023 264345.2477319635 261938.58329522592 222370.65039376446 236821.3919835701 272633.07188819005 283256.3234132259 279388.4935787441 291280.90277851577 273161.99753793253 273856.7843392877
2127819.643367335 324482.8667552415 258342.81997919883 357635.3017809418 383087.29404815903 287597.6546406809 292235.112090251 264093.0489317535 221429.33838343027 223853.72397250202 285367.7062419638 228920.54032699467 250508.49657072875 248823.03050040477 256636.69200264744 261772.52550208103 281589.1647463302 283172.8030319124
3101369.9877282297 322937.47269156587 239728.69217890067 392546.3510359356 368303.4751558922 252797.44794671948 256727.08081601883 226572.94405285508 222847.52974602746 228993.41420228462 275771.3907824776 297317.87920742534 300947.84009382996 295859.49685966066 252805.44842245305 253592.07074447494 344855.5633366612 343870.23873081896
3537500.089364769 281656.1698261657 230674.5859770535 319378.17479517794 324470.3446489973 253309.98567959588 256858.16339839896 255760.40446591016 292037.04368474544 306356.16956006153 231927.2540364148 236972.83449911117 273944.87709182233 284259.0625273216 260763.26041951182 299549.3050832603 302710.57044507924 302899.398801867
3344165.274031337 280640.8461591307 269533.69485516456 301906.00621244183 403222.7127026401 323423.2796580838 341156.1629830204 303812.67496456107 232311.63616417593 240660.76703494333 264039.6424904598 271724.3606875966 259151.93824485733 261933.39352451495 313263.57114948897 280825.46836796636 257712.3658140156 264627.4783693503
3663428.7492004456 381557.4648867794 403858.7602338957 376519.68421050406 404153.0503222747 350386.6757911533 273853.51420042815 240797.43395298658 240813.88320610923 237376.51285485254 312685.16566140077 319468.32377208176 251400.23178910185 252957.31284211308 269916.97618768614 280073.4471138988 319079.06747084163 323417.38931677485
3456488.032202428 324984.54477475904 326147.79873781523 326617.348906636 325135.3420372438 259937.5838229654 264452.4094049234 240938.6043446985 268463.20370887505 277617.54551796254 262591.85301521973 283408.80419521633 253682.8355334205 256357.77136648662 316965.67720628023 302472.7319175001 336472.6395280075 337896.4537208443
3248206.8224875 326346.8447233223 338514.6768728545 355490.82875641494 336562.32483837625 308815.821026461 307425.9259047176 273095.7714220485 317312.96503693465 328686.8748676873 253449.84416961437 266563.98205686384 313277.73588858714 317305.94724006264 321695.9165393171 299351.6331169843 299909.65645101864 306064.20909689175
3515527.8723017946 375290.1396319629 399555.2265970954 394149.4976284621 399771.77709082846 300850.0847570648 364041.0520061519 322371.2597939703 263519.50551652897 266269.16503474396 252058.5438489544 263871.2326532623 208006.235893372 210060.31382557488 307847.7341172892 337420.03653131565 294693.7748246142 306856.0747759282
3409637.698828729 380452.47763159196 444765.3422630149 388394.95090672665 470746.3180210566 351987.02297201724 356657.92936102557 321734.02483971004 262450.1718200896 273167.60539057164 247956.1051897204 253580.96949706043 314414.3496531829 317710.33967871853 309849.9065448419 298446.98297378386 248313.19392317437 250043.395087202
3379104.581323229 458051.8613230453 424743.8927217673 434873.72843495524 446806.2525207091 310548.7155559053 304270.527430437 273300.0829714894 259483.3145885293 270281.62025603896 251528.22719288114 255855.04758992238 286623.71723818814 289074.9520935905 275346.2267446492 326876.83025875693 266159.55689716124 268758.1881554472
3435508.8898371705 221589.71534040535 364343.0499030335 355216.9813673506 381800.0173261015 295164.11766534095 269636.8248139017 263546.87804211315 248018.70742165454 251876.23749075853 311041.83634783904 316779.03578015155 263664.18716702686 260200.49766636075 270233.9138907174 253713.5359412573 298201.65706249845 298554.10133136896
3339232.8396078553 381142.3332413128 368200.83684538276 356376.1282469178 383716.6824341776 286478.60072354483 298982.44048059784 273463.7522377676 245561.13946909874 256081.5766986745 205842.20844069606 253778.17681409954 313316.6124599269 322562.94942261436 320667.3388401768 324204.41938759014 287741.42298641225 300576.5104581412
3681300.6555768615 319258.8055863087 362810.2672643483 357851.16647810536 383699.175462759 298141.5877076397 288642.7653123827 260522.9787994711 251609.50737398834 262231.561028997 310897.70878479845 216216.4834914245 304356.59501729277 291755.1095860187 306945.172416819 306631.1619926366 308715.809900073 303817.65284700255
3430302.32281821 322541.0449730767 358228.78999039857 392472.1030045943 353336.69446715683 278374.1796934109 287493.072340397 264679.83684957126 308660.4595167284 321450.60716437007 291952.685682356 317161.9777554135 391871.8454819951 393994.84387068957 335804.017741451 353992.33684339933 313379.8209640605 302378.1664751867
3693311.515675807 325135.33910988615 370033.4670393289 352501.48628340155 364471.8040137827 295608.5313088605 292008.93533369387 255597.36358408537 207599.0637123792 230850.3829750057 282490.2689599633 288497.2335709759 293389.40859692346 298648.50087125285 302279.17410627473 314180.9188277235 348156.18723094155 353883.3464007511
3324522.4521351866 388827.23239052424 330396.1392884934 316963.2673581889 369338.8992942056 295725.1472393804 334064.4742830393 329234.343480741 207605.5965377084 213655.24091336946 255174.07313765498 259782.79806118776 304202.1556523401 300107.79677451507 309867.10632021603 292155.26356602274 314966.78628530086 315818.89187182044
3711475.481460955 323832.9962660651 330193.73564067506 392397.8744165337 471882.36787390796 353526.2600107295 321183.2757213163 215672.6399415015 314814.4616108354 320935.1436350662 315440.7813645386 321914.27873267734 377402.4226878803 380450.99261133745 256087.09782144424 297240.82971915475 228660.18868501336 237904.65465656747
3675324.4729727483 379353.90384384437 496716.96937784867 435375.5798269589 444844.187380318 351926.9333980051 216774.17700414773 215732.0769557755 281015.1818710362 291996.19234025356 287654.81259863795 307302.72086785943 244261.37396040774 244764.59087614334 245974.67525363935 254111.62691710296 256253.21533003633 259235.89423739185
3488443.478175268 471829.3879921062 314744.5253078072 386441.94722391135 301264.8231172288 238096.61203626925 320260.05201658304 325866.7530205607 270382.150100855 295210.6847744668 368926.31920845323 292384.91320651484 277317.7758829011 265650.07050679787 260296.5468699066 255425.60215725467 227216.6474086298 230885.91898833905
3651612.5240882053 272526.90060854435 313668.4389710772 284421.9030779857 299014.90193765954 349985.1465375066 320358.9351754062 294642.6963080625 256510.95359271954 266174.15709984954 386807.3814844346 395162.2138003265 319812.3365409971 324989.28088850586 265894.40722930164 270852.6590955183 250608.2376233542 249059.7512599083
3554159.0441679964 280079.9428484386 487893.1880163822 465873.36826507375 420336.94858614483 352152.3751561112 298316.23216638877 297560.00463867624 320426.2631657478 325938.65174049215 294360.1818468115 298825.49099922384 313689.41669608926 321904.1213086132 283133.21924550686 269499.94500103465 270657.45530363935 274363.7654808423
3565354.6352529824 459956.24904177705 443211.0273312405 428453.44031075365 402181.19330202386 320531.75675947603 269208.3160452358 263919.21390794683 286447.4781558404 315599.7005134811 294265.33253568003 298775.1273262904 323463.6157343295 312279.26458204247 287209.9705621641 308736.1013252783 363200.36453539255 340658.5338442331
3651612.5240882053 377311.07215196325 404806.61472374934 390147.5905563875 401489.82509160077 290423.69463660556 268964.06512729026 283055.2538340464 286417.630322234 299422.5552324396 372595.2410150128 316192.63397286244 344519.0274207703 358262.660942393 302041.145197028 321830.33335830306 350543.7543752195 338590.74641152855
3379104.581323229 382877.9673160055 401078.9641804645 391620.2650323246 366265.8971852098 287838.5927960356 327765.6018396126 328615.6921270043 389382.72544810874 405733.14580651687 304937.2067042959 381336.3719439528 318687.4804115116 330193.240465498 279352.200790779 262765.47131746286 314646.9006070265 327428.9089850475
3587956.107596553 387322.6545933943 397199.7049371742 358500.341349511 381678.69853755215 352137.33321881876 298428.8484587888 298662.83916815306 294524.70628163 321904.5753467456 240159.3928180244 244355.94421274943 298889.04072915047 305483.5944132019 320208.26325048786 314405.076641192 253039.698058011 274489.58278763853
3440728.8511239383 381142.3332413128 501395.3453838713 431303.26671655435 445527.76495879825 367616.2469642775 302623.1838588897 297737.85073167726 291796.78236408 306510.6548939177 252338.0984711439 256658.9841630966 309355.8405909915 295613.3784315796 278290.51415058714 320712.76032325014 281795.51926231093 257215.96281996046
3693311.515675807 374154.4920457338 445592.64795914805 482165.6727942577 404580.888872248 318366.08606174245 409698.9137255072 411674.84739362326 291825.1794366324 306401.9264838482 320413.4243603936 328490.43936319934 300066.73733729316 340921.676797929 412034.2741244272 352168.48211764824 142324.29053341504 142835.58370491417
2608295.359707041 369809.97948771936 403405.3649710581 385150.80885581014 402123.48387563456 446865.0056543539 418783.5840827689 305523.54667208286 374897.70824896154 389757.047376687 320062.5007374635 322485.6439545783 253171.14739501209 256189.98309398108 349403.23831044027 335182.6758335817 135322.05894487564 129596.51485189918
3414781.6775762294 323783.1140327874 499016.3229978909 379723.66755320836 530205.5774313489 435742.97247461707 314860.12422887573 309160.6656415194 370842.98348997347 390058.1111979 297810.5695246873 325558.8866171288 244816.14087498418 250664.28606360193 300287.7411651201 371879.0243677332 260956.1782707149 261260.2018870829
3687296.3047214565 450879.4403850186 490613.2739205542 535760.3872238679 445338.98606308806 336324.3336646408 304504.93420653493 304037.4332927288 238994.02980864522 250224.89216598918 299966.69731203327 305768.4417258298 259713.28482338972 255737.80075936846 324652.8099914676 323864.4364153418 243117.46726354223 248812.15570410198
3599363.30943112 480347.3718543919 446746.7811285122 389269.3022283297 425011.37348527974 336009.12889305624 303375.30433592136 383148.81889007415 251811.19316688745 262061.97248087125 351829.1606169293 358168.28572078876 271494.8034853603 270080.38950808096 227567.0049697169 261918.6993702913 240587.16356523722 245370.0410710947
3610845.958231586 385334.54886970005 444078.2745544734 435604.0772026049 423044.0251968795 337978.5263382869 389174.1096434144 382293.4364756177 300147.41207404854 261206.9173497314 323120.09196782735 330593.13335642917 267121.05798373325 269327.06750143174 243554.02731986815 220096.2480312845 268185.2578992669 291352.56146924774
3451218.9562956365 381557.4487607548 403254.4681383575 392249.5273383888 445527.76495879825 425599.99672674364 252440.61859441697 248883.4375620169 320280.0325385956 333638.2761560055 301058.57905706 324268.07195807877 269641.92196887016 271226.16127923917 251618.39763463262 263613.76062224957 253268.42913095828 250792.05950907644
3440730.068612159 384770.27828747453 553956.8416915218 381363.72084337496 559377.2819682698 446647.16275352414 248532.846714508 260580.79431279394 320152.5787906445 320988.49932063435 287529.0249389768 307237.94539691595 318325.8616282526 321233.81287289987 231571.96053595506 250029.7995717887 342519.31994670373 319604.04853616346
501550.71486814454 477185.01548453275 650180.9433366675 481885.73239957035 337630.0062236642 278703.48548675474 268437.8178275264 256458.65897381626 302753.55661215767 321095.2632006293 288007.60380611767 293403.77181574167 287316.20098178316 289627.25078860193 241696.4685330055 223035.23566362422 281638.0029221264 316599.20203587477
3461773.221611665 470561.8716617967 396177.87620186736 304051.57691542094 349823.17439941294 272549.99077308824 334219.1613966072 334731.52634173346 302684.1019109951 315196.61932769575 338146.8852017874 346812.9543337591 327936.4159326369 331288.5759508693 237210.99282313985 246229.78252658143 227600.78107203246 247989.71613498157
3229671.9772018604 324833.87856070144 337984.0147353074 326232.2142838461 365374.58870811644 264032.53300243366 338071.4795950766 327718.1938180368 355418.8305654307 367805.9161447445 251249.50330753115 255518.15774347686 254203.97880390246 257111.26055762183 253071.00418437505 284809.61098149535 247496.865633605 242217.17983991996
3399399.659823916 382668.84083455184 358616.0995137995 385795.2977819964 348792.8304385393 310338.33885028015 341612.4779291369 331184.3997780545 323391.8646807665 342327.02636803756 250953.1970070633 254654.09279640406 286219.43556114065 289077.5013951165 270521.1896245368 277564.88160982844 217065.67806249313 220557.25676352344
3430303.532938838 325235.9542454468 445869.0901553903 358067.2991129072 447543.5118577869 363403.99245005264 309500.7268584624 314971.64332224365 322721.0913600029 334263.45586931007 241361.84262913 255160.31428633118 320993.0270394335 324125.70807196933 382465.8334163692 261392.5583857675 261332.19602358458 277682.51209402655
3548588.2213072814 480237.6019514155 445638.6889149707 433194.15128455317 447257.8339575054 367027.1963521437 314937.7738370894 309381.76515848 299907.2592905707 315718.09200929635 253182.44466799157 246325.2692184531 326030.0030666243 329400.26833866036 328327.20338825864 354552.86725743033 204546.37629742207 204691.54404574668
3364041.5933586876 437825.4315449571 311673.28996246826 431392.9354389904 446071.40721212217 351431.97962831106 371511.69222966325 374072.7271835187 286246.1270759477 298117.18347545766 257449.04096294544 261816.28031617287 269897.45997705427 270832.3437744082 365398.54265142133 330923.55688209593 214052.45429777278 232090.72158769408
3419939.997968535 472890.8794917849 488833.472277316 432471.8650855599 422045.97670961963 348535.43850669067 372604.0308803647 342343.65495013614 286761.25408747065 300466.86158071616 267408.19075904315 272928.51716351154 415508.87079515745 419725.93791917973 318621.27757061366 386834.0685312283 243929.7304319651 228557.48000313286
3445967.14151038 382808.23850711924 492293.63488109753 436658.25109643413 496897.35070163815 402813.73887124733 334724.57458197494 329306.891665072 339386.76859111787 352605.6275962504 264665.63063433254 268871.7723509136 333689.1601156081 336986.9139986217 300676.2758257304 317617.9861667669 188748.14807512678 215815.03777765992
2704898.165991263 382181.82025271014 368043.69975109416 350033.7331143044 384242.75403225975 310338.33885028015 283085.79044699715 283636.4269948022 270032.41818384145 271215.150492863 270702.105478955 269458.29813805624 270738.4318747427 273519.1601919714 272149.8700904349 272141.8874147204 255687.4574803156 256673.91637219605
407194.23037912993 389043.1292245856 401004.3737723261 393364.928673822 386059.96494752256 312301.16782165505 287508.00948701904 278991.22581749526 272691.1980374387 281936.0932293735 276720.74602590065 276372.78350218065 241778.35716596842 244256.6793680823 230154.6224663621 225076.35598895748 243486.51998013476 247273.75619413925
345596.0892038127 326498.91803880216 336270.76125310274 356284.34111376404 337833.4942519888 270493.6854574018 274170.1071097711 249249.47694368198 249342.34382460595 248775.94025809 239767.06286793813 244439.72402383844 219727.4368870081 219343.77692592912 249712.3229335227 254456.87721550683 257734.90709063565 260742.99798531906
347879.5224576383 313684.5230683361 364035.45528802514 321979.98571222974 337914.9625858032 279146.91926371225 251126.97794536682 224004.25139974643 225499.91462434956 224708.8704507945 215111.77129537222 219473.59266972574 252352.16671290775 255316.53908133865 229296.72444417982 231231.4086677785 282095.60483767174 287433.05396006536
348361.2920515293 327925.10946915665 312690.35011298786 304363.7701310779 310889.26003561204 244819.19204445573 248883.09159446578 225454.2956574928 215527.66244941868 224518.2737544774 249910.68247090935 254636.2976104167 258954.1244744324 259433.43979011534 261989.71258959512 251479.19061301867 257288.9947513329 259972.373763231
3409638.8944133963 320524.5447870576 298863.3268499971 356284.34111376404 362273.25596583757 299288.61773289123 289105.2210785634 264228.88402677746 252178.89922477756 262064.06484137118 251389.74912034636 258925.46962418372 234904.0719855567 233743.8010459133 271038.4839429619 282918.70241380617 277582.7869679582 280780.2927588628
3520995.297814651 320720.16699122277 256117.8405767274 350063.26646723953 367193.64190299204 277465.59455267014 263759.13628019666 268151.04812127264 255683.7996216823 262304.90740769467 238121.62306801282 224377.74521225522 271961.02368338784 278475.7706622125 281461.7102102437 272168.44125439913 274704.53236232116 276516.13631342567
346389.231929745 380728.13604630873 368830.72931878944 328999.52113009134 366809.18029197585 287637.7853210171 296303.5675445761 264245.8723738741 217030.85198448625 224278.94956355364 222326.28905911415 254647.17192057305 251184.27185421475 250512.48012443245 258501.28330766442 257464.70904181164 281695.481249311 283979.0340265892
411038.48714798526 320818.0790651238 370860.9253000921 356651.77362386155 352403.704121602 224772.39305371867 257037.12858516237 230606.2899010641 223002.7109313988 232605.76860253772 292022.7035231345 296032.3513485081 303463.8658658829 299380.12988016306 250841.8377610922 256987.01830961733 345071.32599424163 346459.54405055725
347186.0111574471 281429.9167337248 338010.50277277804 300942.7121703853 311361.27943773556 259888.43078123408 256834.32100299653 302649.26216469385 295170.4261878367 306387.62643475184 231969.8011816113 236900.93946866284 274435.04499359557 281075.3689838934 268942.4847289641 245389.1271009516 303071.24083239445 303978.6380464685
344964.1976546649 322838.2744324847 311448.1773531476 434463.99307436077 332135.09501346207 322512.51512803626 334360.5240520058 306978.39531944273 234153.71767827368 241802.52374642208 265804.00524152536 271914.7333929537 258531.39829400936 261773.9066564637 307860.377325441 309770.8970698631 257465.43031543872 263207.5902745917
3537500.089364769 388971.1369788276 445684.76083712955 391435.5805326437 350523.20186707133 322941.9595516802 269772.65760478715 242925.3298110492 234037.4203402809 241088.54551285593 312422.19499810785 321492.99078415637 251417.56303675138 253221.096991729 272179.232719653 266106.98273036844 318718.0450021753 323445.9181853242
3374068.619509959 325790.4642565254 316500.29057434946 330940.98817112646 269746.5503979107 261852.5910973713 274637.28570542875 237187.6265278625 266491.6178862594 278057.33427297685 280561.6952738599 267307.0418656269 253882.9844659159 255819.62476392696 314700.8409719151 315167.33801347035 336867.8901903137 338472.93927019165
2676122.439763063 384137.42761505046 331666.7937648452 321182.5677188758 270041.10942042683 310314.98397304513 310426.7176036968 277414.0200766668 314904.6267004099 326922.31114999333 262368.6720046253 260521.59134948673 313874.6508375093 317738.8245682274 313631.6852271245 350613.9756103877 299605.5762216891 305509.07299617934
344649.1114986935 380039.7776356631 371244.0819943132 355917.66490275157 299547.5436314664 298865.5712592862 357210.48348553194 327672.4674765213 264184.34021691914 266331.821655441 258259.00146426307 263915.8250698153 208340.2759616937 210343.02429501878 314092.01205455104 295672.4914347442 294031.4815160587 306214.70842710254
3026738.4742256748 375625.4465666363 448279.4514876932 435421.2494858354 347452.3760571586 366195.9343064375 358003.9239371697 326877.5729563672 262158.14537443465 273074.4272187239 247531.38698270838 253282.30947407268 314033.060932171 316997.58025653596 303725.1074742503 329192.27369006426 248284.0431639466 250274.0946910622
3711475.481460955 384770.27828747453 447071.01661297923 433646.8237471497 364282.3107094026 348756.55813850346 303886.21481693664 272823.8324904095 258122.82882082908 266890.545829594 250364.58273421126 255186.1246907522 286567.4118803411 289114.4688717811 285105.12063317763 255573.24142418252 266084.88847711927 268829.1506961414
3359050.395792743 381211.4725209373 371276.04001615744 359743.4172039001 312274.83601236733 297560.62282344897 274238.0443845016 273213.78142936144 247594.2412380037 258018.11133776442 311306.90835886693 318240.7027494047 262920.7453094515 261069.78742325635 264871.9263682903 287054.624727172 298483.5275142869 298696.62307243526
3305110.16057636 314670.6536076097 404464.8749900139 251606.64690132957 299793.1963522845 287778.3227568708 298487.872540107 268971.4979602176 245738.59369621874 258430.50459211602 238045.76072613947 209879.7826092605 314293.9218338676 322998.36444432806 319892.4108056453 324014.918051373 287295.2326086896 299954.57868013857
3520995.297814651 318774.6362971807 371244.0819943132 349209.022896731 300833.66120116535 286687.7593558044 287478.1379048643 259621.91463892255 249946.95689028988 262265.08566998807 224808.87836337675 276294.7830200638 303345.370946552 292322.2683854768 303318.83959020814 318320.5495020503 308995.5256728789 304146.1449424039
3414781.6775762294 324482.8667552415 336822.3673596831 390257.6660245177 287119.2466805056 286249.86958239676 283802.03320914466 255724.59678180996 311643.7705906617 325292.6078032566 309807.8572061745 315953.5059824601 392101.23147920426 394827.64867273124 338897.1845494333 334936.9087384454 314249.8859986422 303167.7007404513
3599364.641771675 365438.1215987225 371596.0051275713 356070.36200900626 289053.9070241151 263290.6556905864 288186.7894414696 258922.6646286804 207170.08891421746 232841.7288442205 284503.38593661564 288357.71785436786 293357.94176133676 299229.1473626765 301869.8159920292 304566.40525480406 348803.54106610926 353323.91750017897
3430303.532938838 326448.1993843132 371467.9559072352 357358.1346201405 296452.99915304384 289282.58146555524 356191.1314484077 327992.8170489598 207460.6589718458 215242.66683343705 256096.3735792167 259819.8440724709 304499.18478945014 299827.82317220967 306373.1099969217 319345.23267765925 315345.8964934539 315613.58604381763
3369048.813080929 325840.9552023158 369020.1101784491 382382.7436305116 364867.2119141393 355799.1062804891 356137.64022619824 215743.4020063513 311458.38215853815 323197.80985958874 315466.5094669739 324163.9030427192 377442.56720246735 379126.5981108252 261416.71713515633 254463.79178629367 228395.6315733835 237159.7136581049
3409637.698828729 470351.3052396168 489721.74954081065 431707.0593412474 350903.5528985423 365384.61514384235 238571.53145402807 212780.5530561781 284328.9371657026 295346.1589843955 293767.060850517 289446.97451460914 243816.83195031187 244859.65944257987 246984.0331308465 247495.31344276352 256155.85037520397 259968.37806059243
3374068.619509959 618417.1747081944 310797.17595176614 302632.53605237236 240050.24920023544 236302.15459830614 355580.782922057 322017.6304514935 268292.8809253746 295487.0765067039 286241.03210365144 294912.95257660066 276839.44622976775 269206.52782609075 259429.9230327998 263726.4486411848 226707.72283733013 230396.9234779179
3675324.4729727483 278779.84439415287 294817.446836929 293909.34950580704 239776.4203337681 349896.0419898562 354578.270972033 298711.6823353853 258001.6894400422 266524.295400136 388175.2165651612 394672.3944013661 321552.7798108394 324349.3942016157 266338.1624418542 268602.1317796895 250608.1178822321 249489.4531681395
3022696.4638483077 280378.81661013863 497749.05684107536 387995.52245937433 365438.11050451256 350714.5289719918 322593.808932227 293181.8590240868 317774.5659927123 328515.80909447593 292857.7155728798 297747.07110963314 313970.72899419314 320221.83783952135 279313.2412856245 288484.0722898575 270593.2243614376 275046.80336503446
3349112.301566647 382877.9510781691 490501.6558984457 265957.44953395 336158.6438745834 322853.45045164094 293703.44872465584 268857.12452077115 287308.26479782606 318472.01767139946 292611.39835333714 299929.58004980034 321451.2193189843 315077.34753416124 289606.75549849076 288880.7358492592 363088.48042263224 342859.0858132406
3389221.738486559 383646.6478290997 446700.5109358405 385401.1957350044 335153.66697052424 322109.37434846413 294109.311188475 297953.70876681583 287100.70481124875 301081.4825167887 331204.3195718899 364824.12629382254 345519.0947232999 354905.67544111825 310861.3433727823 302265.95715090155 351082.251385029 339544.73872954166
3430303.532938838 380246.0236603614 400929.8024232702 354186.2237862344 287955.0671286334 283066.14787857287 364889.22121494525 334384.28086803574 385334.2840071737 399685.8335921323 373719.7485499556 380685.6765795726 319264.0561472371 328166.1766198111 275961.66681802 283612.7636668871 314344.9952361151 326255.4148617269
3663430.129392041 324884.07341599866 399851.63481057365 326488.8637201651 381297.89969430777 349184.8390940702 328121.9122536066 292706.8115592683 294682.58099684893 346936.83404311223 238939.3394884903 243580.98333390662 299351.7730485243 305772.80935943156 319742.70633889124 323825.2380863103 252551.9735776435 274690.4687260991
3193228.656398259 374354.4135336846 446053.58275231445 483682.988928957 382268.7001647598 368965.0547427151 336747.9407083906 298072.5648440436 291580.1101131596 306742.675247849 252872.81155367574 257471.02063355068 307731.61325653153 300021.278659199 284832.4304385262 280683.8752118804 282357.4124900467 258086.23677142864
3622400.755691686 470667.23785723874 446145.88631740917 479990.73735842196 321394.4433403231 323562.87876151677 408841.2758317428 400531.14964294847 297491.81517889776 303492.3394337398 319471.57194537873 327080.06072460965 305061.66759943747 333468.9655065174 413046.8664897602 417110.10464477574 142304.21118275967 142831.26486659417
3409637.698828729 379148.62419694115 439775.61776052543 389342.3432771686 336145.2044149635 299614.8533702113 436696.0403876737 309399.23124846653 372207.1774640135 390847.71252482256 316741.4928969017 322989.04369207507 253270.29064846362 255558.37075495665 342762.8545180038 351862.2397027818 135509.41657859474 129796.47205274767
3404511.578386732 474492.10234730603 556746.2830324753 551275.2187202263 469589.5027951706 464327.9476697296 341471.9418596943 302576.8454537768 370918.046738254 386198.37679484714 319903.66839290527 327640.4651232851 245290.45679527178 250274.3670639726 312045.586195612 305833.2263191828 260930.08448325662 261507.5094124417
3651612.5240882053 902145.9046881299 642240.0825245555 546340.1887614093 350114.5104513279 348285.18228080525 342309.8335225419 313889.1013618908 238914.40070408073 249986.6716414803 299476.22502193897 305672.96873363503 260224.44829184422 256460.55599333468 341528.6924165211 333396.06230285275 243126.03192245468 248715.26081642727
3435507.676041131 608569.7758315455 446330.6080994168 379654.19863774796 350202.01033021737 338103.2412711421 334414.4079520637 391311.5927056138 254143.26301416405 260839.50570623434 353624.8256633133 357851.7219663434 270470.1553751926 270556.84854420915 234974.75268721956 232494.4203731688 240503.98420670003 245257.22247935424
3699346.3843318676 466903.5927646249 446515.48290881544 381083.569855277 350041.6301069213 337356.2970931576 417488.1816279512 387895.23574135214 320550.82049278024 264124.37326677487 323331.4156658284 330789.86927777604 267581.63589473086 269901.941327805 234907.6394435743 242270.57981865993 267382.1926235613 291076.63779697753
2936446.870101307 382112.34475154395 399296.22966471524 383939.31398988643 351402.179896649 424745.0297909171 283167.87851535116 252054.58362407057 320856.39519101614 334375.8274833328 310469.05830402265 313233.0467245959 269357.5753677235 272125.0646130933 253052.45328732475 254481.07988621108 253314.29832401453 250829.1304524848
3281159.901071932 464222.588972333 492574.81912809314 474937.0594763192 441619.8348567788 438011.25730854284 272760.1329307008 259490.7728336862 320965.67030232475 334856.8166519785 301086.15018036024 305396.86089283624 317925.0241394165 321485.0482114293 235132.06140082324 235557.29243941247 344148.91208392766 319283.52046992286
3693312.918475821 470456.57714734937 563071.2903326943 539732.0936047637 288964.49669794505 277148.5227467001 293334.98268778645 260341.44172494084 303101.3087849797 331572.24870360125 288338.50028172036 293460.21871473297 286706.9644822539 289989.14160837 236667.91149115912 240488.2406784442 280595.9801077004 316083.1404315877
3451218.9562956365 460762.8187222579 337825.13667585765 356009.26318019774 288607.41937157494 277297.6437120356 362119.3607933217 335120.4790548346 300319.57609742164 312362.0102181411 338683.3415578998 347422.8386478485 328002.778029529 331424.2240722658 230343.35261395664 235249.15142831067 227092.00432636004 247579.30442136832
3675324.4729727483 323583.75027708674 338302.2134155351 328817.0463537746 300178.5075784172 297517.6782589322 365983.2442980912 334826.9756983033 352023.9917330846 369046.54756452027 250276.9097194081 257587.30117911627 254203.4866108202 257282.27739313303 257106.7383008716 257228.03922176047 247205.9449326141 242362.9490567535
3419941.200789092 384981.6757252568 368862.2731734008 351784.3532793822 266438.50801757636 367354.2117376413 372086.2468500061 328340.02377007087 324081.3522223663 352745.83547765354 250003.8022954877 254690.67937163828 286663.7699406894 285626.222545279 280219.25206318335 279592.3198752222 217647.2785055929 220559.01949751386
3717569.9048774005 382668.8570546563 445869.0901553903 477945.4109718283 384067.2393539858 361064.89223728585 332872.1526893576 315824.8636858419 324227.88833419996 316531.0142484379 245915.92481619344 251591.84383381833 321728.49736376095 325721.4823030724 360350.73358710407 370384.4963285041 261121.04027388565 278027.78560517554
3430302.32281821 381696.03775213525 439955.1115140729 479547.0171096888 367017.3323584848 366228.45838624827 349671.41180101986 314869.08325218223 300631.6133257559 314354.39639039943 241297.18387901466 246146.86033020832 325982.2422489587 329966.4063353305 330081.9411792647 332866.15276099864 205010.5650561168 204553.63806083135
3414781.6775762294 380039.7776356631 447627.9560157211 435787.03720845375 381990.82338564907 366651.84331746295 371262.43920242565 373673.0848545309 287608.8834698412 297784.5116875189 257200.3020362946 262964.61109189095 268974.0511078331 271379.4038139908 354716.7668372828 358877.7064787919 213792.4512747033 231744.9331373116
3634028.3837123215 471829.4126512178 443028.8675872069 432336.70251896366 366186.14202845714 346368.71649254847 408660.11974208994 335031.69185812585 294703.6432164012 298450.5993873428 268009.84750295884 272170.86060064967 415656.2043068074 419457.4088439661 325098.54119283915 329084.02435021213 244242.09911784588 228697.0421933513
3440730.068612159 462791.70886061544 403669.7305413999 434145.8351982843 421517.01839751936 378118.12094712746 371769.6055998653 341270.5013808254 337194.0870826546 355423.4487402949 264547.4331674588 269615.58063199406 333944.63665844995 336773.139772816 306408.1751991454 310139.50365091965 188338.98761970116 215347.22287372188
3220483.6512296307 382320.84707464685 403896.59798901144 391398.66281471716 298855.47465177835 311017.23660556827 283646.86263661215 267910.6912911584 265776.58177266206 270524.43315749156 269827.85166518437 277079.1175724376 269473.1226382263 269816.41450518515 271930.4155152648 272540.45748621895 256750.45267962702 256419.861450111
3599363.30943112 387679.8175981918 405873.4899972349 357912.8920304772 384717.4529025373 299582.1975517551 310513.8126775634 278872.9040129922 274739.9198541611 283059.3834048458 276164.03588388296 257702.67405863086 247410.75202117715 243721.42305806937 229176.7484401132 228888.68517266563 243682.9008445642 247086.03839654042
397891.0355105604 326245.5411898481 364466.23334475677 326283.51308070164 350187.4211501281 268101.5706240021 273957.45583526185 247705.8687090368 253094.14047975637 250205.8181194716 240449.20806639257 244971.054983043 217459.35785183142 217432.47054249124 250963.24919717532 253880.34117763527 257065.67178311152 260438.7799108932
410889.3061027111 327312.3753186602 336769.7610300381 327674.69285704085 351637.32520897745 205451.46429460644 253334.35149536715 251049.92244043294 219826.72434496434 224364.80236993785 215188.50634338424 219032.38526538823 252317.24823345634 252308.5034618674 229756.35642586392 227732.0682779585 282731.83204670274 287044.2398462009
293416.2748178876 386823.707361099 342113.6134538427 306205.2669579492 312170.49123547017 244536.04610561836 225229.62575468107 223809.06989185011 217258.1409213819 223132.4056998428 250154.08021932203 254568.10645449773 256210.1044379368 255706.88105595062 262639.6101026198 258535.26267688518 257247.73088097884 260068.3074884192
299233.4085979253 276724.59681361023 314583.79318564304 334299.9839678078 338064.4111614466 279269.8194083309 265607.50049526524 260049.03862672712 260926.31399139998 263158.7381587692 253421.51627667522 257736.09079962724 224084.52025406723 229451.19787927458 269590.53089821694 276577.61051021994 278440.70739358175 280380.0185847692
3374069.7902802364 323484.14305074356 402764.79489301896 358996.5393712791 355277.61005345907 286797.43946877815 288417.10197360447 259548.13202196345 253537.69018418426 266312.37283878 222358.6185320771 226497.64498722844 288090.40539351775 283798.26125024003 281830.27150322776 279521.678895678 274531.27397370635 276271.5168664058
3419938.7951488234 318919.73281852243 404768.61512715986 362129.13905527565 353054.7979289873 289506.0199331411 269663.10353269044 264940.04619915626 243831.22157721527 231781.20525744656 264482.522940501 298355.1821330169 243209.34821037514 248256.31588609918 258428.20586119418 259134.43958643067 282800.88836175436 284147.69890511676
3339232.8396078553 375759.7277834457 239475.73072017508 354186.23082433356 351769.72401491634 254994.12349091627 238153.98684940248 233336.17286873597 222951.46218706385 230354.62388066176 291089.3107244745 276364.6323240236 288920.2846123642 295660.70290563226 250962.28901048668 254028.66009145518 346135.9266397053 346607.2621168628
3419939.997968535 320377.9960379399 211923.13259287993 320834.94379898463 262454.7389813239 251180.36125250958 234935.32674600955 230709.85466610204 291693.56526969705 303663.6136714044 232156.53881375951 236317.9779361436 285708.6899669402 284164.8119702505 270789.51115441363 262925.9385343981 303595.23263600474 303914.1530375319
343342.43675540714 322096.2255638695 213804.04459602654 368725.0104691042 349895.9637956972 321795.12183426536 304159.03263302345 303593.8527642619 230564.37080513086 242338.10552512293 266119.207736433 270567.60990623105 259754.3917415069 262136.56278011782 305576.2939054678 315021.9325653951 256810.41683038123 263381.84448583226
3785953.8302765545 456361.2763402055 273882.11425947945 393290.3706899053 445504.1581577489 266990.4503236124 241711.68142467932 240776.27171694444 234112.16951072955 242302.32602064847 311236.17836977245 319698.7791344909 251279.94101181044 253146.791013543 274311.84696936666 273278.43444024964 318587.75822483795 323061.89908179385
3229671.9772018604 320573.43934550334 226007.65250406557 299228.49233287305 338772.71546779084 261114.62798703357 242085.30832252465 239925.85799570102 264133.5681883059 277906.66136854404 262399.0358280789 266843.77307820786 253769.13552689008 256095.417491641 313195.8844187864 320754.7399907871 336625.961862878 338674.0695386601
3504643.802702349 377989.5565010576 228984.12235405517 301686.5374159827 275473.4307010312 298833.07856023486 284171.2450504796 276494.827570411 311484.8529108086 328446.7746865846 254337.07097772375 256658.983929262 313210.473005155 316446.01259499753 312565.6733038852 320714.3293846381 299201.20752347936 305911.5375131624
2496141.34082841 471511.8691757153 244513.75191858524 359587.55423485267 400228.48418448976 290249.91171584866 328635.0588289313 321872.6132822148 297824.8895778499 272754.46832709404 255372.2826511221 257048.24256409437 208594.16209401263 210294.44781033052 315610.5494356655 314321.7805481735 293061.3695748164 306114.7761239379
3414781.6775762294 323334.87608947087 251018.74562310104 430140.9667549306 457080.7308303708 348226.34987661254 334340.3220660067 321702.5452414729 261219.7378818125 275467.0422133872 248599.21207784823 253510.4025733589 314317.24768757756 317228.415622461 302932.5437820978 308478.57232907607 248412.80475549836 250258.56609846483
3711475.481460955 458551.4853971403 292775.66695201385 431437.7837833782 446521.50924567645 299277.7578912988 278587.0114270615 273809.91987114685 258795.19238727094 268715.00110063696 250484.7563873257 255142.44782099777 286554.2770444881 289423.9640580471 287799.4413990694 286203.29820150754 265996.77154830244 268838.661118016
3414780.478382224 350859.62372655806 254410.28864381145 354397.950724486 383524.15283936774 299104.0671298152 269549.2626661507 273327.3466943116 247916.18158863872 257924.8461340194 309768.4498441205 316681.1507912835 257950.30781696062 261458.64283979769 263338.98766458186 267626.39274594066 298532.62509112415 298832.97933073936
3300292.1781256585 375424.1967890162 247375.36221389656 383761.79307242064 302261.2078657201 300182.01578156103 272352.9214181682 267640.25843459915 249714.21221413894 259398.58527586958 205888.61551484064 210644.8029353515 318691.348326668 322017.1659423562 320239.92184672283 323397.8730954045 286652.8943514789 299881.1556781672
3354073.987072553 323235.43357312656 239795.35064773972 358129.10645110474 360425.24034656835 299364.6764106777 260706.37702935882 260151.92318883524 251596.07305165462 262041.05071335586 311218.5007226334 315154.9803080057 289493.6452392838 291341.5392191603 301902.1207749704 305782.5795090471 309128.6502839291 304398.10516219493
3394303.069470455 382251.3372072109 241582.16230483475 354155.9977306662 365342.8360903929 287828.5433073974 255832.9488346855 256362.67314961526 311223.2869065712 321617.54357412405 299793.0041161039 302918.76401418564 392390.68726486526 394607.8359159157 338717.36116398807 342387.4934602832 314946.7388565478 303531.3308969644
3645732.266590681 381142.3332413128 238034.77648383006 358407.4568863668 351710.86817496305 299397.2848221869 261383.67639168166 262700.3536358192 314574.2731419601 225839.07851323468 283977.4903186162 289126.72653090145 295607.6517066074 298962.39682870277 302238.0838145401 305954.5618967918 349010.80358763924 353445.85855206486
3414781.6775762294 384981.6921420211 255692.59778389244 359525.25700979494 367145.53966666164 285882.680822701 322437.1676796408 328287.56917700195 207417.6083856243 213873.81163297745 256370.9665328109 260992.22487261874 296245.3178114249 299283.10097452486 305316.7014114972 306998.79981523287 315810.51583059767 315609.7866611299
3651613.8953906656 326397.5200857829 253856.11502694528 322806.47494492505 421115.89718177315 368026.42238980776 328057.0706579212 321954.56345528335 314808.45239403413 324922.2905580993 315342.4485986187 322791.9427183565 376579.71882733615 380787.9613691057 262550.24849447387 267133.6921611573 228099.1448079245 237264.13025204037
3477726.213417338 382320.84707464685 308749.81716396275 432877.860336147 470772.675798321 238303.0362562184 216181.37279386242 215732.0769557755 286998.2855191011 292600.0875826287 286242.27849523706 291361.4579313359 242465.99117964192 245276.91308990816 247138.2818080337 249762.33525270762 256030.56126492872 259817.2760335777
3681300.6555768615 463710.56106493337 311223.384463738 288354.64297907136 302044.04113908444 231200.58406255895 322124.34109165316 315661.12347480067 283473.7026222905 295234.58306541486 329903.1658321592 340313.48406657384 268278.2295093895 264977.43811709346 259177.48623662489 261551.35263900505 227314.03691537323 230368.07468546528
2940259.5783781987 272420.94888603844 197634.98127037642 284929.6288498863 311719.1261976184 353253.6506156721 334751.5730594363 327385.3397242864 257636.94160210498 268580.8738907394 388411.39583818323 392544.2268168765 321378.8274770161 323631.3287977002 266575.22130360565 269297.88427175366 250809.32300827437 249316.0194632416
3014646.6131034335 279038.88380357414 310349.7892517707 393215.84096391976 447210.24996703083 351881.87967967335 303863.96536849905 293276.00644493895 316275.45753522083 330813.6547528577 293035.21630766726 298787.3762241614 317182.298278795 321800.6326351132 278477.49246154894 277874.33557049884 270651.58946238767 275017.5182110462
3669367.662257476 456262.2173519327 291213.61404579354 393700.7810285151 402104.25257280923 325298.8283152263 264229.32379321125 264203.40411843924 316536.47515270434 309204.63884018234 295408.90384441905 300165.66281521943 314445.2241871429 313207.16845909227 290117.8663828512 295432.29224193085 363023.8956534256 342820.5295447525
3389220.557177508 462181.1847441046 274527.27805596625 393476.80998227315 420947.23027373734 289049.35506749066 273939.374048125 264590.37511974963 284179.5102546 300910.3491745188 374522.25637740525 381396.241179491 349432.02996407513 353497.3124064399 312584.29326582386 326032.21774824505 351538.272307176 339351.1384345354
406828.3747511348 372959.5562581603 272256.598191583 356376.1282469178 367225.7170636033 289567.0182595737 326682.0159818212 334970.251842731 387953.8482156157 400852.43476484774 373202.18406192586 380802.8140621922 323402.26380142017 329258.00369563996 275056.69150799833 274258.8890920741 314197.1770111395 326616.7511577149
3071914.0321236877 382738.5188652805 242328.8751078317 359774.5972988658 471036.4098570085 353283.9197848809 304103.3152217309 293014.6340508602 388694.4540351864 300128.9280428001 240450.08736426986 244482.54633503896 300531.75051316206 305942.60383731424 320019.2234701323 322584.61385762616 252393.378848143 274826.52473656926
3349112.301566647 378057.57241261593 309970.52201667184 428188.18650204974 467474.7073020395 368833.03090082464 298305.51111901563 297549.2327638348 294666.7852352176 306130.4429724391 250967.5645525692 256872.07508190602 301048.5909814771 298076.879390615 285894.8639325032 296575.80495497794 282596.86579318385 258120.66708150346
410219.23407806933 476968.4560809399 312260.11700227845 433646.81319686037 424496.39132212085 322575.5975070335 409891.1148725037 397836.4526293767 296571.6909881474 305862.29097149725 319835.20139337424 325696.2961255339 317935.8027763592 338908.27313892054 411909.42324371747 416396.6916462275 142230.08252065143 142876.25578484347
3414781.6775762294 385334.54886970005 273551.98676119326 394186.93612626905 420336.94858614483 416885.7437386596 327752.6611299943 409837.70088068215 330193.40113811847 391103.8562488224 319836.7567903147 325562.118100379 252858.11125581438 255808.1464406189 341726.6468552325 336667.9121411163 135692.62466652907 129996.91831798716
3059459.26601214 382529.56085523375 272669.7855384786 550470.892290177 528871.5567267743 440091.7982105256 302375.1405002059 309918.3684996902 375696.2089830707 391318.34314942657 308340.52368841186 317782.7737199095 246429.50314514292 250571.8396495116 313704.43657564453 335333.99757271627 261887.7974904405 261523.55234650298
3554160.3432530644 611757.8425972732 335120.8529898589 536452.9472895319 421538.1514681346 336997.8332431137 303330.95817727497 309649.83299642865 240970.45687877023 249889.6076208208 301315.18661612214 305778.4203584219 256665.90426000254 256240.04614310025 341394.9251764376 344355.2400619297 243206.8625676929 248538.7781649776
3467074.598552243 469930.6883116052 291568.05890311464 476628.00359821884 442316.799092557 288210.828720571 304086.60527558083 308818.0043439763 250991.10437477828 261487.8424108781 352307.9805056648 359580.0666359949 270597.2554176188 270393.38160166924 235996.26161621587 247947.24832870657 240558.36420894193 245065.10763369384
3554160.3432530644 378329.73832332937 288930.57677007647 387524.5101789213 444585.45113994373 353087.2663771793 390244.47530016885 391936.67660928215 251440.72437080537 264275.36239969346 322932.8330623942 329154.7691493428 266682.6458938709 269743.7036801038 233769.2192500942 225471.77516740706 266952.97404782363 290537.78502460895
3548588.2213072814 380659.1719625025 294133.6997480792 390956.1927533277 442526.3191733169 425117.28434385516 249047.37704338817 252128.03544616498 323830.0001488979 331853.84422055096 300532.93591519573 305992.3957036444 269466.4854895838 271704.42321738246 253815.52367447675 258622.98546817733 253487.0379982164 251150.150075338
3409638.8944133963 379490.896430461 271896.08562858973 476847.05628420546 531244.0796555313 425578.03635585145 256913.81503289714 251903.95173831307 323280.9323175018 331978.0323897896 294402.35682803136 305512.08266123367 317685.7743289987 321000.2569641584 235495.28492077065 243311.26025115445 344378.487661433 320071.49271000136
3472393.477506483 476968.48128014064 370160.5290308773 540787.073718387 349852.28652342653 269028.7421062713 269369.93997029914 259065.47925280646 322500.22003612417 317947.5752930714 287430.9871008204 293594.20272273297 287824.5122098407 289709.1573787587 235366.41385078532 226753.64365344986 280895.16972707736 314042.3799487585
3379103.4070562953 469510.8474116221 228935.4924913508 327545.38062903454 351872.7751472392 277876.99977153173 335217.97857875336 333427.9870629976 300019.10107625666 309624.6545660007 340465.0825518228 344981.56515682273 328656.3613919901 331981.37650681206 228547.48536668092 232624.37015162918 226880.6111079059 246887.21265289592
3515527.8723017946 317378.83582398493 243423.28320063933 317788.4978916516 349416.1161763277 299451.64796371816 335028.5571988833 334670.19477271126 351371.5045837626 369092.1968232636 251852.90157549063 255927.92464399835 254020.03292691612 256695.01267183197 257824.5458442385 268148.060301077 247481.68444226857 242623.8004036641
3472393.477506483 274807.1630562393 258002.75385104647 320463.32324736146 366345.69080725766 367141.58682186843 331628.6764175229 335524.0341289284 347558.0845936423 334208.9990771053 251384.94355412922 256589.70527425176 286349.9057248236 289036.72063567623 279771.9273405529 297886.843894323 217985.57862715283 220163.3010368869
3389220.557177508 384067.2393539858 243574.53872461073 431886.7701723133 447758.008503836 352634.2807260704 316167.3678955636 333238.73375954933 320084.2307315601 336922.6031425005 239614.15674006677 249543.4554225499 320768.73072695325 325015.0577785532 355244.6113003604 305214.8436341276 260827.1881893409 276777.84360571834
3389221.738486559 478815.5006549489 292557.1611607146 432201.624412019 445338.98606308806 364980.3040796859 315950.74459120963 303420.14450585627 299110.42162235145 314990.9312653252 245765.18260096206 243968.7557124035 325277.9814653369 329122.47045522666 330026.30270305905 336386.2977618437 205308.36414296314 204386.19706602616
3276411.4418398407 577631.2170031504 308926.77785498026 548433.9986160622 446142.4156173989 349658.65152697824 371686.3679957329 365750.00939276296 288456.4933973526 298071.15983984794 257070.58489012302 261842.4096063162 268935.48326929536 271315.39145964774 352944.5000944386 337505.16491175134 213656.332929135 230556.98826201115
3639870.9168150867 599201.8353129359 303940.2271097748 433194.15128455317 425894.02979951527 335981.7442373942 364953.3949751167 363791.2723408623 288522.0951850505 299956.1349514123 268069.9440195218 273921.286928333 415047.81471914076 418134.5663344779 327029.86708144424 352709.9613287565 244680.76172371375 229961.2173169943
3414781.6775762294 467943.0120661942 311583.2037828022 386082.4217956339 497809.3521048042 385958.34005206753 335292.45555209764 330372.39599739044 337919.51784793386 349322.06729062827 264544.2400797258 268517.343278833 333947.1849268749 336612.3389223233 307150.7176387343 316276.6685661065 188237.39676764418 213789.8585082807
