106.461538462
116.509433962
73.0650154799
114.977973568
117.791411043
122.033898305
105.685618729
107.276995305
110.909090909
117.411764706
100.715990453
93.7106918239
52.2727272727
89.1050583658
113.465783664
98.0295566502
102.830188679
88.2217090069
122.935779817
132.294617564
115.044247788
119.322033898
88.3116883117
133.13253012
146.818181818
104.142011834
105.140186916
88.7290167866
60.0682593857
94.9152542373
117.733990148
77.3333333333
113.469387755
134.389140271
130.943396226
123.981900452
92.6931106472
111.98156682
105.263157895
131.343283582
102.050113895
94.8073701843
102.736842105
83.7438423645
128.608923885
58.5956416465
124.770642202
98.1707317073
127.058823529
110.106382979
100.273972603
119.704433498
109.510086455
112.307692308
112.705882353
115.129151292
103.141361257
115.789473684