#"Interval start" "All packets"
0 2432
1 0
2 0
3 0
4 768
5 72192
6 973576
7 2.05242e+06
8 2.28269e+06
9 2.31538e+06
10 2.05707e+06
11 1.86674e+06
12 1.81849e+06
13 1.63058e+06
14 1.92652e+06
15 2.48854e+06
16 1.63203e+06
17 2.30051e+06
18 2.6851e+06
19 2.24415e+06
20 2.22504e+06
21 1.93137e+06
22 2.18468e+06
23 2.63778e+06
24 1.81422e+06
25 2.6483e+06
26 2.42411e+06
27 2.21582e+06
28 2.70166e+06
29 2.49666e+06
30 2.99915e+06
31 2.51806e+06
32 2.54354e+06
33 3.18086e+06
34 1.9292e+06
35 2.11209e+06
36 2.74802e+06
37 2.7618e+06
38 2.58022e+06
39 3.03806e+06
40 2.52993e+06
41 2.59033e+06
42 2.47878e+06
43 2.915e+06
44 1.96293e+06
45 2.15286e+06
46 2.08437e+06
47 2.22064e+06
48 2.30412e+06
49 2.28178e+06
50 2.06694e+06
51 2.70586e+06
52 2.44886e+06
53 2.7854e+06
54 2.17019e+06
55 2.20246e+06
56 2.75249e+06
57 2.76721e+06
58 2.29525e+06
59 3.2041e+06
60 2.84569e+06
61 3.23951e+06
62 2.49538e+06
63 2.92596e+06
64 2.0393e+06
65 1.86634e+06
66 1.86944e+06
67 2.29456e+06
68 2.16971e+06
69 2.1601e+06
70 1.74451e+06
71 1.87146e+06
72 2.26658e+06
73 1.90414e+06
74 2.40789e+06
75 1.92934e+06
76 2.5332e+06
77 2.08634e+06
78 3.26506e+06
79 2.55835e+06
80 2.80606e+06
81 3.36289e+06
82 2.72876e+06
83 2.39457e+06
84 2.43158e+06
85 2.25964e+06
86 1.73586e+06
87 2.13637e+06
88 2.68814e+06
89 1.11925e+06
90 1.33562e+06
91 980600
92 1.31209e+06
93 1.05054e+06
94 702472
95 943000
96 1.33636e+06
97 1.94429e+06
98 1.88739e+06
99 2.29604e+06
100 2.06539e+06
101 2.30157e+06
102 1.90591e+06
103 2.23183e+06
104 1.975e+06
105 2.1226e+06
106 2.41965e+06
107 2.22534e+06
108 1.86336e+06
109 2.33344e+06
110 2.05094e+06
111 2.14303e+06
112 3.09488e+06
113 3.59366e+06
114 2.14917e+06
115 2.17383e+06
116 682776
117 1.71647e+06
118 1.78025e+06
119 2.27614e+06
120 2.00599e+06
121 1.9833e+06
122 1.82572e+06
123 1.07692e+06
124 1.5646e+06
125 1.85549e+06
126 2.34677e+06
127 1.83818e+06
128 1.36105e+06
129 2.15831e+06
130 2.12233e+06
131 855680
132 1.21765e+06
133 1.37994e+06
134 2.06772e+06
135 2.25829e+06
136 1.79546e+06
137 1.5877e+06
138 1.58738e+06
139 1.10059e+06
140 1.02814e+06
141 1.2248e+06
142 1.18077e+06
143 1.04792e+06
144 1.1197e+06
145 1.01488e+06
146 591784
147 461312
148 530160
149 538808
150 760192
151 734256
152 359944
153 551496
154 485536
155 613976
156 403104
157 1.71746e+06
158 1.94429e+06
159 1.96871e+06
160 2.6174e+06
161 2.13641e+06
162 1.92248e+06
163 2.02999e+06
164 2.1538e+06
165 2.03163e+06
166 2.07842e+06
167 2.09359e+06
168 2.15822e+06
169 2.61308e+06
170 2.2168e+06
171 2.20386e+06
172 2.02089e+06
173 2.16382e+06
174 2.09071e+06
175 1.97397e+06
176 2.55982e+06
177 2.58694e+06
178 2.1597e+06
179 2.137e+06
180 2.49868e+06
181 1.93898e+06
182 1.82704e+06
183 2.19894e+06
184 1.89879e+06
185 1.66043e+06
186 1.95678e+06
187 2.55966e+06
188 2.25401e+06
189 2.59681e+06
190 1.05824e+06
191 2.22142e+06
192 2.09983e+06
193 2.51946e+06
194 2.3092e+06
195 2.09813e+06
196 2.06291e+06
197 1.88775e+06
198 2.13164e+06
199 2.07354e+06
200 2.20687e+06
201 2.56702e+06
202 2.22182e+06
203 2.145e+06
204 2.14036e+06
205 2.61233e+06
206 2.11631e+06
207 1.65292e+06
208 2.08525e+06
209 2.12415e+06
210 2.42934e+06
211 2.09305e+06
212 2.03907e+06
213 2.09625e+06
214 2.59987e+06
215 2.30293e+06
216 1.6721e+06
217 1.72404e+06
218 2.31552e+06
219 2.59361e+06
220 1.43319e+06
221 2.24293e+06
222 2.08858e+06
223 2.02189e+06
224 2.28445e+06
225 2.629e+06
226 2.37453e+06
227 2.33966e+06
228 2.24653e+06
229 1.96839e+06
230 1.94739e+06
231 2.15486e+06
232 2.04467e+06
233 1.8463e+06
234 1.33853e+06
235 1.36359e+06
236 502336
237 1.38133e+06
238 1.31979e+06
239 1.44545e+06
240 1.08429e+06
241 1.16906e+06
242 970096
243 1.94449e+06
244 2.08359e+06
245 2.41367e+06
246 1.78489e+06
247 2.19858e+06
248 2.46408e+06
249 2.44775e+06
250 2.34355e+06
251 1.9705e+06
252 1.98465e+06
253 1.92671e+06
254 1.91327e+06
255 2.02028e+06
256 1.88447e+06
257 2.29042e+06
258 2.49189e+06
259 1.9099e+06
260 1.48698e+06
261 1.86884e+06
262 1.66354e+06
263 1.65249e+06
264 1.64444e+06
265 1.57586e+06
266 1.10376e+06
267 904008
268 1.19674e+06
269 883112
270 1.29911e+06
271 1.05444e+06
272 768072
273 767904
274 780584
275 841760
276 687608
277 984600
278 1.10545e+06
279 1.04849e+06
280 835712
281 915936
282 1.10222e+06
283 1.07246e+06
284 1.15329e+06
285 1.58261e+06
286 910272
287 836648
288 1.12782e+06
289 1.79262e+06
290 1.65215e+06
291 1.56987e+06
292 1.0661e+06
293 1.83274e+06
294 1.56187e+06
295 1.22142e+06
296 1.55245e+06
297 1.33498e+06
298 1.63516e+06
299 1.26593e+06
300 1.18666e+06
301 1.00148e+06
302 1.45085e+06
303 1.57359e+06
304 1.28843e+06
305 1.5016e+06
306 1.29978e+06
307 1.12504e+06
308 2.27495e+06
309 2.75597e+06
310 1.63624e+06
311 1.84614e+06
312 2.33864e+06
313 2.64598e+06
314 2.14242e+06
315 2.23534e+06
316 2.44621e+06
317 2.54106e+06
318 1.83271e+06
319 1.46078e+06
320 2.67494e+06
321 1.9475e+06
322 2.3029e+06
323 2.67471e+06
324 2.72997e+06
325 2.72903e+06
326 1.88254e+06
327 2.06625e+06
328 2.27422e+06
329 2.06515e+06
330 2.04156e+06
331 1.87509e+06
332 2.15621e+06
333 2.16007e+06
334 1.93951e+06
335 2.48995e+06
336 2.00562e+06
337 2.31059e+06
338 2.37959e+06
339 2.23716e+06
340 2.22863e+06
341 2.15175e+06
342 2.17966e+06
343 2.6454e+06
344 1.81196e+06
345 2.66647e+06
346 2.42398e+06
347 1.97398e+06
348 2.70396e+06
349 2.48395e+06
350 3.31568e+06
351 2.52984e+06
352 2.54437e+06
353 3.18739e+06
354 2.0699e+06
355 2.19322e+06
356 2.7667e+06
357 905992
358 0
359 0
360 0
361 0
362 0
363 1.60762e+06
364 2.16513e+06
365 2.1599e+06
366 2.08994e+06
367 2.22497e+06
368 2.32002e+06
369 2.28938e+06
370 2.29318e+06
371 2.70738e+06
372 2.46214e+06
373 351344
374 1152
375 0
376 0
377 0
378 1152
379 905312
380 2.84982e+06
381 3.25857e+06
382 2.49732e+06
383 2.94548e+06
384 2.25816e+06
385 1.881e+06
386 1.87498e+06
387 2.29529e+06
388 2.17605e+06
389 2.14135e+06
390 1.9655e+06
391 1.881e+06
392 2.25694e+06
393 1.85859e+06
394 2.16986e+06
395 2.14538e+06
396 2.54426e+06
397 2.10102e+06
398 3.27235e+06
399 2.84869e+06
400 2.81578e+06
401 3.37026e+06
402 2.41295e+06
403 2.68374e+06
404 2.42507e+06
405 2.27126e+06
406 1.7342e+06
407 2.14882e+06
408 2.68907e+06
409 1.13366e+06
410 1.464e+06
411 893512
412 1.32602e+06
413 1.05582e+06
414 687760
415 951440
416 1.33155e+06
417 1.96139e+06
418 1.8887e+06
419 2.55667e+06
420 2.06054e+06
421 2.301e+06
422 1.72557e+06
423 2.23425e+06
424 1.97774e+06
425 2.11118e+06
426 2.67752e+06
427 2.22965e+06
428 1.87738e+06
429 2.32951e+06
430 2.06645e+06
431 2.35986e+06
432 3.09811e+06
433 747472
434 0
435 0
436 2112
437 0
438 0
439 0
440 0
441 0
442 0
443 960
444 480
445 480
446 0
447 0
448 0
449 0
450 0
451 0
452 0
453 0
454 1.21261e+06
455 2.24858e+06
456 1.80644e+06
457 1.5865e+06
458 1.5973e+06
459 1.46654e+06
460 1.02818e+06
461 1.22817e+06
462 1.17598e+06
463 1.05088e+06
464 1.13436e+06
465 1.01826e+06
466 592856
467 457712
468 530704
469 550760
470 746896
471 739952
472 366576
473 540848
474 477536
475 630680
476 423760
477 1.72742e+06
478 1.95454e+06
479 65832
480 0
481 0
482 0
483 0
484 0
485 1592
486 1.1027e+06
487 2.09018e+06
488 2.16429e+06
489 2.59926e+06
490 2.20756e+06
491 2.21877e+06
492 2.00399e+06
493 2.15108e+06
494 2.37041e+06
495 928880
496 2.54646e+06
497 2.58695e+06
498 2.16039e+06
499 1.76482e+06
500 2.4965e+06
501 1.94892e+06
502 1.83562e+06
503 2.20553e+06
504 1.90596e+06
505 1.90622e+06
506 1.97286e+06
507 2.57546e+06
508 2.27458e+06
509 2.58456e+06
510 162160
511 960
512 0
513 0
514 0
515 0
516 0
517 960
518 0
519 0
520 0
521 0
522 0
523 0
524 0
525 0
526 0
527 960
528 0
529 0
530 0
531 0
532 0
533 960
534 0
535 0
536 0
537 0
538 0
539 864
540 0
541 0
542 0
543 0
544 0
545 0
546 0
547 0
548 0
549 0
550 0
551 0
552 0
553 0
554 0
555 0
556 0
557 0
558 0
559 0
560 528888
561 1.12135e+06
562 0
563 0
564 0
565 0
566 0
567 960
568 0
569 1536
570 1152
571 0
572 1152
573 0
574 4496
575 1152
576 1.52402e+06
577 2.2793e+06
578 2.48576e+06
579 1.90309e+06
580 1.49203e+06
581 1.86241e+06
582 1.6559e+06
583 1.65819e+06
584 1.62061e+06
585 1.57161e+06
586 1.10734e+06
587 901472
588 1.18727e+06
589 881920
590 1.29743e+06
591 1.01659e+06
592 0
593 0
594 0
595 0
596 0
597 0
598 0
599 0
600 740104
601 899912
602 1.09591e+06
603 1.05422e+06
604 1.15899e+06
605 1.57581e+06
606 977424
607 831144
608 1.12129e+06
609 1.80626e+06
610 1.63299e+06
611 1.57634e+06
612 1.08626e+06
613 1.83162e+06
614 52072
615 0
616 1.3799e+06
617 1.33288e+06
618 1.62347e+06
619 1.26207e+06
620 1.31086e+06
621 1.02666e+06
622 755472
623 0
624 1.00662e+06
625 1.49003e+06
626 1.28094e+06
627 1.30316e+06
628 2.28052e+06
629 1.16275e+06
630 0
631 0
632 960
633 0
634 0
635 0
636 0
637 0
638 0
639 960
640 0
641 0
642 0
643 0
644 0
645 0
646 0
647 0
648 0
649 0
650 0
651 0
652 0
653 0
654 0
655 0
656 0
657 0
658 744
659 0
660 0
661 0
662 0
663 0
664 0
665 0
666 0
667 0
668 0
669 0
670 0
671 0
672 0
673 0
674 0
675 0
676 0
677 0
678 0
679 0
680 0
681 0
682 0
683 0
684 0
685 0
686 0
687 0
688 0
689 0
690 888512
691 2.70663e+06
692 2.44282e+06
693 2.78367e+06
694 2.16429e+06
695 2.43517e+06
696 2.74548e+06
697 2.77881e+06
698 2.28997e+06
699 3.52858e+06
700 1.49643e+06
701 0
702 0
703 0
704 0
705 0
706 0
707 0
708 0
709 0
710 0
711 0
712 0
713 0
714 0
715 0
716 0
717 0
718 0
719 0
720 0
721 0
722 0
723 0
724 0
725 1592
726 1592
727 1592
728 1592
729 744
730 124344
731 986040
732 1.31401e+06
733 1.05995e+06
734 681232
735 953016
736 1.32486e+06
737 1.93575e+06
738 1.88214e+06
739 2.29391e+06
740 2.06907e+06
741 2.2893e+06
742 1.91446e+06
743 1.15883e+06
744 0
745 0
746 0
747 0
748 0
749 0
750 0
751 960
752 0
753 0
754 758632
755 2.35593e+06
756 2.18762e+06
757 1.87433e+06
758 1.77973e+06
759 2.28194e+06
760 1.98975e+06
761 1.99139e+06
762 1.82702e+06
763 1.7824e+06
764 2.58012e+06
765 2.08865e+06
766 2.11924e+06
767 1.84602e+06
768 1.37142e+06
769 2.15961e+06
770 2.11976e+06
771 1.5355e+06
772 1152
773 0
774 1152
775 0
776 4304
777 1152
778 0
779 2304
780 0
781 0
782 0
783 1152
784 0
785 0
786 0
787 960
788 0
789 0
790 0
791 960
792 0
793 0
794 0
795 0
796 0
797 0
798 0
799 0
800 1704
801 0
802 0
803 960
804 0
805 0
806 0
807 480
808 480
809 0
810 0
811 0
812 0
813 0
814 0
815 0
816 0
817 0
818 0
819 0
820 0
821 0
822 0
823 0
824 0
825 0
826 0
827 0
828 0
829 0
830 0
831 0
832 0
833 0
834 0
835 960
836 0
837 0
838 0
839 0
840 0
841 960
842 0
843 0
844 0
845 1592
846 1592
847 1592
848 1592
849 0
850 0
851 0
852 0
853 0
854 0
855 0
856 0
857 0
858 0
859 0
860 0
861 0
862 0
863 0
864 0
865 0
866 0
867 0
868 0
869 1.07562e+06
870 1.93405e+06
871 2.16063e+06
872 2.03973e+06
873 1.84139e+06
874 1.32523e+06
875 1.36974e+06
876 510568
877 1.35547e+06
878 1.32457e+06
879 1.42868e+06
880 1.20628e+06
881 488
882 0
883 0
884 0
885 0
886 0
887 0
888 0
889 0
890 0
891 0
892 0
893 0
894 0
895 0
896 0
897 0
898 0
899 0
900 936
901 1.85597e+06
902 1.65805e+06
903 1.65438e+06
904 927128
905 0
906 0
907 0
908 0
909 737584
910 1.26954e+06
911 1.04784e+06
912 775648
913 766992
914 766000
915 850832
916 696632
917 973992
918 968696
919 1.02603e+06
920 848080
921 898056
922 1.09765e+06
923 1.07225e+06
924 1.15842e+06
925 1.57658e+06
926 955904
927 840224
928 1.02806e+06
929 1.79066e+06
930 1.81328e+06
931 1.4099e+06
932 1.07456e+06
933 1.83498e+06
934 1.57349e+06
935 1.3375e+06
936 704080
937 0
938 0
939 0
940 0
941 0
942 0
943 0
944 960
945 0
946 0
947 0
948 0
949 0
950 0
951 0
952 0
953 0
954 0
955 0
956 0
957 0
958 0
959 0
960 960
961 0
962 384
963 0
964 0
965 2352
966 1592
967 1592
968 1592
969 0
970 0
971 0
972 0
973 0
974 0
975 0
976 0
977 0
978 0
979 0
980 0
981 0
982 0
983 0
984 0
985 0
986 0
987 0
988 0
989 0
990 0
991 0
992 0
993 960
994 0
995 0
996 0
997 0
998 0
999 0
1000 0
1001 0
1002 0
1003 0
1004 0
1005 0
1006 0
1007 0
1008 0
1009 0
1010 0
1011 0
1012 0
1013 0
1014 0
1015 0
1016 0
1017 0
1018 0
1019 0
1020 0
1021 0
1022 0
1023 0
1024 0
1025 0
1026 0
1027 0
1028 0
1029 786272
1030 1.94414e+06
1031 1.87146e+06
1032 2.23478e+06
1033 1.9054e+06
1034 2.41685e+06
1035 2.14335e+06
1036 2.51566e+06
1037 2.10159e+06
1038 3.24469e+06
1039 2.84716e+06
1040 2.7981e+06
1041 173832
1042 0
1043 0
1044 0
1045 1.85393e+06
1046 1.73838e+06
1047 2.14041e+06
1048 2.68263e+06
1049 1.13094e+06
1050 1.46222e+06
1051 998088
1052 1.32508e+06
1053 1.04673e+06
1054 696736
1055 951568
1056 1.31518e+06
1057 1.94285e+06
1058 1.88622e+06
1059 2.55071e+06
1060 1.15866e+06
1061 6200
1062 1152
1063 0
1064 1152
1065 0
1066 0
1067 0
1068 1152
1069 0
1070 0
1071 0
1072 0
1073 0
1074 0
1075 0
1076 960
1077 0
1078 0
1079 0
1080 0
1081 0
1082 0
1083 0
1084 0
1085 1592
1086 1592
1087 1592
1088 1592
1089 0
1090 744
1091 0
1092 960
1093 0
1094 0
1095 0
1096 0
1097 0
1098 0
1099 0
1100 0
1101 0
1102 0
1103 0
1104 0
1105 0
1106 0
1107 0
1108 0
1109 0
1110 0
1111 0
1112 0
1113 0
1114 0
1115 0
1116 0
1117 0
1118 0
1119 0
1120 0
1121 0
1122 0
1123 0
1124 0
1125 0
1126 960
1127 0
1128 0
1129 0
1130 0
1131 0
1132 4304
1133 1152
1134 0
1135 1152
1136 0
1137 0
1138 0
1139 1152
1140 0
1141 0
1142 0
1143 0
1144 0
1145 0
1146 0
1147 960
1148 0
1149 0
1150 0
1151 0
1152 0
1153 0
1154 0
1155 0
1156 0
1157 0
1158 0
1159 0
1160 0
1161 0
1162 0
1163 960
1164 0
1165 0
1166 0
1167 0
1168 0
1169 319352
1170 2.43078e+06
1171 2.0908e+06
1172 2.04011e+06
1173 2.07901e+06
1174 2.59042e+06
1175 2.3105e+06
1176 1.66898e+06
1177 1.94901e+06
1178 2.31237e+06
1179 2.58197e+06
1180 1.4483e+06
1181 2.23904e+06
1182 62840
1183 0
1184 1152
1185 0
1186 0
1187 0
1188 0
1189 0
1190 0
1191 0
1192 1344
1193 614992
1194 1.32602e+06
1195 1.36474e+06
1196 513408
1197 1.34715e+06
1198 28456
1199 0
1200 0
1201 0
1202 0
1203 0
1204 0
1205 1592
1206 1592
1207 1592
1208 2552
1209 0
1210 0
1211 0
1212 0
1213 0
1214 0
1215 0
1216 0
1217 0
1218 0
1219 0
1220 0
1221 0
1222 0
1223 0
1224 0
1225 0
1226 0
1227 744
1228 0
1229 0
1230 0
1231 584
1232 5416
1233 1152
1234 0
1235 1152
1236 0
1237 0
1238 0
1239 1152
1240 0
1241 960
1242 0
1243 0
1244 0
1245 0
1246 0
1247 960
1248 0
1249 0
1250 0
1251 0
1252 0
1253 0
1254 0
1255 0
1256 0
1257 0
1258 0
1259 0
1260 0
1261 0
1262 0
1263 960
1264 0
1265 0
1266 0
1267 0
1268 0
1269 0
1270 0
1271 0
1272 0
1273 0
1274 0
1275 0
1276 0
1277 0
1278 0
1279 0
1280 0
1281 0
1282 0
1283 0
1284 0
1285 0
1286 0
1287 0
1288 0
1289 0
1290 0
1291 0
1292 0
1293 0
1294 0
1295 0
1296 960
1297 0
1298 0
1299 0
1300 0
1301 0
1302 0
1303 0
1304 0
1305 0
1306 0
1307 0
1308 0
1309 0
1310 0
1311 0
1312 0
1313 0
1314 0
1315 0
1316 0
1317 0
1318 0
1319 0
1320 0
1321 0
1322 0
1323 0
1324 0
1325 1592
1326 931704
1327 2.21556e+06
1328 2.30981e+06
1329 2.27918e+06
1330 2.27743e+06
1331 2.71308e+06
1332 2.43042e+06
1333 2.80792e+06
1334 2.15676e+06
1335 2.43107e+06
1336 2.65196e+06
1337 2.58062e+06
1338 2.30117e+06
1339 3.5207e+06
1340 1.1922e+06
1341 1152
1342 0
1343 1152
1344 0
1345 0
1346 0
1347 1152
1348 0
1349 0
1350 0
1351 0
1352 0
1353 0
1354 0
1355 960
1356 0
1357 0
1358 0
1359 0
1360 0
1361 0
1362 0
1363 0
1364 0
1365 0
1366 0
1367 0
1368 0
1369 744
1370 0
1371 960
1372 0
1373 0
1374 0
1375 0
1376 0
1377 0
1378 0
1379 0
1380 0
1381 0
1382 0
1383 0
1384 0
1385 0
1386 0
1387 0
1388 0
1389 0
1390 0
1391 0
1392 0
1393 0
1394 0
1395 0
1396 0
1397 0
1398 0
1399 0
1400 0
1401 0
1402 0
1403 0
1404 0
1405 960
1406 0
1407 0
1408 0
1409 0
1410 0
1411 0
1412 0
1413 0
1414 0
1415 0
1416 0
1417 0
1418 0
1419 0
1420 0
1421 0
1422 0
1423 0
1424 0
1425 0
1426 0
1427 0
1428 0
1429 0
1430 0
1431 0
1432 0
1433 0
1434 0
1435 0
1436 0
1437 0
1438 0
1439 0
1440 0
1441 0
1442 0
1443 0
1444 0
1445 1592
1446 1592
1447 1592
1448 1592
1449 0
1450 0
1451 0
1452 0
1453 0
1454 0
1455 0
1456 0
1457 0
1458 0
1459 0
1460 0
1461 0
1462 0
1463 0
1464 0
1465 0
1466 0
1467 0
1468 0
1469 0
1470 0
1471 0
1472 0
1473 0
1474 0
1475 0
1476 0
1477 0
1478 0
1479 54792
1480 1.34997e+06
1481 0
1482 0
1483 0
1484 0
1485 0
1486 0
1487 0
1488 0
1489 0
1490 0
1491 0
1492 0
1493 0
1494 0
1495 0
1496 0
1497 0
1498 0
1499 0
1500 0
1501 0
1502 0
1503 0
1504 0
1505 0
1506 0
1507 0
1508 0
1509 736
1510 0
1511 0
1512 0
1513 0
1514 0
1515 0
1516 0
1517 0
1518 0
1519 0
1520 0
1521 0
1522 0
1523 0
1524 0
1525 0
1526 0
1527 0
1528 0
1529 0
1530 0
1531 0
1532 0
1533 0
1534 0
1535 0
1536 0
1537 0
1538 0
1539 0
1540 0
1541 0
1542 0
1543 0
1544 0
1545 4304
1546 1152
1547 0
1548 1152
1549 0
1550 0
1551 0
1552 1152
1553 0
1554 0
1555 0
1556 0
1557 0
1558 0
1559 0
1560 960
1561 0
1562 0
1563 0
1564 0
1565 1592
1566 1592
1567 1592
1568 1592
1569 0
1570 0
1571 0
1572 0
1573 0
1574 0
1575 0
1576 0
1577 960
1578 0
1579 0
1580 0
1581 0
1582 0
1583 0
1584 0
1585 0
1586 0
1587 0
1588 0
1589 0
1590 0
1591 0
1592 0
1593 0
1594 0
1595 0
1596 0
1597 0
1598 0
1599 0
1600 0
1601 0
1602 0
1603 0
1604 0
1605 0
1606 0
1607 0
1608 0
1609 960
1610 0
1611 0
1612 0
1613 0
1614 0
1615 0
1616 0
1617 0
1618 0
1619 0
1620 20080
1621 1.38873e+06
1622 1152
1623 0
1624 1152
1625 0
1626 0
1627 0
1628 576
1629 576
1630 0
1631 0
1632 0
1633 0
1634 0
1635 0
1636 0
1637 960
1638 0
1639 0
1640 0
1641 0
1642 0
1643 0
1644 0
1645 0
1646 0
1647 0
1648 0
1649 0
1650 736
1651 0
1652 0
1653 960
1654 0
1655 0
1656 0
1657 0
1658 0
1659 0
1660 0
1661 0
1662 0
1663 0
1664 0
1665 0
1666 0
1667 0
1668 0
1669 0
1670 0
1671 0
1672 0
1673 0
1674 0
1675 0
1676 0
1677 0
1678 0
1679 0
1680 0
1681 0
1682 0
1683 0
1684 0
1685 2552
1686 1592
1687 1592
1688 1592
1689 0
1690 0
1691 0
1692 0
1693 0
1694 0
1695 0
1696 0
1697 0
1698 0
1699 0
1700 0
1701 0
1702 0
1703 0
1704 0
1705 0
1706 0
1707 0
1708 0
1709 0
1710 0
1711 0
1712 0
1713 0
1714 0
1715 0
1716 0
1717 0
1718 0
1719 0
1720 0
1721 0
1722 0
1723 0
1724 0
1725 0
1726 0
1727 0
1728 0
1729 0
1730 0
1731 0
1732 0
1733 0
1734 0
1735 0
1736 0
1737 0
1738 0
1739 0
1740 0
1741 0
1742 0
1743 0
1744 0
1745 0
1746 0
1747 0
1748 0
1749 0
1750 0
1751 0
1752 0
1753 0
1754 0
1755 0
1756 0
1757 0
1758 0
1759 0
1760 0
1761 17864
1762 1.38778e+06
1763 0
1764 0
1765 0
1766 0
1767 0
1768 0
1769 0
1770 0
1771 0
1772 0
1773 0
1774 0
1775 0
1776 0
1777 0
1778 0
1779 0
1780 0
1781 0
1782 0
1783 0
1784 0
1785 0
1786 0
1787 0
1788 0
1789 0
1790 0
1791 736
1792 0
1793 0
1794 0
1795 0
1796 0
1797 0
1798 0
1799 0
1800 0
1801 0
1802 0
1803 0
1804 0
1805 7624
1806 2744
1807 1592
1808 2744
1809 0
1810 0
1811 0
1812 1152
1813 0
1814 0
1815 0
1816 0
1817 0
1818 0
1819 0
1820 960
1821 0
1822 0
1823 0
1824 0
1825 0
1826 0
1827 0
1828 0
1829 0
1830 0
1831 0
1832 0
1833 0
1834 0
1835 0
1836 960
1837 0
1838 0
1839 0
1840 0
1841 0
1842 0
1843 0
1844 0
1845 0
1846 0
1847 0
1848 0
1849 0
1850 0
1851 0
1852 0
1853 0
1854 0
1855 0
1856 0
1857 0
1858 0
1859 0
1860 0
1861 0
1862 0
1863 0
1864 0
1865 0
1866 0
1867 0
1868 0
1869 960
1870 0
1871 0
1872 0
1873 0
1874 0
1875 0
1876 0
1877 0
1878 0
1879 0
1880 384
1881 0
1882 0
1883 0
1884 0
1885 0
1886 0
1887 0
1888 0
1889 0
1890 0
1891 0
1892 0
1893 0
1894 0
1895 0
1896 0
1897 0
1898 0
1899 0
1900 0
1901 0
1902 15048
1903 1.1583e+06
1904 237496
1905 1152
1906 0
1907 1152
1908 0
1909 0
1910 0
1911 1152
1912 0
1913 0
1914 0
1915 0
1916 0
1917 0
1918 0
1919 960
1920 0
1921 0
1922 0
1923 0
1924 0
1925 1592
1926 1592
1927 1592
1928 1592
1929 0
1930 0
1931 0
1932 0
1933 736
1934 0
1935 2112
1936 1152
1937 0
1938 1152
1939 0
1940 0
1941 0
1942 1152
1943 0
1944 0
1945 0
1946 0
1947 0
1948 0
1949 0
1950 480
1951 480
1952 0
1953 0
1954 0
1955 0
1956 0
1957 0
1958 0
1959 0
1960 0
1961 4304
1962 1152
1963 0
1964 1152
1965 0
1966 0
1967 960
1968 2112
1969 0
1970 0
1971 0
1972 0
1973 0
1974 0
1975 0
1976 960
1977 0
1978 0
1979 0
1980 0
1981 0
1982 0
1983 0
1984 0
1985 0
1986 0
1987 0
1988 0
1989 0
1990 0
1991 0
1992 0
1993 960
1994 0
1995 0
1996 0
1997 0
1998 0
1999 0
2000 0
2001 960
2002 0
2003 0
2004 0
2005 0
2006 0
2007 0
2008 0
2009 0
2010 0
2011 0
2012 0
2013 0
2014 0
2015 0
2016 0
2017 0
2018 0
2019 0
2020 0
2021 0
2022 0
2023 0
2024 0
2025 960
2026 0
2027 0
2028 0
2029 0
2030 0
2031 0
2032 0
2033 0
2034 0
2035 0
2036 0
2037 0
2038 0
2039 0
2040 0
2041 0
2042 0
2043 0
2044 1.40432e+06
2045 2032
2046 1592
2047 1592
2048 1592
2049 0
2050 0
2051 0
2052 0
2053 0
2054 0
2055 0
2056 0
2057 0
2058 0
2059 0
2060 0
2061 0
2062 0
2063 0
2064 0
2065 0
2066 0
2067 0
2068 0
2069 0
2070 0
2071 0
2072 0
2073 0
2074 736
2075 0
2076 0
2077 0
2078 0
2079 0
2080 0
2081 0
2082 0
2083 0
2084 0
2085 0
2086 0
2087 0
2088 0
2089 0
2090 0
2091 0
2092 0
2093 0
2094 0
2095 0
2096 0
2097 0
2098 0
2099 0
2100 0
2101 0
2102 0
2103 0
2104 0
2105 0
2106 0
2107 0
2108 0
2109 0
2110 0
2111 0
2112 0
2113 0
2114 0
2115 0
2116 0
2117 0
2118 0
2119 0
2120 0
2121 0
2122 0
2123 0
2124 0
2125 0
2126 0
2127 0
2128 0
2129 0
2130 0
2131 0
2132 0
2133 0
2134 0
2135 0
2136 0
2137 0
2138 0
2139 0
2140 0
2141 0
2142 0
2143 0
2144 0
2145 0
2146 0
2147 0
2148 0
2149 0
2150 0
2151 0
2152 0
2153 0
2154 0
2155 0
2156 0
2157 0
2158 0
2159 0
2160 0
2161 0
2162 0
2163 0
2164 0
2165 1592
2166 1592
2167 1592
2168 1592
2169 0
2170 0
2171 0
2172 0
2173 0
2174 0
2175 0
2176 0
2177 0
2178 0
2179 0
2180 0
2181 0
2182 0
2183 0
2184 0
2185 856816
2186 516968
2187 2304
2188 0
2189 2304
2190 0
2191 0
2192 0
2193 2304
2194 0
2195 0
2196 0
2197 0
2198 0
2199 0
2200 0
2201 1440
2202 480
2203 0
2204 0
2205 0
2206 0
2207 0
2208 0
2209 0
2210 0
2211 0
2212 0
2213 0
2214 0
2215 736
2216 0
2217 1440
2218 480
2219 0
2220 0
2221 0
2222 0
2223 0
2224 0
2225 0
2226 0
2227 0
2228 0
2229 0
2230 0
2231 0
2232 0
2233 0
2234 0
2235 0
2236 0
2237 0
2238 0
2239 0
2240 0
2241 0
2242 0
2243 0
2244 0
2245 0
2246 0
2247 0
2248 0
2249 0
2250 1920
2251 0
2252 0
2253 0
2254 0
2255 0
2256 0
2257 0
2258 0
2259 0
2260 0
2261 0
2262 0
2263 0
2264 0
2265 0
2266 0
2267 0
2268 0
2269 0
2270 0
2271 0
2272 0
2273 0
2274 0
2275 0
2276 0
2277 0
2278 0
2279 0
2280 0
2281 0
2282 0
2283 0
2284 0
2285 1592
2286 1592
2287 1592
2288 1592
2289 0
2290 0
2291 0
2292 0
2293 0
2294 0
2295 0
2296 0
2297 0
2298 0
2299 0
2300 0
2301 0
2302 0
2303 0
2304 0
2305 0
2306 0
2307 0
2308 0
2309 0
2310 0
2311 0
2312 0
2313 0
2314 0
2315 0
2316 0
2317 0
2318 0
2319 0
2320 0
2321 0
2322 0
2323 0
2324 0
2325 0
2326 698768
2327 707192
2328 0
2329 0
2330 0
2331 0
2332 0
2333 0
2334 0
2335 0
2336 0
2337 0
2338 0
2339 0
2340 0
2341 0
2342 0
2343 0
2344 0
2345 0
2346 0
2347 0
2348 0
2349 0
2350 0
2351 0
2352 0
2353 0
2354 0
2355 0
2356 736
2357 0
2358 0
2359 0
2360 0
2361 0
2362 0
2363 0
2364 0
2365 0
2366 0
2367 0
2368 0
2369 0
2370 0
2371 0
2372 0
2373 0
2374 0
2375 0
2376 0
2377 0
2378 0
2379 0
2380 0
2381 0
2382 0
2383 0
2384 0
2385 0
2386 0
2387 0
2388 0
2389 0
2390 0
2391 0
2392 0
2393 0
2394 0
2395 0
2396 0
2397 0
2398 0
2399 0
2400 0
2401 0
2402 0
2403 0
2404 0
2405 1592
2406 1592
2407 1592
2408 1592
2409 0
2410 0
2411 0
2412 0
2413 0
2414 0
2415 0
2416 0
2417 0
2418 0
2419 0
2420 0
2421 0
2422 0
2423 0
2424 0
2425 0
2426 0
2427 0
2428 0
2429 0
2430 0
2431 0
2432 0
2433 0
2434 0
2435 0
2436 0
2437 0
2438 0
2439 0
2440 0
2441 0
2442 0
2443 0
2444 0
2445 0
2446 0
2447 0
2448 0
2449 0
2450 0
2451 0
2452 0
2453 0
2454 0
2455 0
2456 0
2457 0
2458 0
2459 0
2460 0
2461 0
2462 0
2463 0
2464 0
2465 0
2466 0
2467 676784
2468 668552
2469 1152
2470 0
2471 1152
2472 0
2473 0
2474 0
2475 1152
2476 0
2477 0
2478 0
2479 0
2480 0
2481 0
2482 0
2483 960
2484 0
2485 0
2486 0
2487 0
2488 0
2489 0
2490 0
2491 0
2492 0
2493 0
2494 0
2495 0
2496 0
2497 736
2498 0
2499 480
2500 480
2501 0
2502 0
2503 0
2504 0
2505 0
2506 0
2507 0
2508 0
2509 0
2510 0
2511 0
2512 0
2513 0
2514 0
2515 0
2516 0
2517 0
2518 0
2519 384
2520 0
2521 0
2522 0
2523 0
2524 0
2525 1592
2526 1592
2527 1592
2528 1592
2529 0
2530 0
2531 0
2532 0
2533 960
2534 0
2535 0
2536 0
2537 0
2538 0
2539 0
2540 0
2541 0
2542 0
2543 0
2544 0
2545 0
2546 0
2547 0
2548 0
2549 0
2550 0
2551 0
2552 0
2553 0
2554 0
2555 0
2556 0
2557 0
2558 0
2559 0
2560 0
2561 0
2562 0
2563 0
2564 0
2565 0
2566 0
2567 0
2568 0
2569 0
2570 0
2571 0
2572 0
2573 0
2574 0
2575 0
2576 0
2577 0
2578 0
2579 0
2580 0
2581 0
2582 0
2583 0
2584 0
2585 0
2586 0
2587 0
2588 0
2589 0
2590 0
2591 0
2592 0
2593 0
2594 0
2595 0
2596 0
2597 0
2598 0
2599 0
2600 0
2601 0
2602 0
2603 0
2604 0
2605 0
2606 0
2607 0
2608 544160
2609 860600
2610 0
2611 0
2612 0
2613 0
2614 0
2615 0
2616 0
2617 0
2618 0
2619 0
2620 0
2621 0
2622 0
2623 0
2624 0
2625 0
2626 0
2627 0
2628 0
2629 0
2630 0
2631 0
2632 0
2633 0
2634 0
2635 0
2636 0
2637 0
2638 736
2639 0
2640 0
2641 0
2642 0
2643 0
2644 0
2645 1592
2646 1592
2647 1592
2648 1592
2649 0
2650 0
2651 0
2652 0
2653 0
2654 0
2655 0
2656 0
2657 0
2658 0
2659 0
2660 0
2661 0
2662 0
2663 0
2664 0
2665 0
2666 0
2667 0
2668 0
2669 0
2670 0
2671 0
2672 0
2673 0
2674 0
2675 0
2676 0
2677 0
2678 0
2679 0
2680 0
2681 0
2682 0
2683 0
2684 0
2685 0
2686 0
2687 0
2688 0
2689 0
2690 0
2691 0
2692 0
2693 0
2694 0
2695 0
2696 0
2697 0
2698 0
2699 0
2700 0
2701 0
2702 0
2703 0
2704 0
2705 0
2706 0
2707 0
2708 0
2709 0
2710 0
2711 0
2712 0
2713 0
2714 0
2715 0
2716 0
2717 0
2718 0
2719 0
2720 0
2721 0
2722 0
2723 0
2724 0
2725 0
2726 0
2727 0
2728 0
2729 0
2730 0
2731 0
2732 0
2733 0
2734 0
2735 0
2736 0
2737 0
2738 0
2739 0
2740 0
2741 0
2742 0
2743 0
2744 0
2745 0
2746 0
2747 0
2748 0
2749 448632
2750 958272
2751 1152
2752 0
2753 1152
2754 0
2755 0
2756 0
2757 1152
2758 0
2759 0
2760 0
2761 0
2762 0
2763 0
2764 0
2765 2552
2766 1592
2767 1592
2768 1592
2769 0
2770 0
2771 0
2772 0
2773 0
2774 0
2775 0
2776 0
2777 0
2778 0
2779 736
2780 0
2781 960
2782 0
2783 0
2784 0
2785 0
2786 0
2787 0
2788 0
2789 0
2790 0
2791 0
2792 0
2793 0
2794 0
2795 0
2796 0
2797 0
2798 0
2799 0
2800 0
2801 0
2802 0
2803 0
2804 0
2805 0
2806 0
2807 0
2808 0
2809 0
2810 0
2811 0
2812 0
2813 0
2814 960
2815 0
2816 0
2817 0
2818 0
2819 0
2820 0
2821 0
2822 0
2823 0
2824 0
2825 0
2826 0
2827 0
2828 0
2829 0
2830 0
2831 0
2832 0
2833 0
2834 0
2835 0
2836 0
2837 0
2838 0
2839 0
2840 0
2841 0
2842 0
2843 0
2844 0
2845 0
2846 0
2847 0
2848 0
2849 0
2850 0
2851 0
2852 0
2853 0
2854 0
2855 0
2856 0
2857 0
2858 0
2859 0
2860 0
2861 0
2862 0
2863 0
2864 0
2865 0
2866 0
2867 0
2868 0
2869 0
2870 0
2871 0
2872 0
2873 0
2874 0
2875 0
2876 0
2877 0
2878 0
2879 0
2880 0
2881 0
2882 0
2883 0
2884 0
2885 1592
2886 1592
2887 1592
2888 1592
2889 0
2890 253528
2891 1.10986e+06
2892 0
2893 0
2894 0
2895 0
2896 0
2897 0
2898 0
2899 0
2900 0
2901 0
2902 0
2903 0
2904 0
2905 0
2906 0
2907 0
2908 0
2909 0
2910 0
2911 0
2912 0
2913 0
2914 0
2915 0
2916 0
2917 0
2918 0
2919 0
2920 736
2921 0
2922 0
2923 0
2924 0
2925 0
2926 0
2927 0
2928 0
2929 0
2930 0
2931 0
2932 0
2933 0
2934 0
2935 0
2936 0
2937 0
2938 0
2939 0
2940 0
2941 0
2942 0
2943 0
2944 0
2945 0
2946 0
2947 0
2948 0
2949 0
2950 0
2951 0
2952 0
2953 0
2954 0
2955 0
2956 0
2957 0
2958 0
2959 0
2960 0
2961 0
2962 0
2963 0
2964 0
2965 0
2966 0
2967 0
2968 0
2969 0
2970 0
2971 0
2972 0
2973 0
2974 0
2975 0
2976 0
2977 0
2978 0
2979 0
2980 0
2981 0
2982 0
2983 0
2984 0
2985 0
2986 0
2987 0
2988 0
2989 0
2990 0
2991 0
2992 0
2993 0
2994 0
2995 0
2996 0
2997 0
2998 0
2999 0
3000 0
3001 0
3002 0
3003 0
3004 0
3005 1592
3006 1592
3007 1592
3008 1592
3009 0
3010 0
3011 0
3012 0
3013 0
3014 0
3015 0
3016 0
3017 0
3018 0
3019 0
3020 0
3021 0
3022 0
3023 0
3024 0
3025 0
3026 0
3027 0
3028 0
3029 0
3030 0
3031 33848
3032 383520
3033 482280
3034 464264
3035 632040
3036 418456
3037 1.5183e+06
3038 1.66503e+06
