78.1538461538
106.367924528
118.181818182
109.911894273
131.595092025
114.406779661
101.115241636
131.47632312
118.412698413
96.4705882353
105.882352941
108.227848101
52.5519848771
122.568093385
108.260869565
102.200488998
109.006928406
81.2121212121
94.10430839
119.263456091
116.814159292
114.576271186
117.777777778
140.121580547
110.0
118.238993711
82.2055137845
110.0
52.1150592217
15.6701030928
87.9310344828
98.5239852399
103.649635036
118.552036199
101.140684411
118.552036199
109.510869565
125.290023202
95.7894736842
120.895522388
120.199501247
116.247906198
81.917211329
113.588850174
130.245231608
68.1715575621
115.596330275
79.4457274827
108.0
120.364741641
114.184397163
128.81773399
132.564841499
103.58974359
125.176470588
114.022140221
108.695652174
117.703349282