15.6701030928 0.0172413793103
52.1150592217 0.0344827586207
52.5519848771 0.051724137931
68.1715575621 0.0689655172414
78.1538461538 0.0862068965517
79.4457274827 0.103448275862
81.2121212121 0.120689655172
81.917211329 0.137931034483
82.2055137845 0.155172413793
87.9310344828 0.172413793103
94.10430839 0.189655172414
95.7894736842 0.206896551724
96.4705882353 0.224137931034
98.5239852399 0.241379310345
101.115241636 0.258620689655
101.140684411 0.275862068966
102.200488998 0.293103448276
103.58974359 0.310344827586
103.649635036 0.327586206897
105.882352941 0.344827586207
106.367924528 0.362068965517
108.0 0.379310344828
108.227848101 0.396551724138
108.260869565 0.413793103448
108.695652174 0.431034482759
109.006928406 0.448275862069
109.510869565 0.465517241379
109.911894273 0.48275862069
110.0 0.51724137931
113.588850174 0.534482758621
114.022140221 0.551724137931
114.184397163 0.568965517241
114.406779661 0.586206896552
114.576271186 0.603448275862
115.596330275 0.620689655172
116.247906198 0.637931034483
116.814159292 0.655172413793
117.703349282 0.672413793103
117.777777778 0.689655172414
118.181818182 0.706896551724
118.238993711 0.724137931034
118.412698413 0.741379310345
118.552036199 0.775862068966
119.263456091 0.793103448276
120.199501247 0.810344827586
120.364741641 0.827586206897
120.895522388 0.844827586207
122.568093385 0.862068965517
125.176470588 0.879310344828
125.290023202 0.896551724138
128.81773399 0.913793103448
130.245231608 0.931034482759
131.47632312 0.948275862069
131.595092025 0.965517241379
132.564841499 0.98275862069
140.121580547 1.0