952.147239264
847.529411765
723.148148148
843.516483516
911.926605505
866.478873239
793.656093489
859.25058548
919.033232628
857.511737089
757.619047619
874.921630094
655.95463138
949.224806202
786.563876652
991.646191646
679.764705882
765.898617512
877.803203661
847.175141243
816.764705882
960.135135135
706.047516199
811.711711712
797.285067873
894.690265487
776.223776224
660.28708134
727.257240204
701.449275362
811.547911548
733.510638298
860.975609756
800.0
845.112781955
815.315315315
795.0
902.988505747
928.608923885
901.115241636
824.090909091
858.862876254
710.924369748
682.800982801
870.942408377
753.8647343
809.756097561
881.458966565
800.704225352
764.721485411
755.191256831
881.326781327
900.0
897.698209719
871.361502347
843.014705882
766.579634465
826.730310263