1.969 0.0172413793103
2.649 0.0344827586207
3.953 0.051724137931
4.064 0.0689655172414
4.374 0.0862068965517
4.51 0.103448275862
4.612 0.120689655172
4.865 0.137931034483
4.872 0.155172413793
4.892 0.172413793103
4.977 0.189655172414
5.056 0.206896551724
5.069 0.224137931034
5.225 0.241379310345
5.257 0.258620689655
5.265 0.275862068966
5.322 0.293103448276
5.332 0.310344827586
5.347 0.327586206897
5.397 0.344827586207
5.406 0.362068965517
5.429 0.379310344828
5.453 0.396551724138
5.456 0.413793103448
5.548 0.431034482759
5.558 0.448275862069
5.566 0.465517241379
5.595 0.48275862069
5.6 0.5
5.633 0.51724137931
5.635 0.534482758621
5.673 0.551724137931
5.691 0.568965517241
5.708 0.586206896552
5.729 0.603448275862
5.751 0.620689655172
5.759 0.637931034483
5.82 0.655172413793
5.831 0.672413793103
5.836 0.689655172414
5.841 0.706896551724
5.932 0.724137931034
5.946 0.741379310345
5.952 0.758620689655
6.003 0.775862068966
6.045 0.793103448276
6.047 0.810344827586
6.115 0.827586206897
6.21 0.844827586207
6.255 0.862068965517
6.286 0.879310344828
6.355 0.896551724138
6.468 0.913793103448
6.799 0.931034482759
7.038 0.948275862069
7.564 0.965517241379
7.588 0.98275862069
8.297 1.0