0	482.54956541718445
2	450.2254792203223
3	257.75269558207833
4	79.9083690898184
5	108.03964738159516
6	1783.482324300924
7	116.71065895358583
8	82.46822825553352
9	2884.0011118453194
10	4537.632671714935
11	2388.4473870273237
12	112.44012445096439
13	2647.943943597201
14	3902.194194347748
15	133.36995881975292
16	1787.1032208335575
17	1813.378640072867
18	2563.287303094476
19	84.60056776280953
20	166.84031994759175
21	182.33389901947953
22	1977.5050234667797
23	268.655251529766
24	102.72795184638653
25	80.22089297654225
26	78.96219090312275
27	107.20691207200139
28	137.06141196887393
29	164.27375707756732
30	470.98911956314515
31	151.04494170920384
32	1456.3815815394978
33	130.05463573614645
34	96.9565968589286
35	104.32319133465523
36	5278.045892275156
37	131.77054092195613
38	1914.193484601634
39	2183.8242084119743
40	1074.3488694739017
41	113.88985515258355
42	96.16661824898028
43	120.62907274134886
44	170.49126524636233
45	1067.6652516803165
46	145.71703102922163
48	161.38623644021806
49	2951.859355823118
50	1863.4568161681964
51	151.82020729207534
52	1364.240923936513
53	285.0746637856589
54	159.52399723556704
55	1924.0473687915337
56	929.1627323923733
57	2737.88401370233
58	88.22875102742876
59	5996.516752238033
60	109.98699322378548
61	120.00985586809821
62	93.8474414472978
63	1187.7577755311554
64	1403.9045123850415
65	96.00436972452394
66	1890.079371596869
67	1518.569103788162
68	4220.558314897696
69	2047.2846917676873
70	108.36956768290963
71	102.5849317789548
72	4424.108963028613
73	96.8055830413191
75	87.28285006091954
76	2712.625446350018
77	2174.7131946533823
78	1805.2984404615238
79	87.01577921731575
80	88.30280936259135
81	240.87657286727585
82	91.02162433596072
83	329.58559652051804
84	96.11819707634481
85	107.49190314083216
86	110.04750906428745
87	675.9969673679743
88	1404.4043523376554
89	1864.9770754362564
90	1349.438612194741
91	1636.9178364100558
92	109.79384278969519
93	1082.3382141372624
96	149.69255375776095
97	178.17894264799247
98	1135.737012273702
99	99.0387940885771
100	124.86889576431884
101	158.72794332458568
102	83.45898025569409