0.0 0.14825668144412213
0.049884181174126754 0.14847847769805061
0.09976836234825351 0.14871640458862845
0.14965254352238025 0.14895567569892704
0.19953672469650702 0.14918150461201787
0.24942090587063376 0.149387170229297
0.2993050870447605 0.14957939364936834
0.3491892682188873 0.1498159763202254
0.39907344939301403 0.15006600118829022
0.4489576305671407 0.1503254355944005
0.4988418117412675 0.150535133870842
0.5487259929153943 0.15077037232197826
0.598610174089521 0.1510136760914392
0.6484943552636477 0.15125563564117936
0.6983785364377746 0.15151641426701043
0.7482627176119012 0.15174896427870513
0.7981468987860281 0.1520164640031401
0.8480310799601548 0.15227320996980884
0.8979152611342814 0.15252457905759445
0.9477994423084083 0.15276519438761382
0.997683623482535 0.15301656347539944
1.0475678046566619 0.15325583458569805
1.0974519858307885 0.153499138355159
1.1473361670049154 0.15372765570769137
1.197220348179042 0.15395886149966528
1.2471045293531688 0.15422232856493792
1.2969887105272955 0.15449251672881442
1.3468728917014223 0.15474523003632082
1.3967570728755492 0.15501407398047656
1.4466412540496758 0.1552815737049115
1.4965254352238024 0.15555848296739191
1.5464096163979293 0.15581657315378142
1.5962937975720561 0.15608676131765795
1.646177978746183 0.1563918991942747
1.6960621599203096 0.1566620873581512
1.7459463410944365 0.15697663477281343
1.7958305222685629 0.1572548882550146
1.8457147034426897 0.1575129784414041
1.8955988846168166 0.15776972440807285
1.9454830657909434 0.15805469898887792
1.99536724696507 0.15834370622884533
2.045251428139197 0.1586112059532803
2.0951356093133238 0.1589002131932477
2.14501979048745 0.15920938372902682
2.194903971661577 0.1594822603323449
2.244788152835704 0.15977530023147463
2.2946723340098307 0.16008984764613685
2.344556515183957 0.16037885488610426
2.394440696358084 0.1606288797541691
2.444324877532211 0.16093267341106507
2.4942090587063377 0.16125797458349353
2.544093239880464 0.16157655465731807
2.593977421054591 0.1618695945564478
2.643861602228718 0.16214247115976588
2.6937457834028447 0.162451641695545
2.7436299645769715 0.1627729102088111
2.7935141457510984 0.16308476918403175
2.8433983269252248 0.16342620099310953
2.8932825080993516 0.16376628858246653
2.943166689273478 0.16407411489852486
2.993050870447605 0.1643994160709533
3.0429350516217317 0.1647462247589142
3.0928192327958586 0.16506883749190107
3.1427034139699854 0.1654210230587451
3.1925875951441123 0.16575707798893977
3.242471776318239 0.16610523089662144
3.292355957492366 0.16644800692542
3.3422401386664924 0.16676658699924454
3.3921243198406192 0.1670986092702769
3.442008501014746 0.167444073738517
3.491892682188873 0.16779625930536102
3.541776863362999 0.16814844487220504
3.5916610445371258 0.16850466309821138
3.6415452257112526 0.16889717525667874
3.6914294068853795 0.1692990969531916
3.7413135880595063 0.16963649610310702
3.791197769233633 0.16998196057134715
3.84108195040776 0.1703435556762366
3.890966131581887 0.17073203517554164
3.9408503127560133 0.17108556496210645
3.99073449393014 0.17167298898008673
4.040618675104267 0.17202920720609308
4.090502856278394 0.17240021184902798
4.140387037452521 0.1727967566666577
4.1902712186266475 0.17315297489266407
4.240155399800774 0.17357371566526777
4.2900395809749 0.17394203186876114
4.339923762149027 0.17429959431448827
4.389807943323154 0.17467866427574785
4.439692124497281 0.1750295056228711
4.489576305671408 0.17543680419826704
4.539460486845535 0.17584813543282532
4.5893446680196615 0.17623795915185111
4.639228849193788 0.1766318155300393
4.689113030367914 0.17698803375604563
4.738997211542041 0.17737785747507145
4.788881392716168 0.17778784448990895
4.838765573890295 0.17823278121748667
4.888649755064422 0.17866158730841508
4.9385339362385485 0.17907157432325257
4.988418117412675 0.17954877232412902
5.038302298586802 0.1799668246572912
5.088186479760928 0.18040235184682346
5.138070660935055 0.18083519059691422
5.187954842109182 0.1812962579611413
5.237839023283309 0.1817438831281606
5.287723204457436 0.18215387014299808
5.3376073856315625 0.18259208577197195
5.387491566805689 0.1829792210515562
5.437375747979816 0.18339727338471837
5.487259929153943 0.18383145635452988
5.53714411032807 0.18431940811317254
5.587028291502197 0.18481004831125677
5.636912472676324 0.18525632925855529
5.6867966538504495 0.1856784142508798
5.736680835024576 0.18614082583482766
5.786565016198703 0.18662877759347032
5.83644919737283 0.1871274831098792
5.886333378546956 0.18758317359522317
5.936217559721083 0.18804692939889184
5.98610174089521 0.18858192884776173
6.035985922069337 0.1890685363866836
6.0858701032434634 0.18955111126644317
6.13575428441759 0.1900094901912287
6.185638465591717 0.19050416304847526
6.235522646765844 0.19096119775354
6.285406827939971 0.19147603390659823
6.335291009114098 0.1919639856652409
6.385175190288225 0.1924694122802537
6.435059371462351 0.19295467559945478
6.484943552636478 0.19344397157781823
6.534827733810605 0.19393326755618168
6.584711914984732 0.19441449821622042
6.634596096158859 0.19487556558044752
6.684480277332985 0.19534873092216162
6.734364458507112 0.19580710984694713
6.7842486396812385 0.1963138806816807
6.834132820855365 0.19681661885725193
6.884017002029492 0.1972736535623167
6.933901183203619 0.19773203248710222
6.983785364377746 0.19827778569373836
7.033669545551871 0.19881412936232906
7.083553726725998 0.19928191782516003
7.133437907900125 0.1997564273865949
7.1833220890742515 0.2002847057368609
7.233206270248378 0.20081836096601005
7.283090451422505 0.20131706648241895
7.332974632596632 0.2018184604382694
7.382858813770759 0.2022647413855679
7.432742994944886 0.20271908765119112
7.482627176119013 0.20318822033374287
7.5325113572931395 0.20366004145573618
7.582395538467266 0.20411035506219705
7.632279719641393 0.2045552917897748
7.68216390081552 0.20496662302433308
7.732048081989647 0.20538333113777446
7.781932263163774 0.20580810456954052
7.8318164443379 0.20623287800130657
7.8817006255120265 0.2066347996978194
7.931584806686153 0.2070326887351699
7.98146898786028 0.2804983291348871
8.031353169034407 0.2810857531528674
8.081237350208534 0.28174038815688657
8.13112153138266 0.2824124980172759
8.181005712556788 0.28308326365794445
8.230889893730915 0.28373924288168445
8.280774074905041 0.2843750588096128
8.330658256079168 0.2850364149122359
8.380542437253295 0.28570852477262526
8.430426618427422 0.28641424012603406
8.480310799601549 0.28708769420614416
8.530194980775676 0.28774636186932573
8.5800791619498 0.2884413234649683
8.629963343123928 0.289177955871955
8.679847524298054 0.2898903923239677
8.729731705472181 0.29055981374491546
8.779615886646308 0.2912507426813957
8.829500067820435 0.29194704849675907
8.879384248994562 0.2926541080698887
8.929268430168689 0.29334100434720656
8.979152611342816 0.29405478501894006
9.029036792516942 0.2947766310089982
9.07892097369107 0.29551998451458883
9.128805154865196 0.2962498958229716
9.178689336039323 0.29698652822995836
9.22857351721345 0.2976828340453217
9.278457698387577 0.298385860959289
9.328341879561703 0.29914265666208734
9.378226060735829 0.29987525640991175
9.428110241909955 0.3005971023999699
9.477994423084082 0.30133104636751507
9.527878604258209 0.3021160706844498
9.577762785432336 0.3028150649392547
9.627646966606463 0.30360277769563104
9.67753114778059 0.30433403322373465
9.727415328954717 0.30515400725340963
9.777299510128843 0.30592827781257814
9.82718369130297 0.30672674432672065
9.877067872477097 0.3074714420520321
9.926952053651224 0.30826049902812913
9.97683623482535 0.3090011640942782
10.026720415999478 0.3097324196223818
10.076604597173604 0.3105537378717776
10.126488778347731 0.3113911867578227
10.176372959521856 0.31215067090006265
10.226257140695983 0.3129410720958805
10.27614132187011 0.3137462597086269
10.326025503044237 0.3145608568594188
10.375909684218364 0.3153243736608211
10.42579386539249 0.3161134306369182
10.475678046566617 0.3169186182496646
10.525562227740744 0.3178017706062162
10.575446408914871 0.31866341544723537
10.625330590088998 0.3194780125980272
10.675214771263125 0.32034772275737106
10.725098952437252 0.3212564152886174
10.774983133611379 0.3220763893182924
10.824867314785505 0.3229434110381947
10.874751495959632 0.32383059605390857
10.92463567713376 0.3246640122807914
10.974519858307886 0.32556060683455074
11.024404039482013 0.3264330054333361
11.07428822065614 0.3273040598124007
11.124172401830267 0.32819662170699776
11.174056583004393 0.329136231291822
11.22394076417852 0.33001669520893206
11.273824945352647 0.33085145565553564
11.323709126526772 0.331748050209295
11.373593307700899 0.33260431817143105
11.423477488875026 0.3335022569449112
11.473361670049153 0.334444554969177
11.52324585122328 0.33535324750042345
11.573130032397406 0.3362014501442348
11.623014213571533 0.3371316501910136
11.67289839474566 0.33813712654215605
11.722782575919785 0.33908345722558425
11.772666757093912 0.3399813959990644
11.822550938268039 0.3408658925753368
11.872435119442166 0.3418055021601611
11.922319300616293 0.34275317706331004
11.97220348179042 0.34366859069316036
12.022087662964546 0.34463105201323785
12.071971844138673 0.34550882749090633
12.1218560253128 0.34649548476595793
12.171740206486927 0.34744181544938607
12.221624387661054 0.34840965364834675
12.27150856883518 0.34937345918814505
12.321392750009307 0.3503681817815213
12.371276931183434 0.3513077913663456
12.421161112357561 0.35224067985256596
12.471045293531688 0.35321255071068897
12.520929474705815 0.35418307734909116
12.570813655879942 0.3551092447367077
12.620697837054069 0.35607170605678523
12.670582018228195 0.3570382000360251
12.720466199402322 0.35799259603777794
12.77035038057645 0.3590088261466866
12.820234561750576 0.35994171463290703
12.870118742924703 0.36101843462925076
12.92000292409883 0.3619755190704452
12.969887105272957 0.36294604570884736
13.019771286447083 0.36396362003747684
13.06965546762121 0.36496775216889854
13.119539648795337 0.36594365568618387
13.169423829969464 0.3669975239472743
13.21930801114359 0.36808096504222193
13.269192192317718 0.3690904740525267
13.319076373491843 0.37008519664590295
13.36896055466597 0.37111352473229864
13.418844735840096 0.3720867398101424
13.468728917014223 0.3730801181837978
13.51861309818835 0.37415011708153767
13.568497279362477 0.37525372147229696
13.618381460536604 0.376310278172829
13.66826564171073 0.37723913399988707
13.718149822884858 0.37830106757930226
13.768034004058984 0.3793267072262564
13.817918185233111 0.3803765428281845
13.867802366407238 0.3814734261203399
13.917686547581365 0.3824641160545538
13.967570728755492 0.3834669039662547
14.017454909929619 0.38457454101617633
14.067339091103742 0.3856243766181045
14.117223272277869 0.38662178765092226
14.167107453451996 0.38765414839648027
14.216991634626122 0.3887174261956162
14.26687581580025 0.38981565370749244
14.316759996974376 0.3908923737038361
14.366644178148503 0.3919677494804591
14.41652835932263 0.3930001102260171
14.466412540496757 0.3940351594110167
14.516296721670884 0.39509171611154875
14.56618090284501 0.3961334863951522
14.616065084019137 0.39718735465624266
14.665949265193264 0.39823450181872927
14.715833446367391 0.3993071891559107
14.765717627541518 0.4004081051072284
14.815601808715645 0.4015264959149163
14.865485989889772 0.4025951505929353
14.915370171063898 0.40365708417235047
14.965254352238025 0.4047042313348371
15.015138533412152 0.40587773515107683
15.065022714586279 0.4069531109276998
15.114906895760406 0.4080446173409721
15.164791076934533 0.40908638762457555
15.21467525810866 0.4102101553111465
15.264559439282786 0.4113043501638604
15.314443620456913 0.41243483894903527
15.36432780163104 0.41339461182967124
15.414211982805167 0.41442697257522926
15.464096163979294 0.4155211674279431
15.51398034515342 0.4165683145904297
15.563864526327547 0.4176073964345916
15.613748707501673 0.4186290034223834
15.6636328886758 0.41965195462989596
15.713517069849926 0.42060635063164886
15.763401251024053 0.4216239249602783
15.81328543219818 0.42261999177337534
15.863169613372307 0.42357035511596586
15.913053794546434 0.42455835661073815
15.96293797572056 0.4256592725620559
16.01282215689469 0.42664458561738666
16.062706338068814 0.4276312428924382
16.112590519242943 0.4286797342746456
16.162474700417068 0.42971612767936596
16.212358881591197 0.43072698090939154
16.26224306276532 0.43174858789718334
16.31212724393945 0.4327675064455336
16.362011425113575 0.43376626169807214
16.4118956062877 0.4347784591478185
16.46177978746183 0.4357987219158895
16.511663968635954 0.43675177369792156
16.561548149810083 0.43780429773929125
16.611432330984208 0.4388635428792649
16.661316512158336 0.4399066573825891
16.71120069333246 0.44095111610563414
16.76108487450659 0.4419888537300753
16.810969055680715 0.44298895320233467
16.860853236854844 0.44402669082677576
16.91073741802897 0.4450146923215481
16.960621599203098 0.44610216607565806
17.010505780377223 0.447165443874794
17.06038996155135 0.4482394754316962
17.110274142725476 0.4493188838674814
17.1601583238996 0.4504238324779615
17.210042505073726 0.45144543946575333
17.259926686247855 0.45246435801410356
17.30981086742198 0.4535155378357525
17.35969504859611 0.45457747141516763
17.409579229770234 0.45561655325932954
17.459463410944362 0.4566852079373486
17.509347592118488 0.4578197293816858
17.559231773292616 0.4588157961947828
17.60911595446674 0.45990999104749664
17.65900013564087 0.4609773015057949
17.708884316814995 0.4620446119640932
17.758768497989124 0.4631226761801577
17.80865267916325 0.46422359213147546
17.858536860337377 0.46532047542363086
17.908421041511502 0.4663393939719811
17.95830522268563 0.4674725711965975
18.008189403859756 0.468550635412662
18.058073585033885 0.469698599054207
18.10795776620801 0.47075649997445984
18.15784194738214 0.471866825463823
18.207726128556263 0.47288171135301094
18.257610309730392 0.4740565593889715
18.307494490904517 0.4751910808333087
18.357378672078646 0.4762557028521654
18.40726285325277 0.47737947053873636
18.4571470344269 0.4784454367773139
18.507031215601025 0.479610875275229
18.556915396775153 0.4807790022125857
18.60679957794928 0.4818691644061372
18.656683759123407 0.4829539497208056
18.706567940297532 0.48410729024123367
18.756452121471657 0.4852512212236163
18.806336302645786 0.4863239085607977
18.85622048381991 0.48739390745853756
18.90610466499404 0.4885203635845501
18.955988846168164 0.4897220960149262
19.005873027342293 0.49081629086764006
19.055757208516418 0.4918741917878929
19.105641389690547 0.492979140398373
19.155525570864672 0.49417415173014523
19.2054097520388 0.4952871656589499
19.255293933212926 0.4963087726467417
19.305178114387054 0.49741103281778026
19.35506229556118 0.4985348005043512
19.404946476735308 0.4996464702134352
19.454830657909433 0.5007971222944217
19.50471483908356 0.5020028873839603
19.554599020257687 0.5030836400394663
19.604483201431815 0.5041657369146931
19.65436738260594 0.5052868161618226
19.70425156378007 0.5063984858709065
19.754135744954194 0.5075182208983151
19.804019926128323 0.5085962851143797
19.853904107302448 0.5096851030882104
19.903788288476576 0.5108169360931061
19.9536724696507 0.5119756534924172
20.00355665082483 0.5131222729142415
20.053440831998955 0.5142030255697475
20.103325013173084 0.5153254490365977
20.15320919434721 0.5164653473598181
20.203093375521338 0.5176106225619215
20.252977556695463 0.5187800937189989
20.302861737869588 0.5198836981097582
20.352745919043713 0.5210518250471149
20.40263010021784 0.522132577702621
20.452514281391966 0.523285918223049
20.502398462566095 0.5244177512279448
20.55228264374022 0.5255226998384248
20.60216682491435 0.526590010296723
20.652051006088474 0.5276815167099953
20.701935187262603 0.5288052843965664
20.751819368436728 0.5298658737562607
20.801703549610856 0.5308928576229356
20.85158773078498 0.5320152810897858
20.90147191195911 0.5331390487763568
20.951356093133235 0.5342802913192979
21.001240274307364 0.5353758303917325
21.05112445548149 0.5364633041458424
21.101008636655614 0.5375373357027446
21.150892817829742 0.5386355632146208
21.200776999003867 0.5397203485292892
21.250661180177996 0.5408226087003277
21.30054536135212 0.5419127708938792
21.35042954252625 0.5429545411774827
21.400313723700375 0.5440769646443329
21.450197904874504 0.5452047649900662
21.50008208604863 0.5463473517527281
21.549966267222757 0.5474509561434874
21.599850448396882 0.5485384298975974
21.64973462957101 0.5496043961361748
21.699618810745136 0.5506878372311225
21.749502991919265 0.5516973462414272
21.79938717309339 0.5527915410941411
21.84927135426752 0.5538628842116017
21.899155535441643 0.5549503579657117
21.949039716615772 0.5560391759395423
21.998923897789897 0.5571548783077886
22.048808078964026 0.558167075757535
22.09869226013815 0.5591980922833723
22.14857644131228 0.5602586816430667
22.198460622486405 0.5613434669577351
22.248344803660533 0.5624537924470983
22.298228984834658 0.5635654621561822
22.348113166008787 0.5646005113411818
22.397997347182912 0.565698738853058
22.44788152835704 0.5667351322577783
22.497765709531166 0.5677809352005442
22.547649890705294 0.5688482456588424
22.59753407187942 0.5699182445565822
22.647418253053544 0.5709506053021403
22.697302434227673 0.5719775891688151
22.747186615401798 0.5730973241962238
22.797070796575927 0.5742130265644702
22.846954977750052 0.5752910907805346
22.89683915892418 0.5763651223374368
22.946723340098305 0.5774378096746182
22.996607521272434 0.578514529670962
23.04649170244656 0.5795993149856303
23.096375883620688 0.580663937004487
23.146260064794813 0.5816707575753503
23.19614424596894 0.582759575549181
23.246028427143067 0.5837637076806026
23.295912608317195 0.5848068221839269
23.34579678949132 0.585856657785855
23.395680970665445 0.5868634783567183
23.44556515183957 0.5879724596263607
23.4954493330137 0.5890747197973992
23.545333514187824 0.590132620717652
23.595217695361953 0.5911448181673984
23.645101876536078 0.592204063307372
23.694986057710206 0.5932068512190729
23.74487023888433 0.5942392119646309
23.79475442005846 0.5953078666426499
23.844638601232585 0.596333506289604
23.894522782406714 0.5973900629901361
23.94440696358084 0.5984600618878759
23.994291144754968 0.5995219954672911
24.044175325929093 0.6005113411817842
24.09405950710322 0.6015477345865046
24.143943688277346 0.6026419294392185
24.193827869451475 0.6036447173509193
24.2437120506256 0.604648849482341
24.29359623179973 0.6056220645601847
24.343480412973854 0.6066261966916064
24.393364594147982 0.6076531805582813
24.443248775322107 0.6086734433263523
24.493132956496236 0.6096681659197286
24.54301713767036 0.6106763307103126
24.59290131884449 0.6116764301825719
24.642785500018615 0.6126483010406949
24.692669681192744 0.6136752849073698
24.74255386236687 0.6147170551909733
24.792438043540997 0.6156822049504924
24.842322224715122 0.6166648295663816
24.89220640588925 0.6177146651683098
24.942090587063376 0.6187282068377769
24.9919747682375 0.6196516857859519
25.04185894941163 0.620646408379328
25.091743130585755 0.621654573169912
25.141627311759883 0.6226842454760285
25.19151149293401 0.6236480510158269
25.241395674108137 0.6246481504880862
25.291279855282262 0.6256307751039754
25.34116403645639 0.6266927086833906
25.391048217630516 0.627655170003468
25.440932398804645 0.6286539252560066
25.49081657997877 0.6296392383113374
25.5407007611529 0.6305801921158825
25.590584942327023 0.631578947368421
25.640469123501152 0.6326005543562129
25.690353304675277 0.6335979653890307
25.740237485849406 0.6346034417401731
25.79012166702353 0.6354933151953286
25.84000584819766 0.6364584649548477
25.889890029371784 0.6373967303199511
25.939774210545913 0.6383591916400287
25.989658391720038 0.639407683022236
26.039542572894167 0.6404507975255603
26.089426754068292 0.641370243814573
26.13931093524242 0.6423851297037608
26.189195116416546 0.6433072644322151
26.239079297590674 0.644315429222799
26.2889634787648 0.6453262824528246
26.338847659938928 0.6463035301898307
26.388731841113053 0.6472834663662783
26.43861602228718 0.6482956638160247
26.488500203461307 0.6492581251361023
26.538384384635435 0.6502326844336668
26.58826856580956 0.651166917139608
26.638152746983685 0.6521522301949387
26.688036928157814 0.6530851186811591
26.73792110933194 0.6540529568801198
26.787805290506068 0.6549965991241065
26.837689471680193 0.655959060444184
26.88757365285432 0.6569107680064953
26.937457834028447 0.6578987695012676
26.987342015202575 0.6588571981621828
27.0372261963767 0.6597470716173383
27.08711037755083 0.6606678621260716
27.136994558724954 0.6615913410742467
27.186878739899083 0.6625215411210255
27.236762921073208 0.663399316598694
27.286647102247336 0.6643577452596091
27.33653128342146 0.6653134854810828
27.38641546459559 0.6662181453531668
27.436299645769715 0.6671375916421795
27.486183826943844 0.6680906434242115
27.53606800811797 0.6690302530090358
27.585952189292097 0.6699537319572108
27.635836370466222 0.6708651129278987
27.68572055164035 0.6717388557464049
27.735604732814476 0.6726408271790474
27.785488913988605 0.6735159142172743
27.83537309516273 0.6743977223541051
27.88525727633686 0.6753467414769748
27.935141457510984 0.676208386317994
27.985025638685112 0.6771237999478443
28.034909819859237 0.6780405577974153
28.08479400103336 0.6789384965708954
28.134678182207484 0.6798727292768367
28.184562363381612 0.6807867986869661
28.234446544555738 0.6816968354379334
28.284330725729866 0.6825974626508551
28.33421490690399 0.6834712054693612
28.38409908807812 0.6843126870145686
28.433983269252245 0.6852025604697242
28.483867450426374 0.6861287278573407
28.5337516316005 0.6870293550702624
28.583635812774627 0.6879084747676516
28.633519993948752 0.6887768407072746
28.68340417512288 0.6896196664722029
28.733288356297006 0.6903791506144429
28.783172537471135 0.691234074356858
28.83305671864526 0.6920742116823447
28.88294089981939 0.692892841492299
28.932825080993513 0.693773305409409
28.982709262167642 0.6946524251067983
29.032593443341767 0.695522135266142
29.082477624515896 0.6963286670986093
29.13236180569002 0.6971876235001868
29.18224598686415 0.6980264166059528
29.232130168038275 0.6988746192497641
29.282014349212403 0.6996703973244651
29.33189853038653 0.7004876829146985
29.381782711560657 0.7013237875810229
29.431666892734782 0.7021477942698602
29.48155107390891 0.7030148159897625
29.531435255083036 0.7039087221040803
29.58131943625716 0.7047502036492876
29.63120361743129 0.705580931436729
29.681087798605414 0.7064506415960727
29.730971979779543 0.7072840578229556
29.780856160953668 0.7081147856103968
29.830740342127797 0.7089226616625848
29.880624523301922 0.7097601105486299
29.93050870447605 0.7105706750402594
29.980392885650176 0.7114807117912265
30.030277066824304 0.712285899403973
30.08016124799843 0.7130373182278883
30.130045429172558 0.7138895535308619
30.179929610346683 0.7147068391210953
30.22981379152081 0.7155147151732834
30.279697972694937 0.7163279681043545
30.329582153869065 0.7171802034073281
30.37946633504319 0.7180203407328148
30.42935051621732 0.7188537569596976
30.479234697391444 0.7197234671190414
30.529118878565573 0.7205582275656449
30.579003059739698 0.7214064302094563
30.628887240913826 0.722203552503878
30.67877142208795 0.7229643808658388
30.72865560326208 0.7237615031602606
30.778539784436205 0.7245841656293771
30.828423965610334 0.7254148934168183
30.87830814678446 0.7261864755365453
30.928192327958588 0.7270534972564475
30.978076509132713 0.7278815366044472
31.02796069030684 0.7286679051411027
31.077844871480966 0.7294300777227842
31.127729052655095 0.7302366095552515
31.17761323382922 0.7310391087285564
31.227497415003345 0.731818756166608
31.277381596177474 0.732595715165218
31.3272657773516 0.7333995585582437
31.377149958525727 0.7342074346104317
31.427034139699852 0.7350233759809444
31.47691832087398 0.7358406615711778
31.526802502048106 0.7366337512064371
31.576686683222235 0.7374523810163914
31.62657086439636 0.7382158978177937
31.67645504557049 0.7390170527713777
31.726339226744614 0.7398168635052411
31.776223407918742 0.7405911340644097
31.826107589092867 0.7413990101165976
31.875991770266996 0.7422041977293441
31.92587595144112 0.7429905662659996
31.97576013261525 0.743735263991311
32.02564431378938 0.7444974365729925
32.0755284949635 0.7453053126251805
32.12541267613763 0.7460580756688165
32.17529685731176 0.7468390673265889
32.225181038485886 0.7475931745899458
32.27506521966001 0.7483714778082766
32.324949400834136 0.7491323061702374
32.374833582008264 0.7498944787519188
32.42471776318239 0.7507641889112627
32.474601944356515 0.7515196403943403
32.52448612553064 0.7523409586437361
32.57437030670477 0.7531058196648591
32.6242544878789 0.7538989093001186
32.67413866905302 0.7546610818818
32.72402285022715 0.7554985307678452
32.77390703140128 0.7562875877439422
32.8237912125754 0.7570887426975264
32.87367539374953 0.7578468826200455
32.92355957492366 0.7586386280355842
32.97344375609779 0.7594008006172657
33.02332793727191 0.7601522194411809
33.07321211844604 0.7609224573411871
33.123096299620165 0.761676564604544
33.172980480794294 0.762460244701758
33.222864661968416 0.7632331710412057
33.272748843142544 0.7640679314878093
33.32263302431667 0.7648368251680947
33.3725172054908 0.7656191610455879
33.42240138666492 0.7664162833400097
33.47228556783905 0.7672013076569444
33.52216974901318 0.7679486938216973
33.57205393018731 0.7687148990625412
33.62193811136143 0.7694757274245019
33.67182229253556 0.7702405884456249
33.72170647370969 0.7710350223006052
33.771590654883816 0.7717824084653581
33.82147483605794 0.7724894680384877
33.871359017232066 0.7732798692343056
33.921243198406195 0.7740662377709611
33.971127379580324 0.7748781464823115
34.021011560754445 0.7756645150189669
34.070895741928574 0.7764387855781355
34.1207799231027 0.7771969255006547
34.17066410427683 0.7779470001048492
34.22054828545095 0.7787548761570371
34.27043246662508 0.7795291467162057
34.3203166477992 0.780322236351465
34.37020082897333 0.7811247355247699
34.42008501014745 0.7818990060839385
34.46996919132158 0.7826342942712043
34.51985337249571 0.7834394818839509
34.56973755366984 0.784246013716418
34.61962173484396 0.7850565782080475
34.66950591601809 0.7858321929869369
34.71939009719222 0.7866104962052677
34.769274278366346 0.7873955205222025
34.81915845954047 0.7882571653632217
34.869042640714596 0.7890193379449031
34.918926821888725 0.7898567868309483
34.968811003062854 0.7907385949677791
35.018695184236975 0.79153437304248
35.068579365411104 0.7923019225030447
35.11846354658523 0.7930829141608171
35.16834772775936 0.7939096092890959
35.21823190893348 0.7947107642426801
35.26811609010761 0.7955656879850953
35.31800027128174 0.7963775966964456
35.36788445245587 0.797194882286679
35.41776863362999 0.7979933488008216
35.46765281480412 0.79875014450362
35.51753699597825 0.7995808722910612
35.567421177152376 0.8004048789798985
35.6173053583265 0.8012288856687358
35.667189539500626 0.8020085331067875
35.717073720674755 0.8028674895083651
35.76695790184888 0.8037130037127349
35.816842083023005 0.8045329777424098
35.86672626419713 0.805334132695994
35.91661044537126 0.8061285665509742
35.96649462654538 0.8069109024284673
36.01637880771951 0.8077470070947916
36.06626298889364 0.8085831117611161
36.11614717006777 0.8094111511091157
36.16603135124189 0.8102244040401868
36.21591553241602 0.8111236870333878
36.26579971359015 0.8119624801391536
36.31568389476428 0.8128200923210104
36.3655680759384 0.8137180310944906
36.41545225711253 0.814595806572159
36.465336438286656 0.8154910569061976
36.515220619460784 0.8163607670655415
36.565104800634906 0.8172546731798593
36.614988981809034 0.8182077249618914
36.66487316298316 0.8190801235606767
36.71475734415729 0.8199135397875595
36.76464152533141 0.8208289534174098
36.81452570650554 0.8217833494191626
36.86440988767967 0.822674567094039
36.9142940688538 0.8235375561547789
36.96417825002792 0.8244892637170902
37.01406243120205 0.8254275290821936
37.06394661237618 0.8263631060078557
37.11383079355031 0.8272946502743552
37.16371497472443 0.8282611442535951
37.21359915589856 0.8292195729145103
37.263483337072685 0.8301443960824061
37.313367518246814 0.8310087293628667
37.363251699420935 0.8320007635168014
37.413135880595064 0.8329148329269309
37.46302006176919 0.833824869677898
37.512904242943314 0.8348505093248522
37.56278842411744 0.8358694278732024
37.61267260529157 0.8368695273454618
37.6625567864657 0.8379529684404093
37.71244096763982 0.8389651658901558
37.76232514881395 0.8400029035145968
37.81220932998808 0.841119950102564
37.86209351116221 0.8421227380142648
37.91197769233633 0.8431282143654073
37.96186187351046 0.844204934361751
38.011746054684586 0.8452399835467507
38.061630235858715 0.8463193919825359
38.111514417032836 0.8473705718041848
38.161398598206965 0.8483195909270546
38.211282779381094 0.8493573285514957
38.26116696055522 0.8504286716689563
38.311051141729344 0.8515121127639039
38.36093532290347 0.852568669464436
38.4108195040776 0.8536427010213381
38.46070368525173 0.8547409285332144
38.51058786642585 0.8557934525745841
38.56047204759998 0.8567922078271226
38.61035622877411 0.8578985006573234
38.66024040994824 0.8589496804789724
38.71012459112236 0.8600196793767122
38.76000877229649 0.8610614496603157
38.809892953470616 0.8620830566481075
38.859777134644744 0.8631234827119901
38.909661315818866 0.8642230544435872
38.959545496992995 0.865329347273788
39.00942967816712 0.866361708019346
39.059313859341245 0.8673752496888132
39.10919804051537 0.86845734656404
39.1590822216895 0.8694480364982539
39.20896640286363 0.8704884625621365
39.25885058403775 0.8715033484513245
39.30873476521188 0.8725289880982786
39.35861894638601 0.87349817051696
39.40850312756014 0.8745157448455895
39.45838730873426 0.8754822388248293
39.50827148990839 0.8764245368490952
39.55815567108252 0.8773990961466598
39.608039852256645 0.8784233915738932
39.65792403343077 0.8794396216828018
39.707808214604896 0.8804249347381325
39.757692395779024 0.8813564790046322
39.80757657695315 0.8822517293386708
39.857460758127274 0.8832437634926055
39.9073449393014 0.8842075690324037
39.95722912047553 0.8850974424875593
40.00711330164966 0.885955054669416
40.05699748282378 0.8869067622317274
40.10688166399791 0.8877858819291166
40.15676584517204 0.8887174261956162
40.20665002634617 0.8895978901127263
40.25653420752029 0.8905052384242519
40.30641838869442 0.8913762928033164
40.35630256986855 0.8922594451598681
40.406186751042675 0.8931278110994911
40.4560709322168 0.8940405362898998
40.505955113390925 0.8948887389337111
40.55583929456505 0.8957208109408732
40.605723475739175 0.8965985864185416
40.6556076569133 0.8974131835693335
40.705491838087426 0.8983070896836514
40.755376019261554 0.8990611969470081
40.80526020043568 0.8999295628866312
40.855144381609804 0.9007011450063581
40.90502856278393 0.9014982673007799
40.95491274395806 0.9022967338149225
41.00479692513219 0.9031556902165
41.05468110630631 0.9039783526856165
41.10456528748044 0.9047606885631098
41.15444946865457 0.9056075469872004
41.2043336498287 0.9064449958732455
41.25421783100282 0.9072609372437581
41.30410201217695 0.9080715017353876
41.353986193351076 0.9088215763395822
41.403870374525205 0.9095474549888026
41.45375455569933 0.9103365119648997
41.503638736873455 0.9111094383043474
41.553522918047584 0.9117345004745095
41.60340709922171 0.9123474646671846
41.653291280395834 0.9129604288598597
41.70317546156996 0.9134994609678919
41.75305964274409 0.9139968222645801
41.80294382391822 0.9144242841357877
41.85282800509234 0.9148033540970473
41.90271218626647 0.9152294717485341
41.9525963674406 0.9156663431577872
42.00248054861473 0.9160346593612806
42.05236472978885 0.9164338926183518
42.10224891096298 0.916808929920449
42.152133092137106 0.9171947209803125
42.20201727331123 0.9175939542373839
42.251901454485356 0.9179703357592018
42.301785635659485 0.9183897323120848
42.35166981683361 0.9187809002508314
42.401553998007735 0.9191828219473442
42.451438179181864 0.9195820552044155
42.50132236035599 0.9199638136051166
42.55120654153012 0.9204154714312983
42.60109072270424 0.920836212203902
42.65097490387837 0.9211951188693499
42.7008590850525 0.9216212365208367
42.75074326622663 0.9220473541723236
42.80062744740075 0.9224425547702325
42.85051162857488 0.9228485091259077
42.90039580974901 0.9233378051042711
42.950279990923136 0.9237612343163164
43.00016417209726 0.924224990119985
43.050048353271386 0.9246497635517511
43.099932534445514 0.925057062127147
43.14981671561964 0.9255087199533287
43.199700896793765 0.9259644104386726
43.24958507796789 0.9264321989015036
43.29946925914202 0.9269080526826593
43.34935344031615 0.927352989410237
43.39923762149027 0.9277670090842369
43.4491218026644 0.9282374859865095
43.49900598383853 0.9287052744493404
43.54889016501266 0.9291408016388727
43.59877434618678 0.9296112785411452
43.64865852736091 0.9300723459053724
43.69854270853504 0.9305804609598266
43.74842688970916 0.9310495936423784
43.79831107088329 0.9314985630291185
43.848195252057415 0.9319461881961378
43.898079433231544 0.9324045671209233
43.947963614405666 0.9328777324626374
43.997847795579794 0.9333508978043515
44.04773197675392 0.9338173420474617
44.09761615792805 0.9342609345553187
44.14750033910217 0.9347381325561951
44.1973845202763 0.9352892626417144
44.24726870145043 0.9357825912792401
44.29715288262456 0.9362893621139737
44.34703706379868 0.9368310826614475
44.39692124497281 0.9373996876033369
44.44680542614694 0.9379346870522068
44.496689607321066 0.9384844729180053
44.54657378849519 0.9390167839274336
44.596457969669316 0.9395827004298815
44.646342150843445 0.9401338305154007
44.696226332017574 0.9407010912375693
44.746110513191695 0.9412777614977834
44.795994694365824 0.9418866930312961
44.84587887553995 0.9424633632915101
44.89576305671408 0.9430386893320034
44.9456472378882 0.9436408997669123
44.99553141906233 0.9442350448834965
45.04541560023646 0.944833222659243
45.09529978141059 0.9454246793363856
45.14518396258471 0.9460242013318529
45.19506814375884 0.9466358213048072
45.24495232493297 0.9472837352102226
45.29483650610709 0.9478684707887612
45.34472068728122 0.9484464852686961
45.394604868455346 0.949060793681092
45.444489049629475 0.9496549387976762
45.494373230803596 0.9503189833397407
45.544257411977725 0.9509897489804093
45.59414159315185 0.9516699241591233
45.64402577432598 0.9523380013603504
45.693909955500104 0.9530168323193436
45.74379413667423 0.9537117939149862
45.79367831784836 0.9544739664966677
45.84356249902249 0.955194468267005
45.89344668019661 0.955874643445719
45.94333086137074 0.9566072431935434
45.99321504254487 0.9573156469863938
46.043099223719 0.9580267392186858
46.09298340489312 0.9587808464820425
46.14286758606725 0.9594206950691332
46.192751767241376 0.9601331315211459
46.242635948415504 0.9608939598831067
46.292520129589626 0.9616171500928856
46.342404310763754 0.9623591593787554
46.39228849193788 0.9630689073913266
46.44217267311201 0.96376521320669
46.49205685428613 0.9645408279855792
46.54194103546026 0.9651994956487607
46.59182521663439 0.9659253742979812
46.64170939780852 0.9666956121979874
46.69159357898264 0.9674161139683248
46.74147776015677 0.9681473694964284
46.79136194133089 0.9688799692442528
46.84124612250502 0.9695695539610123
46.89113030367914 0.9703021537088367
46.94101448485327 0.9710441629947064
46.9908986660274 0.9717391245903491
47.04078284720153 0.972450216822641
47.09066702837565 0.9731774396915822
47.14055120954978 0.9738387957942053
47.190435390723906 0.9745566091251011
47.240319571898034 0.9752394727432567
47.290203753072156 0.9758887308683928
47.340087934246284 0.9765541196301782
47.38997211542041 0.9772262294905676
47.43985629659454 0.977849947441009
47.48974047776866 0.9784602231942424
47.53962465894279 0.9791014160010538
47.58950884011692 0.9797358877092615
47.63939302129105 0.9804348819640664
47.68927720246517 0.981074730551157
47.7391613836393 0.9816957600621568
47.78904556481343 0.9823060358153902
47.838929745987556 0.9829337864249938
47.88881392716168 0.9835494390571106
47.93869810833581 0.9841556821511817
47.988582289509935 0.984694714259214
48.038466470684064 0.9852364348066878
48.088350651858185 0.9857915975513694
48.138234833032314 0.9863736446904665
48.18811901420644 0.986923430556265
48.23800319538057 0.9875001008164791
48.28788737655469 0.9880324118259074
48.33777155772882 0.9885499364184072
48.38765573890295 0.9890755263292317
48.43753992007707 0.9895917067020107
48.4874241012512 0.9901065428550689
48.53730828242533 0.990579708196783
48.58719246359946 0.991071692614588
48.63707664477358 0.9915421695168606
48.68696082594771 0.992031465495224
48.736845007121836 0.9924710253439186
48.786729188295965 0.9929092409728925
48.836613369470086 0.9933461123821455
48.886497550644215 0.9937735742533531
48.936381731818344 0.9941781843893075
48.98626591299247 0.9946405959732554
49.036150094166594 0.9950976306783201
49.08603427534072 0.99551165035232
49.13591845651485 0.9959928810123587
49.18580263768898 0.9964606694751897
49.2356868188631 0.9969015735436051
49.28557100003723 0.9973169374373257
49.33545518121136 0.99770407271691
49.38533936238549 0.9980495371851501
49.43522354355961 0.9984568357605461
49.48510772473374 0.9988023002287862
49.534991905907866 0.9991047496659614
49.584876087081994 0.9993668725115132
49.634760268256116 0.9995859803260002
49.684644449430245 0.9997499751319352
49.73452863060437 0.9998817086645715
49.7844128117785 0.9999610176280974
49.83429699295262 0.9999986557802792
49.88418117412675 1.0
