-0.11011599840265905
-0.10646915302072668
-0.1432693349849932
-0.09480922560591891
-0.04456976685536402
-0.11265508472843476
-0.07976015847140201
-0.040290572149110714
-0.06704214466466495
-0.13116480943239803
-0.05502723691928548
-0.05510460717942434
-0.16318537709124853
-0.06439575048935936
-0.038500579186612156
-0.11046834007191578
-0.06656199809024839
-0.24074961007939072
-0.11829874333808375
-0.4022614934879955
-0.17381505719937299
-0.11014936245285638
-0.08251057150652462
-0.0798938320917647
-0.09380001512778786
-0.10393905375729783
-0.08188778625776696
-0.06606234308897262
-0.0786745358367202
-0.05058115196334955
-0.043989502189814095
-0.08147536535318098
-0.11755206130285095
-0.06302262343345619
-0.06834426215970309
-0.08409408198710008
-0.050279132769189674
-0.06388606362320015
-0.07495243888834864
-0.09615886859309743
-0.10325097868974892
-0.06757225946673556
-0.05585056648124784
-0.12400656686273157
-0.11144653780356228
-0.1998671248070659
-0.06963951886583837
-0.093984007426813
-0.08808371838802591
-0.09999383917026869
-0.09052521520218161
-0.06536987454996512
-0.11813774055700794
