2298.331744518589
2317.3861852433283
2086.492537313433
2320.471281296024
2319.954954954955
2376.9861286254727
2327.4847094801225
2283.8405036726126
2252.6248941574936
2313.165680473373
2259.9603567889
2349.1364421416233
2135.3982300884954
2287.56345177665
2302.3158694001518
2252.035490605428
2190.5550146056476
2274.087591240876
2310.3591160220994
1334.375
2200.1131221719456
2301.0476190476193
2263.649564375605
2114.6253602305474
2323.2093023255816
2267.5953079178885
2290.1162790697676
2369.509433962264
2324.226804123711
2380.3459119496856
2197.8443113772455
2232.308743169399
2125.744680851064
2212.938331318017
2177.801120448179
2302.5581395348836
2327.0342205323195
2345.8333333333335
2280.2207130730053
2156.1046511627906
2317.9586563307494
2326.112920738328
2188.589211618257
2278.5144566301096
2309.2670598146588
2264.967811158798
2156.564417177914
2290.853158326497
2310.1998334721065
2305.695208169678
2086.042183622829
2357.7656675749317
2349.7431506849316
4100.232558139535
3990.2663934426228
3939.075630252101
3834.848484848485
3829.0243902439024
3927.047913446677
4000.0
3946.8834688346883
4018.801652892562
3946.3611859838275
4066.5036674816624
4102.922755741128
3777.877697841727
4007.6923076923076
4015.88693957115
3981.5104166666665
3455.4347826086955
3369.0533980582522
3602.6898734177216
3353.4313725490197
3622.356495468278
3968.1481481481483
3799.4666666666667
3889.8340248962654
4018.375
3986.764705882353
3874.7041420118344
4096.243291592129
3970.844327176781
4102.0
3722.0588235294117
3845.098039215686
3816.2393162393164
3978.6206896551726
3699.5689655172414
3905.1369863013697
4035.3783231083844
4030.2425106990013
3826.849642004773
3804.447852760736
3930.652680652681
4050.1329787234044
3873.907103825137
3991.5343915343915
3999.795501022495
3932.2580645161293
3863.230769230769
3942.0886075949365
3944.84649122807
3974.2331288343557
3822.680412371134
4000.4694835680752
3917.223382045929
309.26773455377577
309.64285714285717
310.03184713375794
309.7826086956522
309.49367088607596
309.5609065155807
309.64285714285717
309.20454545454544
309.62566844919786
309.3967517401392
309.44055944055947
309.35550935550935
310.0
309.4106463878327
309.45709281961473
309.86842105263156
310.02227171492206
309.3587521663778
309.53389830508473
313.36633663366337
309.97536945812806
309.375
309.95575221238937
310.03184713375794
309.8468271334792
309.86842105263156
309.8780487804878
309.62566844919786
309.86842105263156
309.2696629213483
309.6514745308311
309.2920353982301
310.0
309.8092643051771
309.96835443037975
309.8605577689243
309.4903339191564
309.3994778067885
309.68688845401175
309.2071611253197
309.744094488189
309.2071611253197
309.24657534246575
309.2255125284738
309.64285714285717
309.20454545454544
309.35064935064935
309.2696629213483
309.55598455598454
309.62566844919786
309.62566844919786
309.69827586206895
309.7472924187726
300.0
300.0
300.0
300.0
300.0
300.0
300.0
300.0
300.0
300.0
300.0
300.0
300.0
300.0
300.0
300.0
300.0
300.0
300.0
300.0
300.0
300.0
300.0
300.0
300.0
300.0
300.0
300.0
300.0
300.0
300.0
300.0
300.0
300.0
300.0
300.0
300.0
300.0
300.0
300.0
300.0
300.0
300.0
300.0
300.0
300.0
300.0
300.0
300.0
300.0
300.0
300.0
300.0
3896.9040247678017
2170.473537604457
1975.5760368663593
2029.145728643216
1964.954682779456
2552.977412731006
2150.928381962865
2065.695792880259
2017.5392670157069
2124.91103202847
2537.809187279152
3990.5555555555557
2145.3389830508477
2057.2580645161293
2998.5882352941176
1979.3103448275863
1969.3548387096773
2045.6140350877192
2014.3283582089553
1884.126984126984
2028.3687943262412
1996.6666666666667
1962.7692307692307
2078.846153846154
2254.368932038835
2026.4984227129337
2023.8095238095239
3991.9621749408984
2076.323987538941
3774.7524752475247
1979.4776119402984
2062.809917355372
1899.5412844036698
1988.5375494071145
2004.5871559633028
1962.0786516853932
2065.3543307086616
2023.583180987203
2011.7816091954023
1970.6293706293707
2087.5379939209724
3709.4736842105262
2050.3355704697988
2056.065573770492
1986.341463414634
1942.0245398773006
1968.1647940074906
2045.1443569553805
2075.4437869822486
2052.4675324675327
2014.8
2361.0223642172523
2089.6739130434785
3714.860681114551
1742.654028436019
1806.4516129032259
1743.9024390243903
1718.8034188034187
2143.3579335793356
1804.0094339622642
1739.14373088685
1715.6028368794325
1789.937106918239
2161.0759493670885
3955.710306406685
1735.2941176470588
1845.4545454545455
2680.3695150115473
1721.2574850299402
1673.7003058103976
1706.378132118451
1760.5714285714287
1761.607142857143
1715.0684931506848
1741.8994413407822
1739.090909090909
1808.7155963302753
1934.9253731343283
1702.3952095808384
1766.3299663299663
3960.047281323877
1949.7005988023952
3568.8118811881186
1712.686567164179
1820.2479338842975
1727.9816513761468
1762.5954198473282
1855.9633027522937
1775.0
1709.2807424593968
1775.084175084175
1899.4736842105262
1751.9163763066201
1700.0
3435.7894736842104
1736.4197530864199
1746.7692307692307
1790.995260663507
1818.4049079754602
1720.357142857143
1794.044665012407
1710.077519379845
1820.6161137440758
1708.2089552238806
2228.862973760933
1693.9903846153845
3787.076923076923
2162.5
1912.2727272727273
2087.313432835821
1994.1538461538462
2339.562624254473
2350.429799426934
2006.4308681672026
1947.208121827411
1940.909090909091
2431.800766283525
3946.685082872928
1859.1439688715952
2191.0662824207493
3236.1930294906165
1943.6746987951808
1938.244514106583
1936.674816625917
2137.3831775700933
1949.8498498498498
1867.1186440677966
1940.175953079179
1975.0798722044728
1987.7272727272727
2174.226804123711
1945.398773006135
1995.578231292517
3942.823529411765
2192.2077922077924
3619.9507389162563
1927.3062730627307
2049.3449781659388
1793.212669683258
1809.811320754717
2012.2171945701357
1916.9398907103825
2085.2331606217617
2260.843373493976
1912.8
1956.9395017793595
1768.5039370078741
3768.0555555555557
1974.0983606557377
2151.815181518152
2057.908163265306
1908.5106382978724
1839.929328621908
1941.8181818181818
1908.8541666666667
1966.8316831683169
1812.1771217712178
2233.7620578778137
2162.125340599455
309.26773455377577
309.64285714285717
310.03184713375794
309.7826086956522
309.49367088607596
309.5609065155807
309.62566844919786
310.02227171492206
309.62566844919786
309.3967517401392
309.44055944055947
309.35550935550935
310.0
309.4106463878327
309.45709281961473
309.86842105263156
310.02227171492206
309.3587521663778
309.53389830508473
309.825327510917
309.97536945812806
309.375
309.9778270509978
310.03184713375794
309.8468271334792
309.86842105263156
309.8780487804878
309.62566844919786
309.86842105263156
309.2696629213483
309.6514745308311
309.2920353982301
310.0
309.8360655737705
309.96835443037975
309.84095427435386
309.4903339191564
309.3994778067885
309.70588235294116
309.2071611253197
309.744094488189
309.2071611253197
309.24657534246575
309.2255125284738
309.64285714285717
309.20454545454544
309.35064935064935
309.2696629213483
309.55598455598454
309.64285714285717
309.62566844919786
309.69827586206895
309.7649186256781
