-0.08062573223625145
-0.09772119292553604
-0.1478051124032796
-0.060217679292888016
-0.15917176100741542
-0.04943803892218813
-0.12013512219302626
-0.24749119491299645
-0.15025982604918256
-0.038002265528268
-0.0349313129114497
-0.04176365875383066
-0.1648647225214905
-0.16602211628057795
-0.033953459538745505
-0.11043958203642491
-0.11649192588434357
-0.1446218604954482
-0.04778238934066748
-0.36749761962112987
-0.12146519857363251
-0.0901706591562631
-0.07273698829428177
-0.1283752782816284
-0.058544381489701605
-0.07336448975578953
-0.14423161447814864
-0.044620229824015506
-0.07844420804827712
-0.033051996919064464
-0.12204962297298502
-0.03977115500722904
-0.16028421905441417
-0.11317711338929046
-0.05312053728537218
-0.08840529050432674
-0.05683341399929572
-0.022505186606762217
-0.08856800839187888
-0.17199595279610344
-0.09300065091388185
-0.03772224259755603
-0.17689915272451626
-0.2664756306337723
-0.06972566214286233
-0.08093418145853931
-0.15787754976546953
-0.11786914270104673
-0.02610922997324693
-0.05742274122204554
-0.1727394277893736
-0.10342253076953548
-0.21220510514921403
-0.2971716908668365
-0.14680393179460585
-0.8441723879118971
-0.6003517240181109
-1.114567051122865
-0.3314273079405519
-0.2761448114901509
-0.40472304003816867
-0.37727716228834296
-0.39651518506783895
-0.03546438283938876
-0.04830809576395123
-0.5042770564474786
-0.46893949617795216
-0.3971305731329822
-0.31347294351504046
-2.764964782520701
-1.7712943458943828
-2.692685781859774
-1.613182726561185
-0.7621750545250844
-0.4630024643316746
-0.6339978476056778
-0.8324447357446196
-0.30217207013741015
-0.9710266435639543
-0.4548279204786117
-0.03686500677681976
-0.6812595476657647
-0.3532558233149342
-0.6950958991112853
-1.1485749360010957
-0.4863563538871263
-0.4515682074899017
-1.291277476845992
-0.3403815672057335
-0.3641413536421733
-0.3199268189851332
-1.3983499016298595
-0.4539618404535143
-0.7746271992390675
-0.6893034524491848
-0.5059671100002355
-0.4160785150344385
-0.42714395029361074
-0.31456126691517633
-1.1524858402566163
-0.37600148350877044
-0.32934854658661733
-0.17727201298445955
-1.2637045653478165
-0.18452416602642213
-0.4474874399716659
-0.03529751069877305
-0.010125253242045752
-0.04680809913867852
-0.029272316715006085
-0.010422870733694089
-0.009704114067635116
-0.033951253242045745
-0.02723472328016028
-0.02929478999211121
-0.03155368921060454
-0.03163624555791487
-0.03148999636687745
-0.011358527129909455
-0.03441977111369251
-0.02794811015561152
-0.03339360594633912
-0.010756607679120556
-0.02688406089744534
-0.03085993646050729
-0.1271510650346057
-0.011079104315574975
-0.024303193522576122
-0.010874209959034452
-0.04600332206861483
-0.010996935809568195
-0.03352777261300579
-0.03900365298872377
-0.02760206271938394
-0.034058605946339124
-0.010355847480328592
-0.01146302711639384
-0.011739251470438264
-0.011899677605385642
-0.011503806801085058
-0.045681942286764
-0.03214994196241936
-0.01021915668600775
-0.030465857053409966
-0.024974538402191482
-0.03610456593730181
-0.010051580777003393
-0.011259757753158588
-0.03437704915744353
-0.021324152362027365
-0.010229753242045747
-0.010972450552887548
-0.0362372810598231
-0.03058978006459825
-0.029895090104505764
-0.029503417443091606
-0.011252471798695618
-0.01068734299399939
-0.030001353069469522
-0.023963637941404423
-0.020605759932079082
-0.03103991248955546
-0.020828176388098182
-0.01989952045893166
-0.01688106159385816
-0.023307960287213738
-0.01862810210788092
-0.02132834602372862
-0.023786891357368643
-0.02169468263445277
-0.0239113622844098
-0.024361304018100587
-0.024100780488688814
-0.021441611848078215
-0.022633522659490785
-0.02001318544303698
-0.018243909161522937
-0.021250627224851642
-0.025372521076739662
-0.02674040495402572
-0.023974081419230523
-0.01949635250872657
-0.0328020763555833
-0.017033175334468787
-0.023013705667323546
-0.026557114500280893
-0.01828081369551994
-0.02276678460001077
-0.02144649880394789
-0.03049888243813911
-0.019961447326496264
-0.030268365528229493
-0.025354992906989483
-0.030309668120664685
-0.02241183079405687
-0.018972844478044988
-0.021428145335800196
-0.01715486878956101
-0.02314102781730608
-0.022951519123154532
-0.014538085053840924
-0.02312163480988945
-0.01601516284163
-0.019971991715905583
-0.021372779607648072
-0.026238818251543696
-0.021261806066517713
-0.01969196410040511
-0.02262588145556868
-0.027344172983617843
-0.019035530374689733
-0.029566289086449683
-0.04224017498550431
-0.033968719902035274
-0.06341402059028498
-0.038382308005179853
-0.036000649977828855
-0.02833172662715253
-0.04530898824043624
-0.033347245006918935
-0.038919328930810904
-0.03988629640722595
-0.04128844263375011
-0.03523527997606185
-0.04993571776669843
-0.061259571411615345
-0.03143979434248079
-0.08448082866038865
-0.03533201601428517
-0.03184867172976614
-0.038223653869571814
-0.18666839583623293
-0.05036692046371898
-0.04559140565304559
-0.04659709873173098
-0.06897359498238949
-0.04872883773169907
-0.04101651763329123
-0.049994797106166326
-0.030082235754580904
-0.043668512541307596
-0.03169666114222871
-0.053689244011777035
-0.037994714302863386
-0.1388050000910144
-0.11987017766974765
-0.062087121252801976
-0.04447739512872322
-0.03405302685144483
-0.03815945773108359
-0.03077965114898984
-0.057048656670175536
-0.06082104240133377
-0.017192663007056214
-0.0434734620069445
-0.024431481040891812
-0.037124817682556446
-0.044393815981847065
-0.04517292712233813
-0.037847364378321424
-0.03837873434178235
-0.037693197347179165
-0.05494271786648865
-0.03838221398334844
-0.04915710185505224
-0.042397736775090865
-0.031059620397114844
-0.06313327803589604
-0.034568714641366335
-1.319274519140263
-0.027012956071699106
-0.040411493881524374
-0.030191507925257197
-0.03596300738533968
-0.03784957893914779
-0.03638797809601178
-0.035310102841842474
-0.046422364686215634
-0.041915778670292274
-0.031124326770889305
-0.03928656644868181
-0.0356791322203805
-0.030873964550863543
-0.037348928163534884
-0.04010394792050587
-0.0499833670917131
-0.04234625830971279
-0.03555815285267231
-0.06619281253007973
-0.026764556421640624
-0.10439375519249228
-0.050157592232565426
-0.03112669941303301
-0.03979818404627888
-0.0322108568141886
-0.05379940577780625
-0.03563095366387506
-0.05983202996023716
-0.04426721619825572
-0.061910669773746
-0.03935348684444027
-0.030961669993261342
-0.035536566902444576
-0.02702672857963317
-0.04440749800562324
-0.04150664131411751
-0.017395806854364995
-0.040594921433342035
-0.022247455001098374
-0.02862788987000115
-0.03801387509248973
-0.04345171977385143
-0.03679100389387036
-0.03446453635344548
-0.034863887537712177
-0.04951083800312323
-0.031117413846271844
-0.04434493898561289
-0.03916111252215281
-0.03134790429985135
-0.05932632947782695
-0.1906778031668829
-0.035574707575052725
-0.026103992950322674
-0.06272898933106502
-4.2911227808766625
-0.15602952598042083
-0.048532779608889784
-2.8289679020522724
-0.032535061792064696
-0.04297848087035235
-0.10567371014306808
-2.9555867642012594
-0.03709722883061084
-0.07803338095575466
-0.10694646227591802
-0.03739594401805038
-3.1279015989245957
-0.045826231440192905
-0.13006634030392564
-0.033368192636430184
-0.1582844253951519
-1.1021881356965888
-0.0865085293965823
-0.04722727973694331
-0.0278846241251044
-0.039771068873665404
-0.981884749013194
-0.05003419641694217
-0.03652954979382357
-0.05488914729617371
-0.040842589029992375
-0.10960818470331343
-0.038041659762098425
-4.939369138574093
-0.1333299605233215
-0.11611709721164254
-3.878523823978648
-0.040304752262945824
-0.015246758127213102
-0.1516084911895665
-0.09359698800336731
-0.027511048593588484
-2.880943163246988
-0.03949766141260165
-0.03591926994433666
-0.032894896962268945
-0.08048735004557561
-0.0479297031609041
-5.169862988618543
-0.04760799055157373
-0.035443597655294784
-0.026778753242045747
-0.011973959011289979
-0.027862249825373976
-0.030137174531162447
-0.024077910101629452
-0.010376073414571106
-0.027072064249276457
-0.01017218749656754
-0.0316647796978435
-0.03178505674672605
-0.010530744807625891
-0.037951138241020574
-0.03441471407947197
-0.027990036600445144
-0.033481105946339115
-0.02944769899315174
-0.009997440446838757
-0.030764131375761537
-0.03379610266109587
-0.039081173281092216
-0.03484344352257612
-0.029520061086284848
-0.04702835391574858
-0.023127001455082417
-0.033539439279672456
-0.011047701769211576
-0.027573613521522978
-0.03426860594633912
-0.029115323135759298
-0.04050195473033487
-0.0310419063376949
-0.04654723316094119
-0.011392026670850916
-0.04660789165385261
-0.03243349150293677
-0.02773588779321337
-0.02384363773226114
-0.01035853678488902
-0.011178120924514085
-0.03183949416283017
-0.01116451478640667
-0.03474750577844809
-0.010974995186628733
-0.010168003242045748
-0.010791086916523918
-0.036396190150732186
-0.03062464897845594
-0.030018333347749015
-0.010229753242045746
-0.040306215114203646
-0.02766204126986146
-0.036733479624184565
