-0.11400987525987534
0.1950847150259068
0.2870859621451104
0.13150946938775518
0.30350271903323256
-0.05047922971114178
0.36470866900175136
0.2298517699115046
0.3828361183637946
0.6729031620553361
-0.2961512987012984
0.22285103448275873
0.4482696569920845
0.3910543889845095
0.5101122186495177
0.5005954166666666
0.4920641569459173
-0.06711369399830942
0.12713765432098773
-0.0981733333333332
0.12735605875152972
0.4663326175869119
0.43905239583333344
0.45578784773060027
0.4120190654205607
0.3329314285714285
0.4392746760895171
0.27633328301886795
0.328120897155361
0.12040454189506658
0.6052141943734014
0.5762611519607844
0.37074301587301595
0.4751564238410595
0.36486925465838516
0.10841624266144795
0.3496283505154639
0.4149085211267606
0.6795667222685572
0.31461625000000004
0.4727688405797101
0.20807952755905507
0.37701020408163255
0.10724362272240055
0.27230314136125666
-0.04291139101862001
0.5998410447761192
0.29614609865470853
0.11056611642050386
0.49917012345679024
0.31292733245729304
0.048950453720508075
0.1948420769919427
