0.02784080076263107
0.03429434850863425
0.053155223880597055
0.020178939617083932
0.057417117117117125
0.01610718789407314
0.04270718654434251
0.09061490031479542
0.054039796782387815
0.01186291913214991
0.01066303270564915
0.01326597582037997
0.059585335018963334
0.05996700507614213
0.01030523917995444
0.039105427974947815
0.04145959104186951
0.05192619626926197
0.015512891344383049
0.1358125
0.04324660633484164
0.031471428571428574
0.02491384317521782
0.04585734870317002
0.01957116279069768
0.02513587487781036
0.05183139534883719
0.01433811320754717
0.027098969072164948
0.009976415094339613
0.04346227544910184
0.012543715846994522
0.057865248226950355
0.0401330108827086
0.017561624649859952
0.030792558139534902
0.018902661596958165
0.005994897959183681
0.030863327674023774
0.06224069767441855
0.03251421188630491
0.011739413680781758
0.06407261410788384
0.09775074775672982
0.023771693344566122
0.028023605150214587
0.05695828220858896
0.04186382280557835
0.007355537052456277
0.019157109190887662
0.06251488833746903
0.03640871934604904
0.07735273972602738
0.10993953488372095
0.05338114754098364
0.3155336134453781
0.2238598484848485
0.4171682926829268
0.12277897990726427
0.10201028806584359
0.15033875338753389
0.14003305785123965
0.14725067385444746
0.011545232273838631
0.01637995824634656
0.18772661870503593
0.17449010989010993
0.14749317738791426
0.11604427083333334
1.0375248447204968
0.6639587378640778
1.010386075949367
0.6045228758169935
0.28465861027190337
0.17225185185185185
0.23650400000000002
0.31112448132780085
0.11179749999999997
0.3632379679144385
0.16915976331360955
0.012075134168157427
0.25429815303430076
0.13102285714285716
0.25945098039215686
0.4299490196078431
0.18099999999999994
0.16795172413793102
0.4835862068965518
0.1261392694063927
0.13509611451942738
0.11847360912981453
0.5238591885441528
0.16881595092024537
0.2893962703962704
0.257343085106383
0.1883879781420765
0.15461111111111112
0.15877709611451943
0.11644086021505377
0.4314307692307692
0.13953586497890297
0.12199780701754386
0.06483844580777096
0.47324054982817865
0.06757276995305164
0.16640709812108556
0.010558352402745995
0.0010946428571428587
0.014885350318471336
0.008292642140468228
0.0012067510548523217
0.0009362606232294616
0.010051785714285714
0.007527272727272726
0.008301247771836008
0.0091508120649652
0.009181818181818182
0.009126819126819128
0.001558333333333335
0.010228136882129278
0.007795096322241682
0.009842105263157895
0.0013318485523385302
0.007395147313691508
0.008889830508474575
0.04508910891089111
0.0014532019704433486
0.006424999999999999
0.0013761061946902665
0.0145828025477707
0.001422319474835887
0.009892543859649123
0.011951219512195122
0.007664884135472372
0.010092105263157897
0.0011816479400749073
0.0015978552278820381
0.0017020648967551635
0.0017619047619047608
0.0016130790190735703
0.014462025316455695
0.009374501992031874
0.0011300527240773318
0.008741514360313316
0.006677103718199609
0.010861892583120205
0.0010669291338582675
0.0015217391304347826
0.01021232876712329
0.005305239179954441
0.0011339285714285713
0.001413636363636362
0.010911688311688313
0.008788389513108614
0.008527027027027026
0.008379679144385027
0.0015187165775401065
0.0013060344827586206
0.008566787003610108
0.006303834808259588
0.005041474654377881
0.008964088397790053
0.005125089863407619
0.004775971093044264
0.003641212121212121
0.006057339449541285
0.004297994269340977
0.005313123561013046
0.00623738872403561
0.00545084409136047
0.00628418230563003
0.0064533333333333335
0.006355392156862744
0.005355704697986577
0.00580379146919431
0.004818702290076339
0.004153560830860533
0.005283905967450272
0.006833490122295391
0.0073477321814254875
0.006307760927743085
0.0046244041944709215
0.00962655601659751
0.0036983977379830327
0.005946717411988581
0.007278825995807132
0.004167434715821813
0.005853889943074004
0.005357541899441342
0.008760693641618493
0.0047992518703241895
0.008674033149171268
0.006826900584795324
0.008689560439560437
0.005720448662640207
0.004427596664139499
0.005350642099385817
0.003744147157190636
0.005994582881906826
0.005923339011925042
0.00276039387308534
0.005987292277614861
0.003315686274509804
0.004803215926493107
0.005329827915869982
0.0071591657519209685
0.005288108539505187
0.0046979423868312754
0.005800918836140887
0.007574712643678166
0.004451162790697674
0.008410094637223971
0.014120743034055732
0.010735376044568245
0.0217926267281106
0.012366834170854263
0.011477341389728097
0.008661190965092403
0.014989389920424393
0.010498381877022653
0.012573298429319372
0.01296085409252669
0.013515901060070673
0.01151111111111111
0.016728813559322066
0.020978494623655915
0.009896470588235295
0.029689655172413794
0.011216129032258064
0.009922305764411036
0.012304477611940298
0.06807936507936507
0.016897163120567375
0.015081818181818182
0.015470769230769232
0.02390865384615391
0.016284789644012945
0.013359621451104102
0.016761904761904763
0.009574468085106381
0.014364485981308467
0.010126237623762361
0.01812313432835821
0.012227272727272727
0.05011467889908256
0.04300395256916996
0.021279816513761467
0.014657303370786521
0.010769028871391076
0.01229433272394881
0.009520114942528735
0.019402097902097903
0.02082978723404255
0.004659649122807053
0.014275167785234898
0.007131147540983606
0.011892682926829268
0.014607361963190183
0.014928838951310862
0.012173228346456693
0.012399408284023677
0.012116883116883116
0.018608000000000003
0.012415335463258787
0.016415760869565227
0.014133126934984521
0.00952843601895728
0.02165437788018433
0.010889135254988913
0.4938490028490028
0.008079335793358074
0.013054245283018859
0.009226299694189602
0.011385342789598107
0.012138364779874214
0.011582278481012648
0.011532033426183844
0.01529803921568626
0.013631313131313112
0.00969745958429564
0.012622754491017988
0.01127828746177369
0.0094874715261959
0.011899999999999997
0.012934523809523809
0.016671232876712325
0.0138072625698324
0.011224242424242447
0.02278440366972477
0.007967164179104478
0.03710778443113772
0.016744107744107745
0.00995508274231679
0.01285628742514969
0.010252475247524762
0.01811194029850746
0.01122727272727278
0.020371559633027524
0.014519083969465657
0.02115137614678899
0.01268010752688172
0.009503480278422299
0.01120538720538719
0.008086842105263158
0.014585365853658536
0.0135
0.004670175438596499
0.013138888888888844
0.006227692307692267
0.008618483412322277
0.012177914110429445
0.014217857142857148
0.011704714640198493
0.010837209302325545
0.010962085308056917
0.016500000000000094
0.009612244897959052
0.014521634615384617
0.012938461538461527
0.009736702127659574
0.020231818181818243
0.06962189054726368
0.011310769230769062
0.007797216699801193
0.021561604584527223
1.611128617363344
0.056581218274111424
0.016178571428571344
1.0615134099616859
0.010488950276243095
0.01406614785992218
0.03768876080691627
1.1092493297587134
0.01187650602409639
0.027269592476489028
0.038129584352078166
0.012
1.173831831831832
0.015152542372881356
0.04681231671554255
0.010472843450479144
0.057440909090908966
0.41231615120274906
0.030447852760736246
0.01568707482993198
0.008738823529411764
0.012909090909090908
0.3673103448275862
0.016738007380073798
0.011685589519650656
0.018552036199095023
0.013252830188679248
0.039131221719457016
0.012226775956283997
1.8548497409326425
0.04807028112449811
0.041586666666666675
1.4560000000000002
0.013062992125984402
0.003944444444444602
0.05492459016393443
0.03312541254125396
0.008275510204081632
1.0809787234042554
0.012763250883392226
0.01142077922077923
0.01028385416666637
0.02818069306930693
0.015933579335793358
1.9415273311897108
0.015836512261580383
0.010613272311212812
0.007355357142857143
0.0017898089171974492
0.007762541806020067
0.008618143459915613
0.006339943342776205
0.0011889483065953663
0.007465478841870824
0.0011122994652406424
0.009192575406032482
0.009237762237762235
0.0012474012474012477
0.011555555555555557
0.010226235741444866
0.007810858143607706
0.009874999999999998
0.008358574610244989
0.00104679376083189
0.008853813559322035
0.009993449781659388
0.011980295566502463
0.0103875
0.008385809312638581
0.014968152866242037
0.005982494529540482
0.009896929824561404
0.0014414634146341487
0.007654188948306597
0.010171052631578947
0.008234082397003744
0.012514745308310996
0.008958702064896755
0.014787301587301583
0.0015710382513661205
0.01481012658227848
0.009481113320079523
0.007715289982425309
0.0062519582245430805
0.0011823529411764718
0.001491048593350383
0.009257874015748032
0.0014859335038363165
0.010351598173515981
0.0014145785876993164
0.0011107142857142852
0.001345454545454546
0.010971428571428571
0.008801498127340827
0.008573359073359075
0.0011339285714285705
0.012441176470588237
0.007687500000000001
0.011097649186256778
