0.03890332640332641
0.03759326424870466
0.051458990536277616
0.03319428571428573
0.014326283987915406
0.03987345254470428
0.027573555166374785
0.01269911504424779
0.022794604003481284
0.046976284584980224
0.018145021645021644
0.018272413793103452
0.0589868073878628
0.02180378657487092
0.012080385852090031
0.03915416666666667
0.022635206786850475
0.0880684699915469
0.04203086419753086
0.14880000000000002
0.06292166462668299
0.039027607361963194
0.02862395833333332
0.02764714494875548
0.032871028037383176
0.03666813186813188
0.028393404004711426
0.022406037735849073
0.02716083150984683
0.016552858261550507
0.014162404092071595
0.02826348039215685
0.041798412698412696
0.021301986754966876
0.02328260869565219
0.029160469667318962
0.01647938144329897
0.02161478873239437
0.0258256880733945
0.03373749999999997
0.036434782608695655
0.022959505061867277
0.018582766439909307
0.044178992497320484
0.039478184991274
0.07269112814895945
0.023813432835820898
0.03291210762331837
0.030658557775847087
0.03521069958847734
0.03161760840998687
0.022107078039927414
0.04198567591763654
0.009543778801843318
0.3966999999999999
0.5362519083969466
0.1526848816029144
0.4770709046454767
0.22550839694656494
0.30898062015503874
0.3839800498753117
0.40523865877712034
0.4237519788918206
0.202679706601467
0.007210855949895615
0.5031479099678458
0.3190147991543341
0.3158931297709924
0.3844962962962963
0.7988021978021979
0.8630136674259682
1.3238625730994154
0.9548479532163743
0.50025
0.3855610328638497
0.3269650872817956
0.5525530303030304
0.26566343825665856
0.4284226044226045
0.46057500000000007
0.004624329159212878
0.41414888337468986
0.05444781783681214
0.4856947040498443
1.1178773234200743
0.47879245283018873
0.4756056782334386
0.5483357933579336
0.2015304347826087
0.3234365384615384
0.31108647140864715
0.46823008849557524
0.37776106194690257
0.36202188183807443
0.03380263157894736
0.431012987012987
0.5203662337662338
0.35810958904109597
0.4242699228791773
0.5053940298507462
0.34263655030800816
0.26470063694267515
0.38505078125
0.5093322784810127
0.13306206896551726
0.4275486542443065
0.00206422018348624
0.0012642857142857143
0.003207006369426755
0.0009899665551839462
0.0022473572938689216
0.0015560283687943272
0.001860714285714286
0.0024008908685968816
0.0023208556149732643
0.0025081206496519715
0.004505827505827505
0.002253638253638255
0.0029499999999999995
0.002045627376425856
0.0024238178633975475
0.0024342105263157887
0.0022561247216035638
0.0019220103986135179
0.002328389830508475
0.010362745098039213
0.002418719211822663
0.0022729166666666666
0.002400442477876106
0.003210862619808304
0.003006564551422319
0.0022346491228070154
0.00275609756097561
0.0010392156862745101
0.002280701754385966
0.0029325842696629216
0.002707774798927615
0.0029321533923303833
0.0017142857142857138
0.002743169398907102
0.0032310126582278513
0.0021374501992031873
0.001778558875219684
0.0013537859007832914
0.002143137254901961
0.0026291560102301775
0.00211023622047244
0.00139386189258312
0.002385844748858448
0.0012961275626423691
0.0018859180035650641
0.0024054669703872412
0.0024727272727272727
0.0015459662288930577
0.002048355899419729
0.001974999999999999
0.002609625668449197
0.0024374999999999996
0.0016209386281588443
0.0061561886051080565
0.005275384615384616
0.006593406593406591
0.005725179856115107
0.002886075949367088
0.0028401215805471127
0.006595565749235474
0.003206077872744539
0.005893076923076922
0.006424302788844622
0.006040836653386453
0.004034111310592463
0.008023002421307504
0.007644844517184946
0.003420699925539835
0.006866603595080414
0.005958851674641147
0.0052068198665678285
0.005271247739602171
0.004333645735707592
0.00806989247311828
0.007097122302158274
0.00612248803827751
0.010752762430939217
0.0049458689458689465
0.0024966887417218545
0.0077692307692307635
0.0046789554531489995
0.006686384976525818
0.0035784860557768945
0.0033731343283582085
0.003117206982543639
0.00998337950138504
0.007428405122235158
0.006439726027397257
0.006475409836065573
0.005395454545454545
0.005867301231802913
0.004719430485762144
0.00742701525054466
0.007421994884910489
0.001434065934065933
0.0069823874755381606
0.005000000000000002
0.004810542398777693
0.006550583657587549
0.007232891832229579
0.0032103585657370522
0.005760833333333333
0.003239230769230769
0.004209195402298851
0.005203720930232556
0.007245736434108525
0.020708978328173377
0.033064133016627084
0.024152073732718892
0.013064301552106429
0.025743589743589746
0.008260147601476015
0.01761229314420804
0.027788990825688073
0.013011848341232226
0.022621451104100947
0.0372984126984127
0.011819444444444436
0.020433070866141732
0.01337121212121212
0.1835671296296296
0.014622754491017966
0.05841284403669725
0.029522831050228314
0.04743714285714286
0.0403781512605042
0.016267123287671232
0.02025418994413407
0.026267477203647416
0.02269585253456221
0.0713044776119403
0.020374251497005988
0.023676767676767678
0.009832151300236408
0.03143413173652695
0.015499999999999996
0.02164925373134327
0.012045454545454545
0.023050458715596328
0.01433206106870229
0.020591743119266055
0.026518817204301073
0.02745707656612529
0.02528451178451178
0.02258157894736842
0.015227272727272726
0.026425925925925936
0.006347368421052632
0.025907407407407407
0.037443076923076926
0.02768009478672986
0.022361963190184048
0.028457142857142858
0.013789081885856078
0.01741860465116279
0.01551658767772512
0.04592537313432836
0.041979532163742686
0.040139759036144584
0.013959752321981404
0.00944418052256532
0.021359447004608293
0.010742793791574279
0.01127920227920228
0.007974169741697417
0.01733096926713948
0.009697247706422017
0.011151658767772512
0.012018927444794953
0.01219047619047619
0.011802777777777777
0.015976377952755905
0.013414141414141415
0.15152314814814816
0.013128742514970058
0.011116207951070337
0.009394977168949771
0.012257142857142857
0.01325
0.01620136518771331
0.013818435754189944
0.011088145896656536
0.022714285714285715
0.008483582089552239
0.013203592814371258
0.016454545454545454
0.009841607565011826
0.013377245508982036
0.010490099009900996
0.017869402985074626
0.012037190082644629
0.02084862385321101
0.03374427480916031
0.020926605504587158
0.012594086021505375
0.009863109048723898
0.010833333333333332
0.008576315789473684
0.014650349650349651
0.013423280423280422
0.005866666666666668
0.013641975308641975
0.00696
0.008597156398104266
0.01266564417177914
0.014617857142857143
0.011389578163771712
0.011116279069767442
0.010976303317535544
0.016921641791044776
0.009994152046783627
0.014262650602409638
0.012747692307692307
0.06627358490566038
0.030086363636363637
0.023118942731277535
0.05381073446327683
0.10344036697247706
0.11133333333333333
0.04897272727272728
0.017157647058823527
0.010925
1.5311939799331107
0.010787292817679558
0.026214007782101166
0.0967468671679198
1.9409814323607426
0.03726112759643917
0.014993939393939395
0.08324716553287982
0.06888668555240793
0.0631622418879056
0.015155932203389831
0.012994459833795014
0.014828313253012048
0.021054545454545454
1.114453172205438
0.02842433234421365
0.015413333333333333
0.008974117647058816
0.05255786350148368
0.0030369458128078745
0.02582287822878229
0.7789959183673468
0.028054298642533934
0.03607547169811321
0.07914027149321266
0.09617333333333333
0.039317972350230414
0.0970284757118928
0.07681462140992167
0.013792387543252594
0.012763779527559057
0.06077083333333334
0.012437308868501529
0.006701219512195122
0.06312470588235294
0.12785714285714286
0.013480565371024735
0.02320689655172414
0.010487179487179487
0.03714352941176471
0.015501845018450183
0.5128231884057971
0.04381578947368421
0.0023830275229357787
0.0018660714285714287
0.0034363057324840736
0.0018578595317725764
0.0022198731501057094
0.0008524822695035465
0.0019144385026737942
0.007436363636363635
0.001919642857142857
0.002447795823665894
0.0024778554778554767
0.0021891891891891897
0.0028333333333333327
0.0019714828897338405
0.0018021015761821365
0.002377192982456135
0.0012293986636971045
0.0018214904679376086
0.002165254237288137
0.0022510917030567684
0.001386699507389164
0.0011791666666666658
0.0023680709534368073
0.003357827476038336
0.002352297592997811
0.002754385964912279
0.011997555012224945
0.001778571428571429
0.0012828947368421037
0.0019194756554307103
0.0029624664879356576
0.003171091445427729
0.003847619047619046
0.0027956403269754765
0.006088888888888888
0.0014003984063745039
0.007653778558875219
0.001430809399477806
0.0021784313725490187
0.0025601023017902823
0.0019842519685039357
0.00262148337595908
0.0024200913242009127
0.002405466970387243
0.002285204991087343
0.0012847380410022753
0.0020857142857142862
0.0020281425891182005
0.003767891682785299
0.008421428571428571
0.0029061662198391447
0.0021185344827586204
0.001949458483754514
