2143.75
2053.1421838177534
1620.5530642750373
2126.713338246131
1934.761045987376
2295.3627760252366
2118.362662586075
1943.8550420168067
2021.3983050847457
1938.5488647581442
2095.9821428571427
1997.0613656006915
1622.7215189873418
2028.662150719729
2110.2963525835867
1850.5747126436781
1363.2066276803118
2005.8035714285713
2073.5023041474656
532.258064516129
1781.370328425821
1973.4509056244042
1929.9903100775193
1633.4054834054834
2012.243947858473
2001.908023483366
1773.3993015133876
2024.9622356495468
1833.28173374613
2100.196695515342
1808.693045563549
1793.9124487004103
1588.0681818181818
1803.4503631961259
1708.765778401122
2049.1154562383613
2152.8538812785387
2180.57288712422
1942.6508071367884
1758.7310826542491
2070.1293103448274
2018.1521739130435
1855.39979231568
1946.2574850299402
2043.8870151770657
1813.0504833512352
1677.4570024570025
2047.4137931034484
2116.2916666666665
1971.3050314465409
1720.9937888198758
2209.8636363636365
2016.0668380462726
248.6013986013986
376.2833675564682
452.1097046413502
436.3377609108159
468.82640586797066
372.5232198142415
345.6701030927835
357.7445652173913
333.2298136645963
378.7837837837838
275.12254901960785
257.8451882845188
501.6245487364621
345.26431718061673
359.08203125
326.5013054830287
840.6542056074767
806.4476885644768
738.2539682539683
755.4098360655738
518.030303030303
347.8960396039604
437.2994652406417
424.375
330.45112781954884
373.8605898123324
416.76557863501483
268.5483870967742
404.36507936507934
254.293893129771
537.2131147540983
492.3228346456693
452.14592274678114
382.8719723183391
488.961038961039
409.26773455377577
340.2663934426229
334.5
427.8708133971292
476.46153846153845
379.3224299065421
306.53333333333336
391.9178082191781
379.44297082228115
339.85655737704917
371.83288409703505
449.2283950617284
400.10570824524314
388.02197802197804
335.7581967213115
439.13793103448273
298.70588235294116
396.3389121338912
17.545871559633028
18.51520572450805
18.690095846645367
18.844221105527637
18.076109936575055
18.51063829787234
18.51520572450805
17.425968109339408
18.482142857142858
17.790697674418606
17.873831775700936
17.8125
18.802228412256266
18.0
18.157894736842106
18.791208791208792
19.084821428571427
17.96875
18.15286624203822
22.5
18.88888888888889
17.849686847599166
18.957871396895786
18.690095846645367
18.75
18.791208791208792
18.704156479217605
18.482142857142858
18.791208791208792
17.72983114446529
18.14516129032258
17.307692307692307
18.630573248407643
18.442622950819672
18.571428571428573
18.862275449101798
18.221830985915492
18.235294117647058
18.529411764705884
17.307692307692307
18.63905325443787
17.307692307692307
17.505720823798626
17.465753424657535
18.51520572450805
17.425968109339408
17.578125
17.72983114446529
18.27852998065764
18.482142857142858
18.096514745308312
18.466522678185743
18.71609403254973
0.0
0.0
0.0
0.0
0.0
0.0
0.0
0.0
0.0
0.0
0.0
0.0
0.0
0.0
0.0
0.0
0.0
0.0
0.0
0.0
0.0
0.0
0.0
0.0
0.0
0.0
0.0
0.0
0.0
0.0
0.0
0.0
0.0
0.0
0.0
0.0
0.0
0.0
0.0
0.0
0.0
0.0
0.0
0.0
0.0
0.0
0.0
0.0
0.0
0.0
0.0
0.0
0.0
72.67080745341615
230.16759776536313
146.2962962962963
212.09068010075566
172.42424242424244
300.20576131687244
244.41489361702128
165.25974025974025
199.73753280839895
216.07142857142858
253.90070921985816
9.470752089136491
215.74468085106383
198.6522911051213
87.02830188679245
195.91194968553458
192.5566343042071
193.21608040201005
213.47305389221557
162.90322580645162
150.53380782918148
179.93920972644378
135.49382716049382
131.8840579710145
211.03896103896105
189.55696202531647
142.66211604095562
8.056872037914692
220.625
142.92803970223326
174.5318352059925
148.96265560165975
138.24884792626727
197.22222222222223
203.2258064516129
177.18309859154928
170.78947368421052
200.54945054945054
164.55331412103746
133.33333333333334
182.0121951219512
136.61971830985917
245.45454545454547
223.35526315789474
167.48166259168704
196.30769230769232
131.203007518797
201.8421052631579
178.93175074183975
219.53125
182.7309236947791
232.37179487179486
252.04359673024524
171.42857142857142
217.3396674584323
129.62962962962962
148.22222222222223
160.0
242.3290203327172
226.0047281323877
182.51533742331287
187.44075829383885
149.52681388012618
246.34920634920636
23.463687150837988
235.03937007874015
241.26582278481013
201.38888888888889
204.5045045045045
147.85276073619633
163.6986301369863
203.72492836676219
215.52238805970148
164.60481099656357
158.26330532212884
239.209726443769
167.2811059907834
197.60479041916167
167.56756756756758
152.36486486486487
64.92890995260663
265.76576576576576
239.70223325062034
155.8052434456929
246.05809128630705
168.6635944700461
205.7471264367816
231.79723502304148
173.58490566037736
182.5581395348837
243.3389544688027
144.06332453825857
143.35664335664336
127.05570291777188
251.40845070422534
193.80804953560371
208.33333333333334
194.29928741092635
191.69230769230768
157.70609318996415
233.33333333333334
155.69948186528498
257.24465558194777
158.42696629213484
290.9356725146199
222.89156626506025
126.23456790123457
277.6
198.17351598173516
308.7281795511222
220.06172839506172
260.7569721115538
283.62068965517244
303.5483870967742
255.97964376590332
198.371335504886
256.15384615384613
9.418282548476455
276.953125
255.49132947976878
148.65591397849462
221.75226586102718
191.50943396226415
262.0098039215686
322.1875
236.14457831325302
181.6326530612245
280.29411764705884
242.30769230769232
221.00456621004565
226.20689655172413
252.0
227.3037542662116
19.81132075471698
287.9478827361564
205.92592592592592
216.2962962962963
168.42105263157896
151.8181818181818
289.0151515151515
322.27272727272725
218.63013698630138
256.3636363636364
381.6901408450704
169.51871657754012
325.7142857142857
180.0
133.79790940766551
250.98684210526315
352.9801324503311
302.0460358056266
226.21951219512195
197.1631205673759
274.21875
245.4308093994778
287.3449131513648
180.74074074074073
214.83870967741936
353.8251366120219
17.545871559633028
18.51520572450805
18.690095846645367
18.844221105527637
18.076109936575055
18.51063829787234
18.482142857142858
19.084821428571427
18.482142857142858
17.790697674418606
17.873831775700936
17.8125
18.802228412256266
18.0
18.157894736842106
18.791208791208792
19.084821428571427
17.96875
18.15286624203822
18.708971553610503
18.88888888888889
17.849686847599166
19.0
18.690095846645367
18.75
18.791208791208792
18.704156479217605
18.482142857142858
18.791208791208792
17.72983114446529
18.14516129032258
17.307692307692307
18.630573248407643
18.493150684931507
18.571428571428573
18.824701195219124
18.221830985915492
18.235294117647058
18.56581532416503
17.307692307692307
18.63905325443787
17.307692307692307
17.505720823798626
17.465753424657535
18.51520572450805
17.425968109339408
17.578125
17.72983114446529
18.27852998065764
18.51520572450805
18.096514745308312
18.466522678185743
18.75
