2143.75
2053.1421838177534
1620.5530642750373
2126.713338246131
1934.761045987376
2295.3627760252366
2118.362662586075
1943.8550420168067
2021.3983050847457
1938.5488647581442
2095.9821428571427
1997.0613656006915
1622.7215189873418
2028.662150719729
2110.2963525835867
1850.5747126436781
1363.2066276803118
2005.8035714285713
2073.5023041474656
532.258064516129
1781.370328425821
1973.4509056244042
1929.9903100775193
1633.4054834054834
2012.243947858473
2001.908023483366
1773.3993015133876
2024.9622356495468
1833.28173374613
2100.196695515342
1808.693045563549
1793.9124487004103
1588.0681818181818
1803.4503631961259
1708.765778401122
2049.1154562383613
2152.8538812785387
2180.57288712422
1942.6508071367884
1758.7310826542491
2070.1293103448274
2018.1521739130435
1855.39979231568
1946.2574850299402
2043.8870151770657
1813.0504833512352
1677.4570024570025
2047.4137931034484
2116.2916666666665
1971.3050314465409
1720.9937888198758
2209.8636363636365
2016.0668380462726
