655.954631 0.0172413793103
660.287081 0.0344827586207
679.764706 0.051724137931
682.800983 0.0689655172414
701.449275 0.0862068965517
706.047516 0.103448275862
710.92437 0.120689655172
723.148148 0.137931034483
727.25724 0.155172413793
733.510638 0.172413793103
753.864734 0.189655172414
755.191257 0.206896551724
757.619048 0.224137931034
764.721485 0.241379310345
765.898618 0.258620689655
766.579634 0.275862068966
776.223776 0.293103448276
786.563877 0.310344827586
793.656093 0.327586206897
795.0 0.344827586207
797.285068 0.362068965517
800.0 0.379310344828
800.704225 0.396551724138
809.756098 0.413793103448
811.547912 0.431034482759
811.711712 0.448275862069
815.315315 0.465517241379
816.764706 0.48275862069
824.090909 0.5
826.73031 0.51724137931
843.014706 0.534482758621
843.516484 0.551724137931
845.112782 0.568965517241
847.175141 0.586206896552
847.529412 0.603448275862
857.511737 0.620689655172
858.862876 0.637931034483
859.250585 0.655172413793
860.97561 0.672413793103
866.478873 0.689655172414
870.942408 0.706896551724
871.361502 0.724137931034
874.92163 0.741379310345
877.803204 0.758620689655
881.326781 0.775862068966
881.458967 0.793103448276
894.690265 0.810344827586
897.69821 0.827586206897
900.0 0.844827586207
901.115242 0.862068965517
902.988506 0.879310344828
911.926606 0.896551724138
919.033233 0.913793103448
928.608924 0.931034482759
949.224806 0.948275862069
952.147239 0.965517241379
960.135135 0.98275862069
991.646192 1.0