2 0 86 87 737 8.471264367816092 https://www.sml2.org/dash/0b4SVyP0IqI/media/init-stream1.m4s
3 97 185 584 102708 210.8993839835729 https://www.sml2.org/dash/0b4SVyP0IqI/media/chunk-stream1-00001.m4s
7 5108 5828 6553 100741 69.71695501730103 https://www.sml2.org/dash/0b4SVyP0IqI/media/chunk-stream1-00002.m4s
11 9563 10125 10710 100807 87.88753269398431 https://www.sml2.org/dash/0b4SVyP0IqI/media/chunk-stream1-00003.m4s
12 10717 11473 12176 101033 69.2481151473612 https://www.sml2.org/dash/0b4SVyP0IqI/media/chunk-stream1-00004.m4s
15 16184 16277 16587 100731 249.95285359801488 https://www.sml2.org/dash/0b4SVyP0IqI/media/chunk-stream1-00005.m4s
17 16594 16693 17345 100626 133.98934753661786 https://www.sml2.org/dash/0b4SVyP0IqI/media/chunk-stream1-00006.m4s
20 17851 18525 18813 100779 104.75987525987526 https://www.sml2.org/dash/0b4SVyP0IqI/media/chunk-stream1-00007.m4s
22 18825 19628 20259 101240 70.59972105997211 https://www.sml2.org/dash/0b4SVyP0IqI/media/chunk-stream1-00008.m4s
24 22266 23159 23848 100809 63.72250316055626 https://www.sml2.org/dash/0b4SVyP0IqI/media/chunk-stream1-00009.m4s
25 23854 25016 25841 100627 50.64267740312028 https://www.sml2.org/dash/0b4SVyP0IqI/media/chunk-stream1-00010.m4s
27 29353 29443 29443 737 8.188888888888888 https://www.sml2.org/dash/0b4SVyP0IqI/media/init-stream0.m4s
28 29447 29537 30286 201981 240.74016686531584 https://www.sml2.org/dash/0b4SVyP0IqI/media/chunk-stream0-00010.m4s
29 30292 30382 31037 201190 270.0536912751678 https://www.sml2.org/dash/0b4SVyP0IqI/media/chunk-stream0-00011.m4s
32 45055 48106 49749 201948 43.02258201959949 https://www.sml2.org/dash/0b4SVyP0IqI/media/chunk-stream0-00012.m4s
33 49756 53194 54712 201163 40.589790153349476 https://www.sml2.org/dash/0b4SVyP0IqI/media/chunk-stream0-00013.m4s
36 61724 64973 66734 201786 40.276646706586824 https://www.sml2.org/dash/0b4SVyP0IqI/media/chunk-stream0-00014.m4s
37 66740 72406 76009 201531 21.74247491638796 https://www.sml2.org/dash/0b4SVyP0IqI/media/chunk-stream0-00015.m4s
40 93031 94647 95366 201642 86.35631691648823 https://www.sml2.org/dash/0b4SVyP0IqI/media/chunk-stream0-00016.m4s
42 95373 97222 98178 201695 71.90552584670232 https://www.sml2.org/dash/0b4SVyP0IqI/media/chunk-stream0-00017.m4s
44 98185 99869 100740 201423 78.8348336594912 https://www.sml2.org/dash/0b4SVyP0IqI/media/chunk-stream0-00018.m4s
46 100748 102509 103474 201875 74.05539251650771 https://www.sml2.org/dash/0b4SVyP0IqI/media/chunk-stream0-00019.m4s
47 103486 103570 104225 201041 272.0446549391069 https://www.sml2.org/dash/0b4SVyP0IqI/media/chunk-stream0-00020.m4s
49 106740 106824 107849 201931 182.0838593327322 https://www.sml2.org/dash/0b4SVyP0IqI/media/chunk-stream0-00021.m4s
51 115366 115454 116385 201228 197.47595682041216 https://www.sml2.org/dash/0b4SVyP0IqI/media/chunk-stream0-00022.m4s
53 124403 124501 126720 202097 87.22356495468279 https://www.sml2.org/dash/0b4SVyP0IqI/media/chunk-stream0-00023.m4s
54 126727 126830 129978 200920 61.80252230083051 https://www.sml2.org/dash/0b4SVyP0IqI/media/chunk-stream0-00024.m4s
57 139998 140083 140756 201937 266.4076517150396 https://www.sml2.org/dash/0b4SVyP0IqI/media/chunk-stream0-00025.m4s
58 140762 140854 141679 201344 219.56815703380587 https://www.sml2.org/dash/0b4SVyP0IqI/media/chunk-stream0-00026.m4s
61 155201 155286 156036 201813 241.69221556886228 https://www.sml2.org/dash/0b4SVyP0IqI/media/chunk-stream0-00027.m4s
63 163051 163138 163954 201394 223.02768549280177 https://www.sml2.org/dash/0b4SVyP0IqI/media/chunk-stream0-00028.m4s
65 171475 171562 172374 201593 224.24137931034483 https://www.sml2.org/dash/0b4SVyP0IqI/media/chunk-stream0-00029.m4s
67 179391 179476 180260 201182 231.50978135788262 https://www.sml2.org/dash/0b4SVyP0IqI/media/chunk-stream0-00030.m4s
69 186776 186870 187804 201927 196.4270428015564 https://www.sml2.org/dash/0b4SVyP0IqI/media/chunk-stream0-00031.m4s
70 187811 187902 188704 201745 225.91825307950728 https://www.sml2.org/dash/0b4SVyP0IqI/media/chunk-stream0-00032.m4s
73 202724 202816 203657 201488 215.95712754555197 https://www.sml2.org/dash/0b4SVyP0IqI/media/chunk-stream0-00033.m4s
75 211174 211262 212076 201807 223.73281596452327 https://www.sml2.org/dash/0b4SVyP0IqI/media/chunk-stream0-00034.m4s
77 219591 219678 221151 201176 128.95897435897436 https://www.sml2.org/dash/0b4SVyP0IqI/media/chunk-stream0-00035.m4s
79 226670 226759 227422 201793 268.34175531914894 https://www.sml2.org/dash/0b4SVyP0IqI/media/chunk-stream0-00036.m4s
81 234942 235032 235889 201246 212.5089757127772 https://www.sml2.org/dash/0b4SVyP0IqI/media/chunk-stream0-00037.m4s
83 242907 243001 244047 201915 177.1184210526316 https://www.sml2.org/dash/0b4SVyP0IqI/media/chunk-stream0-00038.m4s
85 253064 253175 255307 201241 89.71957200178332 https://www.sml2.org/dash/0b4SVyP0IqI/media/chunk-stream0-00039.m4s
87 262322 262416 263994 201716 120.64354066985646 https://www.sml2.org/dash/0b4SVyP0IqI/media/chunk-stream0-00040.m4s
89 269510 269598 270546 201315 194.31949806949808 https://www.sml2.org/dash/0b4SVyP0IqI/media/chunk-stream0-00041.m4s
91 277059 277157 278320 201951 160.15146708961143 https://www.sml2.org/dash/0b4SVyP0IqI/media/chunk-stream0-00042.m4s
93 284835 284925 286078 201103 161.7884151246983 https://www.sml2.org/dash/0b4SVyP0IqI/media/chunk-stream0-00043.m4s
95 291093 291184 291927 201781 241.94364508393286 https://www.sml2.org/dash/0b4SVyP0IqI/media/chunk-stream0-00044.m4s
97 299443 299527 300152 201389 284.0465444287729 https://www.sml2.org/dash/0b4SVyP0IqI/media/chunk-stream0-00045.m4s
99 308169 308258 309004 201826 241.70778443113772 https://www.sml2.org/dash/0b4SVyP0IqI/media/chunk-stream0-00046.m4s
101 315517 315608 316464 201226 212.48785638859556 https://www.sml2.org/dash/0b4SVyP0IqI/media/chunk-stream0-00047.m4s
103 322979 323067 323826 201939 238.4167650531287 https://www.sml2.org/dash/0b4SVyP0IqI/media/chunk-stream0-00048.m4s
104 323831 323922 324755 201626 218.2099567099567 https://www.sml2.org/dash/0b4SVyP0IqI/media/chunk-stream0-00049.m4s
107 338777 338863 339427 201395 309.83846153846156 https://www.sml2.org/dash/0b4SVyP0IqI/media/chunk-stream0-00050.m4s
109 351449 351536 352240 201823 255.14917825537296 https://www.sml2.org/dash/0b4SVyP0IqI/media/chunk-stream0-00051.m4s
111 356252 356341 356959 201149 284.5106082036775 https://www.sml2.org/dash/0b4SVyP0IqI/media/chunk-stream0-00052.m4s
113 364975 365064 365987 201892 199.49802371541503 https://www.sml2.org/dash/0b4SVyP0IqI/media/chunk-stream0-00053.m4s
115 374003 374086 374825 201259 244.84063260340633 https://www.sml2.org/dash/0b4SVyP0IqI/media/chunk-stream0-00054.m4s
116 374831 374923 375702 201934 231.84156142365097 https://www.sml2.org/dash/0b4SVyP0IqI/media/chunk-stream0-00055.m4s
119 390720 390813 392300 201119 127.29050632911392 https://www.sml2.org/dash/0b4SVyP0IqI/media/chunk-stream0-00056.m4s
121 399313 399403 400202 201826 227.02587176602924 https://www.sml2.org/dash/0b4SVyP0IqI/media/chunk-stream0-00057.m4s
123 403218 403302 404133 201205 219.89617486338798 https://www.sml2.org/dash/0b4SVyP0IqI/media/chunk-stream0-00058.m4s
126 417148 423492 424726 201875 26.639614674056478 https://www.sml2.org/dash/0b4SVyP0IqI/media/chunk-stream0-00059.m4s
127 424739 424827 425651 201438 220.875 https://www.sml2.org/dash/0b4SVyP0IqI/media/chunk-stream0-00060.m4s
129 431166 431253 432217 201662 191.87630827783065 https://www.sml2.org/dash/0b4SVyP0IqI/media/chunk-stream0-00061.m4s
131 434730 434815 435566 201347 240.8456937799043 https://www.sml2.org/dash/0b4SVyP0IqI/media/chunk-stream0-00062.m4s
133 444583 444675 447132 201809 79.17183209101609 https://www.sml2.org/dash/0b4SVyP0IqI/media/chunk-stream0-00063.m4s
135 454147 454266 456908 201721 73.06084751901486 https://www.sml2.org/dash/0b4SVyP0IqI/media/chunk-stream0-00064.m4s
137 462423 462508 463356 201315 215.77170418006432 https://www.sml2.org/dash/0b4SVyP0IqI/media/chunk-stream0-00065.m4s
139 468872 468957 469602 201776 276.4054794520548 https://www.sml2.org/dash/0b4SVyP0IqI/media/chunk-stream0-00066.m4s
141 476116 476202 476857 201244 271.58434547908234 https://www.sml2.org/dash/0b4SVyP0IqI/media/chunk-stream0-00067.m4s
143 484379 484470 485381 201836 201.43313373253494 https://www.sml2.org/dash/0b4SVyP0IqI/media/chunk-stream0-00068.m4s
145 492896 492982 493644 201337 269.16711229946526 https://www.sml2.org/dash/0b4SVyP0IqI/media/chunk-stream0-00069.m4s
147 499659 499746 500519 201751 234.59418604651162 https://www.sml2.org/dash/0b4SVyP0IqI/media/chunk-stream0-00070.m4s
149 509037 509125 509896 201346 234.39580908032596 https://www.sml2.org/dash/0b4SVyP0IqI/media/chunk-stream0-00071.m4s
151 516913 517004 517832 201899 219.6942328618063 https://www.sml2.org/dash/0b4SVyP0IqI/media/chunk-stream0-00072.m4s
152 517839 517926 518648 201094 248.57107540173052 https://www.sml2.org/dash/0b4SVyP0IqI/media/chunk-stream0-00073.m4s
155 531168 531254 532067 201932 224.61846496106784 https://www.sml2.org/dash/0b4SVyP0IqI/media/chunk-stream0-00074.m4s
157 539583 539674 541144 201315 128.9654067905189 https://www.sml2.org/dash/0b4SVyP0IqI/media/chunk-stream0-00075.m4s
159 547161 547251 547929 201772 262.7239583333333 https://www.sml2.org/dash/0b4SVyP0IqI/media/chunk-stream0-00076.m4s
161 556445 556534 557295 201356 236.88941176470587 https://www.sml2.org/dash/0b4SVyP0IqI/media/chunk-stream0-00077.m4s
163 563309 563403 564460 201637 175.18418766290182 https://www.sml2.org/dash/0b4SVyP0IqI/media/chunk-stream0-00078.m4s
165 572977 573085 575225 201342 89.56494661921708 https://www.sml2.org/dash/0b4SVyP0IqI/media/chunk-stream0-00079.m4s
167 581741 581846 583403 201746 121.38748495788207 https://www.sml2.org/dash/0b4SVyP0IqI/media/chunk-stream0-00080.m4s
169 589417 589502 590445 201838 196.34046692607004 https://www.sml2.org/dash/0b4SVyP0IqI/media/chunk-stream0-00081.m4s
171 596459 596547 597830 201376 146.88256746900072 https://www.sml2.org/dash/0b4SVyP0IqI/media/chunk-stream0-00082.m4s
172 597839 597930 599005 201728 173.00857632933105 https://www.sml2.org/dash/0b4SVyP0IqI/media/chunk-stream0-00083.m4s
175 611524 611613 612343 201254 245.73137973137972 https://www.sml2.org/dash/0b4SVyP0IqI/media/chunk-stream0-00084.m4s
177 619858 619949 620627 201969 262.63849154746424 https://www.sml2.org/dash/0b4SVyP0IqI/media/chunk-stream0-00085.m4s
179 628147 628234 628976 201183 242.68154402895055 https://www.sml2.org/dash/0b4SVyP0IqI/media/chunk-stream0-00086.m4s
181 635491 635581 636442 201821 212.21976866456362 https://www.sml2.org/dash/0b4SVyP0IqI/media/chunk-stream0-00087.m4s
183 643458 643545 644507 201289 191.88655862726407 https://www.sml2.org/dash/0b4SVyP0IqI/media/chunk-stream0-00088.m4s
185 650522 650607 651288 201934 263.62140992167105 https://www.sml2.org/dash/0b4SVyP0IqI/media/chunk-stream0-00089.m4s
187 658803 658888 659451 201118 310.36728395061726 https://www.sml2.org/dash/0b4SVyP0IqI/media/chunk-stream0-00090.m4s
189 666968 667057 667825 201868 235.55192532088682 https://www.sml2.org/dash/0b4SVyP0IqI/media/chunk-stream0-00091.m4s
190 667833 667919 668663 201148 242.34698795180722 https://www.sml2.org/dash/0b4SVyP0IqI/media/chunk-stream0-00092.m4s
193 682684 682770 683359 202103 299.41185185185185 https://www.sml2.org/dash/0b4SVyP0IqI/media/chunk-stream0-00093.m4s
195 690875 690963 691822 201014 212.26399155227034 https://www.sml2.org/dash/0b4SVyP0IqI/media/chunk-stream0-00094.m4s
196 691829 691915 692707 202009 230.07858769931664 https://www.sml2.org/dash/0b4SVyP0IqI/media/chunk-stream0-00095.m4s
199 707226 707313 708004 201650 259.19023136246784 https://www.sml2.org/dash/0b4SVyP0IqI/media/chunk-stream0-00096.m4s
201 716519 716613 717479 201383 209.77395833333333 https://www.sml2.org/dash/0b4SVyP0IqI/media/chunk-stream0-00097.m4s
203 722992 723077 723882 201828 226.77303370786518 https://www.sml2.org/dash/0b4SVyP0IqI/media/chunk-stream0-00098.m4s
205 733403 733487 734235 201112 241.72115384615384 https://www.sml2.org/dash/0b4SVyP0IqI/media/chunk-stream0-00099.m4s
207 739749 739841 740711 201886 209.86070686070687 https://www.sml2.org/dash/0b4SVyP0IqI/media/chunk-stream0-00100.m4s
208 740718 740809 741676 201202 210.02296450939457 https://www.sml2.org/dash/0b4SVyP0IqI/media/chunk-stream0-00101.m4s
211 755199 755283 756168 201836 208.29308565531477 https://www.sml2.org/dash/0b4SVyP0IqI/media/chunk-stream0-00102.m4s
213 764685 764779 767325 201303 76.25113636363636 https://www.sml2.org/dash/0b4SVyP0IqI/media/chunk-stream0-00103.m4s
215 775841 775940 777405 201855 129.06329923273657 https://www.sml2.org/dash/0b4SVyP0IqI/media/chunk-stream0-00104.m4s
217 779918 780002 780645 201181 276.7276478679505 https://www.sml2.org/dash/0b4SVyP0IqI/media/chunk-stream0-00105.m4s
219 787662 787753 788547 201950 228.19209039548022 https://www.sml2.org/dash/0b4SVyP0IqI/media/chunk-stream0-00106.m4s
221 795561 795653 796300 201138 272.17591339648175 https://www.sml2.org/dash/0b4SVyP0IqI/media/chunk-stream0-00107.m4s
223 803815 803909 804837 202097 197.74657534246575 https://www.sml2.org/dash/0b4SVyP0IqI/media/chunk-stream0-00108.m4s
224 804843 804935 805827 201058 204.3272357723577 https://www.sml2.org/dash/0b4SVyP0IqI/media/chunk-stream0-00109.m4s
227 818847 818931 819756 201778 221.97799779977998 https://www.sml2.org/dash/0b4SVyP0IqI/media/chunk-stream0-00110.m4s
228 819762 819849 820617 201425 235.58479532163742 https://www.sml2.org/dash/0b4SVyP0IqI/media/chunk-stream0-00111.m4s
231 836153 836245 837202 201731 192.30791229742613 https://www.sml2.org/dash/0b4SVyP0IqI/media/chunk-stream0-00112.m4s
233 845219 845305 845987 201943 262.9466145833333 https://www.sml2.org/dash/0b4SVyP0IqI/media/chunk-stream0-00113.m4s
235 852004 852096 852975 201124 207.1307929969104 https://www.sml2.org/dash/0b4SVyP0IqI/media/chunk-stream0-00114.m4s
237 859491 859578 861037 201785 130.52069857697282 https://www.sml2.org/dash/0b4SVyP0IqI/media/chunk-stream0-00115.m4s
239 867548 867639 868335 201246 255.712833545108 https://www.sml2.org/dash/0b4SVyP0IqI/media/chunk-stream0-00116.m4s
241 876351 876444 877231 201836 229.3590909090909 https://www.sml2.org/dash/0b4SVyP0IqI/media/chunk-stream0-00117.m4s
243 883246 883334 884381 201367 177.415859030837 https://www.sml2.org/dash/0b4SVyP0IqI/media/chunk-stream0-00118.m4s
245 892898 892996 895158 201874 89.32477876106195 https://www.sml2.org/dash/0b4SVyP0IqI/media/chunk-stream0-00119.m4s
247 901175 901274 902862 201467 119.42323651452283 https://www.sml2.org/dash/0b4SVyP0IqI/media/chunk-stream0-00120.m4s
249 908878 908962 909838 201533 209.93020833333333 https://www.sml2.org/dash/0b4SVyP0IqI/media/chunk-stream0-00121.m4s
250 909845 909936 910925 201277 186.3675925925926 https://www.sml2.org/dash/0b4SVyP0IqI/media/chunk-stream0-00122.m4s
253 923947 924045 925296 201896 149.66345441067458 https://www.sml2.org/dash/0b4SVyP0IqI/media/chunk-stream0-00123.m4s
255 931308 931399 932134 201127 243.4951573849879 https://www.sml2.org/dash/0b4SVyP0IqI/media/chunk-stream0-00124.m4s
257 938648 938738 939774 201810 179.22735346358792 https://www.sml2.org/dash/0b4SVyP0IqI/media/chunk-stream0-00125.m4s
258 939780 939868 940504 201252 277.97237569060775 https://www.sml2.org/dash/0b4SVyP0IqI/media/chunk-stream0-00126.m4s
261 957027 957116 957814 201991 256.6594663278272 https://www.sml2.org/dash/0b4SVyP0IqI/media/chunk-stream0-00127.m4s
262 957821 957904 958556 201804 274.56326530612245 https://www.sml2.org/dash/0b4SVyP0IqI/media/chunk-stream0-00128.m4s
265 972075 972158 972766 201129 291.06946454413895 https://www.sml2.org/dash/0b4SVyP0IqI/media/chunk-stream0-00129.m4s
266 972774 972862 973397 202004 324.2439807383628 https://www.sml2.org/dash/0b4SVyP0IqI/media/chunk-stream0-00130.m4s
269 987917 988009 988752 201119 240.86107784431138 https://www.sml2.org/dash/0b4SVyP0IqI/media/chunk-stream0-00131.m4s
270 988757 988850 989607 201882 237.50823529411764 https://www.sml2.org/dash/0b4SVyP0IqI/media/chunk-stream0-00132.m4s
273 1004127 1004217 1005066 201340 214.419595314164 https://www.sml2.org/dash/0b4SVyP0IqI/media/chunk-stream0-00133.m4s
275 1013081 1013167 1013961 201760 229.27272727272728 https://www.sml2.org/dash/0b4SVyP0IqI/media/chunk-stream0-00134.m4s
277 1019476 1019561 1020169 201269 290.43145743145743 https://www.sml2.org/dash/0b4SVyP0IqI/media/chunk-stream0-00135.m4s
279 1028685 1028780 1030153 201854 137.50272479564032 https://www.sml2.org/dash/0b4SVyP0IqI/media/chunk-stream0-00136.m4s
281 1038670 1038757 1039420 201122 268.16266666666667 https://www.sml2.org/dash/0b4SVyP0IqI/media/chunk-stream0-00137.m4s
283 1045934 1046020 1046674 201968 272.92972972972973 https://www.sml2.org/dash/0b4SVyP0IqI/media/chunk-stream0-00138.m4s
285 1052691 1052774 1053248 201210 361.2387791741472 https://www.sml2.org/dash/0b4SVyP0IqI/media/chunk-stream0-00139.m4s
287 1061764 1061849 1062806 201837 193.70153550863725 https://www.sml2.org/dash/0b4SVyP0IqI/media/chunk-stream0-00140.m4s
288 1062813 1062902 1063778 201161 208.45699481865284 https://www.sml2.org/dash/0b4SVyP0IqI/media/chunk-stream0-00141.m4s
291 1076803 1076895 1077986 201844 170.6204564666103 https://www.sml2.org/dash/0b4SVyP0IqI/media/chunk-stream0-00142.m4s
294 1099507 1105173 1106824 201474 27.535055350553506 https://www.sml2.org/dash/0b4SVyP0IqI/media/chunk-stream0-00143.m4s
295 1106834 1109885 1110682 201965 52.48570686070686 https://www.sml2.org/dash/0b4SVyP0IqI/media/chunk-stream0-00144.m4s
297 1110687 1112821 1113615 201477 68.81045081967213 https://www.sml2.org/dash/0b4SVyP0IqI/media/chunk-stream0-00145.m4s
300 1118125 1120158 1120901 201251 72.49675792507205 https://www.sml2.org/dash/0b4SVyP0IqI/media/chunk-stream0-00146.m4s
301 1120913 1121000 1121929 201837 198.65846456692913 https://www.sml2.org/dash/0b4SVyP0IqI/media/chunk-stream0-00147.m4s
303 1124441 1124530 1125434 201526 202.94662638469285 https://www.sml2.org/dash/0b4SVyP0IqI/media/chunk-stream0-00148.m4s
305 1131449 1131533 1132344 201675 225.33519553072625 https://www.sml2.org/dash/0b4SVyP0IqI/media/chunk-stream0-00149.m4s
307 1138859 1138946 1139766 201418 222.07056229327452 https://www.sml2.org/dash/0b4SVyP0IqI/media/chunk-stream0-00150.m4s
308 1139772 1139859 1140632 201800 234.65116279069767 https://www.sml2.org/dash/0b4SVyP0IqI/media/chunk-stream0-00151.m4s
311 1154651 1154741 1155500 201170 236.94935217903415 https://www.sml2.org/dash/0b4SVyP0IqI/media/chunk-stream0-00152.m4s
313 1163017 1163105 1163925 201802 222.2488986784141 https://www.sml2.org/dash/0b4SVyP0IqI/media/chunk-stream0-00153.m4s
315 1170937 1171022 1171806 201123 231.44188722669736 https://www.sml2.org/dash/0b4SVyP0IqI/media/chunk-stream0-00154.m4s
316 1171813 1171904 1172770 201953 211.0271682340648 https://www.sml2.org/dash/0b4SVyP0IqI/media/chunk-stream0-00155.m4s
319 1187292 1187379 1188057 201135 262.921568627451 https://www.sml2.org/dash/0b4SVyP0IqI/media/chunk-stream0-00156.m4s
321 1195073 1195160 1196034 201942 210.13735691987512 https://www.sml2.org/dash/0b4SVyP0IqI/media/chunk-stream0-00157.m4s
323 1203051 1203139 1204180 201398 178.38618246235606 https://www.sml2.org/dash/0b4SVyP0IqI/media/chunk-stream0-00158.m4s
325 1214698 1214793 1216993 201648 87.8640522875817 https://www.sml2.org/dash/0b4SVyP0IqI/media/chunk-stream0-00159.m4s
327 1222011 1222099 1223684 201944 120.7077106993425 https://www.sml2.org/dash/0b4SVyP0IqI/media/chunk-stream0-00160.m4s
329 1229198 1229292 1230203 201243 200.2417910447761 https://www.sml2.org/dash/0b4SVyP0IqI/media/chunk-stream0-00161.m4s
331 1235716 1235803 1236882 201836 173.10120068610635 https://www.sml2.org/dash/0b4SVyP0IqI/media/chunk-stream0-00162.m4s
333 1243896 1243989 1245245 201164 149.12083024462564 https://www.sml2.org/dash/0b4SVyP0IqI/media/chunk-stream0-00163.m4s
335 1251265 1251355 1252097 201802 242.55048076923077 https://www.sml2.org/dash/0b4SVyP0IqI/media/chunk-stream0-00164.m4s
337 1260613 1260698 1261574 201301 209.4703433922997 https://www.sml2.org/dash/0b4SVyP0IqI/media/chunk-stream0-00165.m4s
339 1267592 1267678 1268432 202038 240.52142857142857 https://www.sml2.org/dash/0b4SVyP0IqI/media/chunk-stream0-00166.m4s
341 1276448 1276534 1277281 201027 241.32893157262905 https://www.sml2.org/dash/0b4SVyP0IqI/media/chunk-stream0-00167.m4s
343 1285795 1285885 1286602 201890 250.1734820322181 https://www.sml2.org/dash/0b4SVyP0IqI/media/chunk-stream0-00168.m4s
345 1292616 1292705 1293237 201251 324.0756843800322 https://www.sml2.org/dash/0b4SVyP0IqI/media/chunk-stream0-00169.m4s
347 1299253 1299341 1299944 201768 291.99421128798843 https://www.sml2.org/dash/0b4SVyP0IqI/media/chunk-stream0-00170.m4s
349 1309465 1309552 1310296 201348 242.29602888086643 https://www.sml2.org/dash/0b4SVyP0IqI/media/chunk-stream0-00171.m4s
351 1314809 1314898 1315600 201686 254.97597977243996 https://www.sml2.org/dash/0b4SVyP0IqI/media/chunk-stream0-00172.m4s
353 1324119 1324209 1325057 201312 214.6183368869936 https://www.sml2.org/dash/0b4SVyP0IqI/media/chunk-stream0-00173.m4s
355 1334572 1334665 1335470 201978 224.9198218262806 https://www.sml2.org/dash/0b4SVyP0IqI/media/chunk-stream0-00174.m4s
357 1341485 1341573 1342197 201050 282.37359550561797 https://www.sml2.org/dash/0b4SVyP0IqI/media/chunk-stream0-00175.m4s
359 1348211 1348299 1349486 202029 158.45411764705884 https://www.sml2.org/dash/0b4SVyP0IqI/media/chunk-stream0-00176.m4s
361 1357503 1357592 1358504 201669 201.46753246753246 https://www.sml2.org/dash/0b4SVyP0IqI/media/chunk-stream0-00177.m4s
363 1363518 1363603 1364468 201225 211.81578947368422 https://www.sml2.org/dash/0b4SVyP0IqI/media/chunk-stream0-00178.m4s
365 1371491 1371580 1372133 202055 314.7274143302181 https://www.sml2.org/dash/0b4SVyP0IqI/media/chunk-stream0-00179.m4s
367 1379652 1379743 1380608 201033 210.28556485355648 https://www.sml2.org/dash/0b4SVyP0IqI/media/chunk-stream0-00180.m4s
370 1393623 1401083 1404195 202105 19.117007188800606 https://www.sml2.org/dash/0b4SVyP0IqI/media/chunk-stream0-00181.m4s
372 1418709 1424436 1425556 201119 29.373302176135535 https://www.sml2.org/dash/0b4SVyP0IqI/media/chunk-stream0-00182.m4s
374 1425563 1431089 1432756 201700 28.041151119143613 https://www.sml2.org/dash/0b4SVyP0IqI/media/chunk-stream0-00183.m4s
375 1432763 1437242 1437971 201479 38.68644393241168 https://www.sml2.org/dash/0b4SVyP0IqI/media/chunk-stream0-00184.m4s
378 1445480 1451348 1452945 201639 27.011252511721366 https://www.sml2.org/dash/0b4SVyP0IqI/media/chunk-stream0-00185.m4s
380 1459456 1464832 1466290 201302 29.45595551653497 https://www.sml2.org/dash/0b4SVyP0IqI/media/chunk-stream0-00186.m4s
382 1468798 1472836 1473653 201940 41.59423274974253 https://www.sml2.org/dash/0b4SVyP0IqI/media/chunk-stream0-00187.m4s
384 1473661 1478588 1479253 201067 35.95618741058655 https://www.sml2.org/dash/0b4SVyP0IqI/media/chunk-stream0-00188.m4s
386 1479259 1484866 1486256 201836 28.846076890095755 https://www.sml2.org/dash/0b4SVyP0IqI/media/chunk-stream0-00189.m4s
388 1492766 1499212 1500567 201252 25.79823099602615 https://www.sml2.org/dash/0b4SVyP0IqI/media/chunk-stream0-00190.m4s
390 1500574 1507367 1508621 201929 25.093699515347335 https://www.sml2.org/dash/0b4SVyP0IqI/media/chunk-stream0-00191.m4s
392 1508628 1510307 1511134 201743 80.50399042298484 https://www.sml2.org/dash/0b4SVyP0IqI/media/chunk-stream0-00192.m4s
394 1511142 1517239 1518651 201274 26.804368091623385 https://www.sml2.org/dash/0b4SVyP0IqI/media/chunk-stream0-00193.m4s
396 1522161 1529907 1531314 201834 22.051130776794494 https://www.sml2.org/dash/0b4SVyP0IqI/media/chunk-stream0-00194.m4s
398 1531320 1539854 1541826 201426 19.172472872644203 https://www.sml2.org/dash/0b4SVyP0IqI/media/chunk-stream0-00195.m4s
400 1541836 1545146 1546653 201777 41.88851982561761 https://www.sml2.org/dash/0b4SVyP0IqI/media/chunk-stream0-00196.m4s
402 1546659 1555090 1557479 201217 18.596765249537892 https://www.sml2.org/dash/0b4SVyP0IqI/media/chunk-stream0-00197.m4s
404 1565992 1569801 1571004 201925 40.28830806065443 https://www.sml2.org/dash/0b4SVyP0IqI/media/chunk-stream0-00198.m4s
406 1571010 1576146 1577500 201062 30.980277349768876 https://www.sml2.org/dash/0b4SVyP0IqI/media/chunk-stream0-00199.m4s
408 1581511 1586491 1588128 201861 30.506422850234244 https://www.sml2.org/dash/0b4SVyP0IqI/media/chunk-stream0-00200.m4s
410 1588643 1589988 1591788 201330 64.01589825119237 https://www.sml2.org/dash/0b4SVyP0IqI/media/chunk-stream0-00201.m4s
411 1591795 1596417 1597184 201733 37.434217851178325 https://www.sml2.org/dash/0b4SVyP0IqI/media/chunk-stream0-00202.m4s
414 1611198 1616065 1616860 201393 35.56923348640056 https://www.sml2.org/dash/0b4SVyP0IqI/media/chunk-stream0-00203.m4s
416 1616869 1621327 1622683 201694 34.69109047127623 https://www.sml2.org/dash/0b4SVyP0IqI/media/chunk-stream0-00204.m4s
418 1623190 1624006 1624796 201340 125.36737235367373 https://www.sml2.org/dash/0b4SVyP0IqI/media/chunk-stream0-00205.m4s
420 1624801 1627873 1628626 201903 52.78509803921568 https://www.sml2.org/dash/0b4SVyP0IqI/media/chunk-stream0-00206.m4s
422 1628632 1630237 1630921 201303 87.94364351245085 https://www.sml2.org/dash/0b4SVyP0IqI/media/chunk-stream0-00207.m4s
424 1630929 1632291 1632937 201748 100.47211155378486 https://www.sml2.org/dash/0b4SVyP0IqI/media/chunk-stream0-00208.m4s
426 1632944 1634967 1635662 201773 74.23583517292127 https://www.sml2.org/dash/0b4SVyP0IqI/media/chunk-stream0-00209.m4s
428 1635668 1637197 1637875 201196 91.16266425011328 https://www.sml2.org/dash/0b4SVyP0IqI/media/chunk-stream0-00210.m4s
430 1637884 1640655 1641185 202031 61.202968797334144 https://www.sml2.org/dash/0b4SVyP0IqI/media/chunk-stream0-00211.m4s
432 1641193 1642740 1643327 201146 94.25773195876289 https://www.sml2.org/dash/0b4SVyP0IqI/media/chunk-stream0-00212.m4s
433 1643341 1643429 1644159 201944 246.8753056234719 https://www.sml2.org/dash/0b4SVyP0IqI/media/chunk-stream0-00213.m4s
435 1651675 1651763 1652520 201121 238.01301775147928 https://www.sml2.org/dash/0b4SVyP0IqI/media/chunk-stream0-00214.m4s
437 1658535 1658629 1659236 201770 287.83166904422256 https://www.sml2.org/dash/0b4SVyP0IqI/media/chunk-stream0-00215.m4s
439 1667252 1667342 1668029 201667 259.54568854568856 https://www.sml2.org/dash/0b4SVyP0IqI/media/chunk-stream0-00216.m4s
442 1683554 1689163 1690788 201564 27.863422726016037 https://www.sml2.org/dash/0b4SVyP0IqI/media/chunk-stream0-00217.m4s
443 1690794 1692237 1692761 201300 102.33858668022368 https://www.sml2.org/dash/0b4SVyP0IqI/media/chunk-stream0-00218.m4s
445 1692769 1694779 1695499 201644 73.86227106227106 https://www.sml2.org/dash/0b4SVyP0IqI/media/chunk-stream0-00219.m4s
447 1700513 1700612 1701470 201252 210.29467084639498 https://www.sml2.org/dash/0b4SVyP0IqI/media/chunk-stream0-00220.m4s
449 1709484 1709571 1710385 202020 224.21753607103219 https://www.sml2.org/dash/0b4SVyP0IqI/media/chunk-stream0-00221.m4s
451 1715399 1715485 1716421 201128 196.79843444227006 https://www.sml2.org/dash/0b4SVyP0IqI/media/chunk-stream0-00222.m4s
454 1730936 1738449 1739324 201776 24.055317119694802 https://www.sml2.org/dash/0b4SVyP0IqI/media/chunk-stream0-00223.m4s
456 1739331 1744027 1744814 202094 36.858289257705636 https://www.sml2.org/dash/0b4SVyP0IqI/media/chunk-stream0-00224.m4s
457 1744825 1744918 1745686 201091 233.55516840882694 https://www.sml2.org/dash/0b4SVyP0IqI/media/chunk-stream0-00225.m4s
459 1745696 1747900 1748691 201759 67.3652754590985 https://www.sml2.org/dash/0b4SVyP0IqI/media/chunk-stream0-00226.m4s
461 1760210 1760295 1761080 201246 231.31724137931033 https://www.sml2.org/dash/0b4SVyP0IqI/media/chunk-stream0-00227.m4s
463 1763593 1763682 1764611 201821 198.2524557956778 https://www.sml2.org/dash/0b4SVyP0IqI/media/chunk-stream0-00228.m4s
465 1772626 1772715 1773379 201252 267.26693227091636 https://www.sml2.org/dash/0b4SVyP0IqI/media/chunk-stream0-00229.m4s
467 1779899 1779983 1780747 202050 238.26650943396226 https://www.sml2.org/dash/0b4SVyP0IqI/media/chunk-stream0-00230.m4s
468 1780754 1780841 1781495 201148 271.45479082321185 https://www.sml2.org/dash/0b4SVyP0IqI/media/chunk-stream0-00231.m4s
471 1795015 1795100 1795936 201832 219.1444082519001 https://www.sml2.org/dash/0b4SVyP0IqI/media/chunk-stream0-00232.m4s
473 1803953 1804041 1804769 201148 246.5049019607843 https://www.sml2.org/dash/0b4SVyP0IqI/media/chunk-stream0-00233.m4s
474 1804778 1804864 1805504 201834 278.0082644628099 https://www.sml2.org/dash/0b4SVyP0IqI/media/chunk-stream0-00234.m4s
477 1823525 1823613 1824437 201307 220.7313596491228 https://www.sml2.org/dash/0b4SVyP0IqI/media/chunk-stream0-00235.m4s
480 1834950 1841148 1843176 201892 24.543155847313397 https://www.sml2.org/dash/0b4SVyP0IqI/media/chunk-stream0-00236.m4s
482 1868197 1870177 1871210 201556 66.89545303684037 https://www.sml2.org/dash/0b4SVyP0IqI/media/chunk-stream0-00237.m4s
484 1871218 1873564 1874673 201420 58.29811866859624 https://www.sml2.org/dash/0b4SVyP0IqI/media/chunk-stream0-00238.m4s
486 1874681 1878426 1879756 201293 39.66364532019704 https://www.sml2.org/dash/0b4SVyP0IqI/media/chunk-stream0-00239.m4s
488 1879763 1884495 1885648 201910 34.30926083262532 https://www.sml2.org/dash/0b4SVyP0IqI/media/chunk-stream0-00240.m4s
490 1885655 1890388 1891322 201885 35.624669137109585 https://www.sml2.org/dash/0b4SVyP0IqI/media/chunk-stream0-00241.m4s
492 1891327 1895834 1896514 201243 38.797570850202426 https://www.sml2.org/dash/0b4SVyP0IqI/media/chunk-stream0-00242.m4s
494 1896522 1901237 1902033 201681 36.596080566140444 https://www.sml2.org/dash/0b4SVyP0IqI/media/chunk-stream0-00243.m4s
496 1902041 1904857 1905478 201264 58.55804480651731 https://www.sml2.org/dash/0b4SVyP0IqI/media/chunk-stream0-00244.m4s
498 1905488 1908801 1909546 201925 49.75973385904386 https://www.sml2.org/dash/0b4SVyP0IqI/media/chunk-stream0-00245.m4s
499 1909561 1909648 1910475 201150 220.0765864332604 https://www.sml2.org/dash/0b4SVyP0IqI/media/chunk-stream0-00246.m4s
501 1917990 1918076 1918758 201917 262.9127604166667 https://www.sml2.org/dash/0b4SVyP0IqI/media/chunk-stream0-00247.m4s
502 1918765 1918857 1919620 201213 235.33684210526314 https://www.sml2.org/dash/0b4SVyP0IqI/media/chunk-stream0-00248.m4s
505 1933137 1933225 1933897 201794 265.5184210526316 https://www.sml2.org/dash/0b4SVyP0IqI/media/chunk-stream0-00249.m4s
507 1939912 1940000 1940620 201251 284.25282485875704 https://www.sml2.org/dash/0b4SVyP0IqI/media/chunk-stream0-00250.m4s
509 1952640 1952726 1953340 201893 288.41857142857145 https://www.sml2.org/dash/0b4SVyP0IqI/media/chunk-stream0-00251.m4s
511 1955852 1955940 1956564 201202 282.5870786516854 https://www.sml2.org/dash/0b4SVyP0IqI/media/chunk-stream0-00252.m4s
513 1966081 1966170 1966995 201829 220.8194748358862 https://www.sml2.org/dash/0b4SVyP0IqI/media/chunk-stream0-00253.m4s
515 1974011 1974097 1974834 201349 244.65249088699878 https://www.sml2.org/dash/0b4SVyP0IqI/media/chunk-stream0-00254.m4s
516 1974843 1974927 1975705 201819 234.12877030162414 https://www.sml2.org/dash/0b4SVyP0IqI/media/chunk-stream0-00255.m4s
519 1991726 1991812 1993253 201939 132.24557956777997 https://www.sml2.org/dash/0b4SVyP0IqI/media/chunk-stream0-00256.m4s
522 2000765 2006438 2008066 201375 27.581838104369265 https://www.sml2.org/dash/0b4SVyP0IqI/media/chunk-stream0-00257.m4s
524 2011575 2012749 2013223 201697 122.38895631067962 https://www.sml2.org/dash/0b4SVyP0IqI/media/chunk-stream0-00258.m4s
525 2013234 2013320 2013932 201214 288.27220630372494 https://www.sml2.org/dash/0b4SVyP0IqI/media/chunk-stream0-00259.m4s
527 2024449 2024538 2025353 201717 223.1382743362832 https://www.sml2.org/dash/0b4SVyP0IqI/media/chunk-stream0-00260.m4s
530 2037369 2043848 2045460 201241 24.872203683104683 https://www.sml2.org/dash/0b4SVyP0IqI/media/chunk-stream0-00261.m4s
532 2045466 2057924 2058808 201836 15.12786688652376 https://www.sml2.org/dash/0b4SVyP0IqI/media/chunk-stream0-00262.m4s
534 2058816 2062682 2063520 201291 42.79145408163265 https://www.sml2.org/dash/0b4SVyP0IqI/media/chunk-stream0-00263.m4s
536 2063530 2065405 2066221 201797 74.98959494611668 https://www.sml2.org/dash/0b4SVyP0IqI/media/chunk-stream0-00264.m4s
538 2066227 2071716 2073376 201378 28.168694922366765 https://www.sml2.org/dash/0b4SVyP0IqI/media/chunk-stream0-00265.m4s
540 2074886 2076545 2077211 201710 86.75698924731182 https://www.sml2.org/dash/0b4SVyP0IqI/media/chunk-stream0-00266.m4s
541 2077224 2077316 2078053 201294 242.81544028950543 https://www.sml2.org/dash/0b4SVyP0IqI/media/chunk-stream0-00267.m4s
543 2083065 2083157 2083979 201800 220.78774617067833 https://www.sml2.org/dash/0b4SVyP0IqI/media/chunk-stream0-00268.m4s
545 2091495 2091586 2092398 201380 223.01218161683278 https://www.sml2.org/dash/0b4SVyP0IqI/media/chunk-stream0-00269.m4s
547 2099414 2099500 2100290 201903 230.48287671232876 https://www.sml2.org/dash/0b4SVyP0IqI/media/chunk-stream0-00270.m4s
549 2110311 2110404 2111184 201050 230.29782359679268 https://www.sml2.org/dash/0b4SVyP0IqI/media/chunk-stream0-00271.m4s
552 2130205 2132952 2133982 201909 53.457505957108815 https://www.sml2.org/dash/0b4SVyP0IqI/media/chunk-stream0-00272.m4s
554 2133990 2143698 2145254 201763 17.91219815340909 https://www.sml2.org/dash/0b4SVyP0IqI/media/chunk-stream0-00273.m4s
556 2146260 2148527 2149167 201432 69.2920536635707 https://www.sml2.org/dash/0b4SVyP0IqI/media/chunk-stream0-00274.m4s
558 2149173 2154966 2156751 201662 26.611506993929797 https://www.sml2.org/dash/0b4SVyP0IqI/media/chunk-stream0-00275.m4s
559 2156760 2158671 2159594 201266 71.01834862385321 https://www.sml2.org/dash/0b4SVyP0IqI/media/chunk-stream0-00276.m4s
562 2177113 2188622 2190534 202220 15.06743163698681 https://www.sml2.org/dash/0b4SVyP0IqI/media/chunk-stream0-00277.m4s
564 2196549 2203357 2204649 200946 24.80814814814815 https://www.sml2.org/dash/0b4SVyP0IqI/media/chunk-stream0-00278.m4s
566 2204657 2207850 2208516 201947 52.33143301373413 https://www.sml2.org/dash/0b4SVyP0IqI/media/chunk-stream0-00279.m4s
568 2208525 2213841 2215372 201042 29.36205637505477 https://www.sml2.org/dash/0b4SVyP0IqI/media/chunk-stream0-00280.m4s
570 2218382 2220231 2221017 202014 76.66565464895636 https://www.sml2.org/dash/0b4SVyP0IqI/media/chunk-stream0-00281.m4s
572 2221025 2225992 2227699 201338 30.167515732694035 https://www.sml2.org/dash/0b4SVyP0IqI/media/chunk-stream0-00282.m4s
573 2227706 2231865 2232664 201640 40.66962484872933 https://www.sml2.org/dash/0b4SVyP0IqI/media/chunk-stream0-00283.m4s
576 2243177 2246217 2246966 201445 53.165742940089736 https://www.sml2.org/dash/0b4SVyP0IqI/media/chunk-stream0-00284.m4s
578 2246974 2249889 2250405 201574 58.750801515593125 https://www.sml2.org/dash/0b4SVyP0IqI/media/chunk-stream0-00285.m4s
580 2250414 2255254 2256565 201252 32.71858234433425 https://www.sml2.org/dash/0b4SVyP0IqI/media/chunk-stream0-00286.m4s
582 2259080 2263588 2265224 201836 32.850911458333336 https://www.sml2.org/dash/0b4SVyP0IqI/media/chunk-stream0-00287.m4s
584 2269736 2273248 2273955 201838 47.840246503910876 https://www.sml2.org/dash/0b4SVyP0IqI/media/chunk-stream0-00288.m4s
586 2273966 2275822 2276446 201478 81.24112903225806 https://www.sml2.org/dash/0b4SVyP0IqI/media/chunk-stream0-00289.m4s
588 2276454 2280731 2281851 201829 37.39651658328701 https://www.sml2.org/dash/0b4SVyP0IqI/media/chunk-stream0-00290.m4s
590 2284360 2286102 2286935 201129 78.1083495145631 https://www.sml2.org/dash/0b4SVyP0IqI/media/chunk-stream0-00291.m4s
592 2286940 2292175 2293009 201737 33.24056681496128 https://www.sml2.org/dash/0b4SVyP0IqI/media/chunk-stream0-00292.m4s
594 2293017 2298196 2299014 201379 33.57995664498916 https://www.sml2.org/dash/0b4SVyP0IqI/media/chunk-stream0-00293.m4s
596 2299021 2303253 2304659 201723 35.77917701312522 https://www.sml2.org/dash/0b4SVyP0IqI/media/chunk-stream0-00294.m4s
598 2311670 2319910 2321468 201287 20.543682384160032 https://www.sml2.org/dash/0b4SVyP0IqI/media/chunk-stream0-00295.m4s
600 2323476 2329081 2330686 202073 28.026768377253813 https://www.sml2.org/dash/0b4SVyP0IqI/media/chunk-stream0-00296.m4s
602 2334694 2337970 2338861 201160 48.27453803695705 https://www.sml2.org/dash/0b4SVyP0IqI/media/chunk-stream0-00297.m4s
604 2338867 2342644 2343604 201642 42.56744775174161 https://www.sml2.org/dash/0b4SVyP0IqI/media/chunk-stream0-00298.m4s
606 2343613 2346243 2347078 201450 58.13852813852814 https://www.sml2.org/dash/0b4SVyP0IqI/media/chunk-stream0-00299.m4s
608 2347084 2353717 2355314 201807 24.52089914945322 https://www.sml2.org/dash/0b4SVyP0IqI/media/chunk-stream0-00300.m4s
610 2360826 2365143 2368048 201228 27.86319579063971 https://www.sml2.org/dash/0b4SVyP0IqI/media/chunk-stream0-00301.m4s
612 2368054 2377124 2378030 201843 20.23285886126704 https://www.sml2.org/dash/0b4SVyP0IqI/media/chunk-stream0-00302.m4s
614 2378038 2381325 2382202 201175 48.31292026897214 https://www.sml2.org/dash/0b4SVyP0IqI/media/chunk-stream0-00303.m4s
616 2382207 2384149 2384931 201851 74.10095447870778 https://www.sml2.org/dash/0b4SVyP0IqI/media/chunk-stream0-00304.m4s
617 2384943 2385036 2385821 201819 229.8621867881549 https://www.sml2.org/dash/0b4SVyP0IqI/media/chunk-stream0-00305.m4s
619 2385831 2388353 2389058 201437 62.42237372172296 https://www.sml2.org/dash/0b4SVyP0IqI/media/chunk-stream0-00306.m4s
621 2394572 2394660 2395548 201619 206.57684426229508 https://www.sml2.org/dash/0b4SVyP0IqI/media/chunk-stream0-00307.m4s
623 2403063 2403150 2403962 201209 223.81423804226918 https://www.sml2.org/dash/0b4SVyP0IqI/media/chunk-stream0-00308.m4s
625 2413478 2413568 2414309 201930 242.99638989169677 https://www.sml2.org/dash/0b4SVyP0IqI/media/chunk-stream0-00309.m4s
628 2428327 2433968 2435391 201158 28.476500566251417 https://www.sml2.org/dash/0b4SVyP0IqI/media/chunk-stream0-00310.m4s
630 2436398 2440902 2441606 201950 38.776881720430104 https://www.sml2.org/dash/0b4SVyP0IqI/media/chunk-stream0-00311.m4s
632 2441612 2446975 2447702 201138 33.02758620689655 https://www.sml2.org/dash/0b4SVyP0IqI/media/chunk-stream0-00312.m4s
633 2447715 2447811 2448606 201836 226.52749719416386 https://www.sml2.org/dash/0b4SVyP0IqI/media/chunk-stream0-00313.m4s
635 2451617 2451705 2452558 201251 213.8692879914984 https://www.sml2.org/dash/0b4SVyP0IqI/media/chunk-stream0-00314.m4s
637 2460571 2460663 2462237 201836 121.1500600240096 https://www.sml2.org/dash/0b4SVyP0IqI/media/chunk-stream0-00315.m4s
639 2467253 2467341 2468018 201266 263.09281045751635 https://www.sml2.org/dash/0b4SVyP0IqI/media/chunk-stream0-00316.m4s
641 2475536 2475627 2476551 202064 199.07783251231527 https://www.sml2.org/dash/0b4SVyP0IqI/media/chunk-stream0-00317.m4s
643 2483567 2483656 2484719 201011 174.48871527777777 https://www.sml2.org/dash/0b4SVyP0IqI/media/chunk-stream0-00318.m4s
644 2484732 2484821 2486019 202164 157.08158508158508 https://www.sml2.org/dash/0b4SVyP0IqI/media/chunk-stream0-00319.m4s
647 2501042 2501138 2502744 201584 118.4394829612221 https://www.sml2.org/dash/0b4SVyP0IqI/media/chunk-stream0-00320.m4s
648 2502750 2502835 2504392 201175 122.51827040194884 https://www.sml2.org/dash/0b4SVyP0IqI/media/chunk-stream0-00321.m4s
651 2515912 2515999 2517145 201836 163.69505271695053 https://www.sml2.org/dash/0b4SVyP0IqI/media/chunk-stream0-00322.m4s
653 2524159 2524254 2525455 201251 155.28626543209876 https://www.sml2.org/dash/0b4SVyP0IqI/media/chunk-stream0-00323.m4s
655 2531469 2531557 2532295 201985 244.53389830508473 https://www.sml2.org/dash/0b4SVyP0IqI/media/chunk-stream0-00324.m4s
657 2590336 2590996 2591629 201103 155.53209590100542 https://www.sml2.org/dash/0b4SVyP0IqI/media/chunk-stream0-00325.m4s
