1 0 87 91 808 8.87912087912088 https://www.sml2.org/dash/0b4SVyP0IqI/media/init-stream6.m4s
2 0 86 87 737 8.471264367816092 https://www.sml2.org/dash/0b4SVyP0IqI/media/init-stream1.m4s
3 97 185 584 102708 210.8993839835729 https://www.sml2.org/dash/0b4SVyP0IqI/media/chunk-stream1-00001.m4s
4 105 586 4545 1017663 229.20337837837837 https://www.sml2.org/dash/0b4SVyP0IqI/media/chunk-stream6-00001.m4s
5 4602 4687 4687 808 9.505882352941176 https://www.sml2.org/dash/0b4SVyP0IqI/media/init-stream4.m4s
6 4693 4779 7178 583957 234.99275653923542 https://www.sml2.org/dash/0b4SVyP0IqI/media/chunk-stream4-00002.m4s
7 5108 5828 6553 100741 69.71695501730103 https://www.sml2.org/dash/0b4SVyP0IqI/media/chunk-stream1-00002.m4s
8 7190 7280 9316 610942 287.36688617121354 https://www.sml2.org/dash/0b4SVyP0IqI/media/chunk-stream4-00003.m4s
9 9329 9415 9416 807 9.275862068965518 https://www.sml2.org/dash/0b4SVyP0IqI/media/init-stream7.m4s
10 9421 9509 15259 1586737 271.79462144570056 https://www.sml2.org/dash/0b4SVyP0IqI/media/chunk-stream7-00004.m4s
11 9563 10125 10710 100807 87.88753269398431 https://www.sml2.org/dash/0b4SVyP0IqI/media/chunk-stream1-00003.m4s
12 10717 11473 12176 101033 69.2481151473612 https://www.sml2.org/dash/0b4SVyP0IqI/media/chunk-stream1-00004.m4s
13 15281 15367 15964 184001 269.40117130307465 https://www.sml2.org/dash/0b4SVyP0IqI/media/chunk-stream7-00005.m4s
14 15976 16063 16272 68945 232.9222972972973 https://www.sml2.org/dash/0b4SVyP0IqI/media/chunk-stream7-00006.m4s
15 16184 16277 16587 100731 249.95285359801488 https://www.sml2.org/dash/0b4SVyP0IqI/media/chunk-stream1-00005.m4s
16 16283 16588 16591 806 2.616883116883117 https://www.sml2.org/dash/0b4SVyP0IqI/media/init-stream9.m4s
17 16594 16693 17345 100626 133.98934753661786 https://www.sml2.org/dash/0b4SVyP0IqI/media/chunk-stream1-00006.m4s
18 16599 16684 17617 198090 194.58742632612967 https://www.sml2.org/dash/0b4SVyP0IqI/media/chunk-stream9-00007.m4s
19 17630 17722 18524 244446 273.4295302013423 https://www.sml2.org/dash/0b4SVyP0IqI/media/chunk-stream9-00008.m4s
20 17851 18525 18813 100779 104.75987525987526 https://www.sml2.org/dash/0b4SVyP0IqI/media/chunk-stream1-00007.m4s
21 18535 18813 21964 909770 265.3164187809857 https://www.sml2.org/dash/0b4SVyP0IqI/media/chunk-stream9-00009.m4s
22 18825 19628 20259 101240 70.59972105997211 https://www.sml2.org/dash/0b4SVyP0IqI/media/chunk-stream1-00008.m4s
23 21979 22067 27034 1154630 228.41345202769534 https://www.sml2.org/dash/0b4SVyP0IqI/media/chunk-stream9-00010.m4s
24 22266 23159 23848 100809 63.72250316055626 https://www.sml2.org/dash/0b4SVyP0IqI/media/chunk-stream1-00009.m4s
25 23854 25016 25841 100627 50.64267740312028 https://www.sml2.org/dash/0b4SVyP0IqI/media/chunk-stream1-00010.m4s
26 27053 27138 29318 582833 257.321412803532 https://www.sml2.org/dash/0b4SVyP0IqI/media/chunk-stream9-00011.m4s
27 29353 29443 29443 737 8.188888888888888 https://www.sml2.org/dash/0b4SVyP0IqI/media/init-stream0.m4s
28 29447 29537 30286 201981 240.74016686531584 https://www.sml2.org/dash/0b4SVyP0IqI/media/chunk-stream0-00010.m4s
29 30292 30382 31037 201190 270.0536912751678 https://www.sml2.org/dash/0b4SVyP0IqI/media/chunk-stream0-00011.m4s
30 33330 33417 44786 3571230 311.7344622905028 https://www.sml2.org/dash/0b4SVyP0IqI/media/chunk-stream9-00012.m4s
31 44825 44916 55890 2297889 207.6718481699051 https://www.sml2.org/dash/0b4SVyP0IqI/media/chunk-stream7-00013.m4s
32 45055 48106 49749 201948 43.02258201959949 https://www.sml2.org/dash/0b4SVyP0IqI/media/chunk-stream0-00012.m4s
33 49756 53194 54712 201163 40.589790153349476 https://www.sml2.org/dash/0b4SVyP0IqI/media/chunk-stream0-00013.m4s
34 55916 56002 61304 1750133 324.82052709725315 https://www.sml2.org/dash/0b4SVyP0IqI/media/chunk-stream7-00014.m4s
35 61331 61417 79308 3319171 184.63431050787116 https://www.sml2.org/dash/0b4SVyP0IqI/media/chunk-stream9-00015.m4s
36 61724 64973 66734 201786 40.276646706586824 https://www.sml2.org/dash/0b4SVyP0IqI/media/chunk-stream0-00014.m4s
37 66740 72406 76009 201531 21.74247491638796 https://www.sml2.org/dash/0b4SVyP0IqI/media/chunk-stream0-00015.m4s
38 79342 79432 92557 3460434 261.8565266742338 https://www.sml2.org/dash/0b4SVyP0IqI/media/chunk-stream9-00016.m4s
39 92593 92678 94647 643783 313.42891918208375 https://www.sml2.org/dash/0b4SVyP0IqI/media/chunk-stream9-00017.m4s
40 93031 94647 95366 201642 86.35631691648823 https://www.sml2.org/dash/0b4SVyP0IqI/media/chunk-stream0-00016.m4s
41 94663 95373 97222 453021 177.03048065650646 https://www.sml2.org/dash/0b4SVyP0IqI/media/chunk-stream9-00018.m4s
42 95373 97222 98178 201695 71.90552584670232 https://www.sml2.org/dash/0b4SVyP0IqI/media/chunk-stream0-00017.m4s
43 97237 98178 99869 421166 160.01747720364742 https://www.sml2.org/dash/0b4SVyP0IqI/media/chunk-stream9-00019.m4s
44 98185 99869 100740 201423 78.8348336594912 https://www.sml2.org/dash/0b4SVyP0IqI/media/chunk-stream0-00018.m4s
45 99885 100746 102509 391816 149.3201219512195 https://www.sml2.org/dash/0b4SVyP0IqI/media/chunk-stream9-00020.m4s
46 100748 102509 103474 201875 74.05539251650771 https://www.sml2.org/dash/0b4SVyP0IqI/media/chunk-stream0-00019.m4s
47 103486 103570 104225 201041 272.0446549391069 https://www.sml2.org/dash/0b4SVyP0IqI/media/chunk-stream0-00020.m4s
48 105025 105115 106681 412971 249.3786231884058 https://www.sml2.org/dash/0b4SVyP0IqI/media/chunk-stream9-00021.m4s
49 106740 106824 107849 201931 182.0838593327322 https://www.sml2.org/dash/0b4SVyP0IqI/media/chunk-stream0-00021.m4s
50 113192 113280 114925 401596 231.734564339296 https://www.sml2.org/dash/0b4SVyP0IqI/media/chunk-stream9-00022.m4s
51 115366 115454 116385 201228 197.47595682041216 https://www.sml2.org/dash/0b4SVyP0IqI/media/chunk-stream0-00022.m4s
52 120937 121027 124156 417057 129.56104380242311 https://www.sml2.org/dash/0b4SVyP0IqI/media/chunk-stream9-00023.m4s
53 124403 124501 126720 202097 87.22356495468279 https://www.sml2.org/dash/0b4SVyP0IqI/media/chunk-stream0-00023.m4s
54 126727 126830 129978 200920 61.80252230083051 https://www.sml2.org/dash/0b4SVyP0IqI/media/chunk-stream0-00024.m4s
55 129168 129978 137436 601197 72.71371552975326 https://www.sml2.org/dash/0b4SVyP0IqI/media/chunk-stream9-00024.m4s
56 137456 137548 139576 466691 220.1372641509434 https://www.sml2.org/dash/0b4SVyP0IqI/media/chunk-stream9-00025.m4s
57 139998 140083 140756 201937 266.4076517150396 https://www.sml2.org/dash/0b4SVyP0IqI/media/chunk-stream0-00025.m4s
58 140762 140854 141679 201344 219.56815703380587 https://www.sml2.org/dash/0b4SVyP0IqI/media/chunk-stream0-00026.m4s
59 145089 145172 146825 408260 235.17281105990784 https://www.sml2.org/dash/0b4SVyP0IqI/media/chunk-stream9-00026.m4s
60 153344 153432 155013 417084 249.90053924505693 https://www.sml2.org/dash/0b4SVyP0IqI/media/chunk-stream9-00027.m4s
61 155201 155286 156036 201813 241.69221556886228 https://www.sml2.org/dash/0b4SVyP0IqI/media/chunk-stream0-00027.m4s
62 161024 161112 162855 385318 210.4412889131622 https://www.sml2.org/dash/0b4SVyP0IqI/media/chunk-stream9-00028.m4s
63 163051 163138 163954 201394 223.02768549280177 https://www.sml2.org/dash/0b4SVyP0IqI/media/chunk-stream0-00028.m4s
64 168867 168955 171326 504461 205.14884099227328 https://www.sml2.org/dash/0b4SVyP0IqI/media/chunk-stream9-00029.m4s
65 171475 171562 172374 201593 224.24137931034483 https://www.sml2.org/dash/0b4SVyP0IqI/media/chunk-stream0-00029.m4s
66 177338 177430 178958 378961 233.92654320987654 https://www.sml2.org/dash/0b4SVyP0IqI/media/chunk-stream9-00030.m4s
67 179391 179476 180260 201182 231.50978135788262 https://www.sml2.org/dash/0b4SVyP0IqI/media/chunk-stream0-00030.m4s
68 184972 185055 186519 392576 253.76599870717519 https://www.sml2.org/dash/0b4SVyP0IqI/media/chunk-stream9-00031.m4s
69 186776 186870 187804 201927 196.4270428015564 https://www.sml2.org/dash/0b4SVyP0IqI/media/chunk-stream0-00031.m4s
70 187811 187902 188704 201745 225.91825307950728 https://www.sml2.org/dash/0b4SVyP0IqI/media/chunk-stream0-00032.m4s
71 193033 193116 194442 379679 269.46699787083037 https://www.sml2.org/dash/0b4SVyP0IqI/media/chunk-stream9-00032.m4s
72 200960 201048 202629 404332 242.26003594967045 https://www.sml2.org/dash/0b4SVyP0IqI/media/chunk-stream9-00033.m4s
73 202724 202816 203657 201488 215.95712754555197 https://www.sml2.org/dash/0b4SVyP0IqI/media/chunk-stream0-00033.m4s
74 209140 209224 210913 390135 220.04230118443317 https://www.sml2.org/dash/0b4SVyP0IqI/media/chunk-stream9-00034.m4s
75 211174 211262 212076 201807 223.73281596452327 https://www.sml2.org/dash/0b4SVyP0IqI/media/chunk-stream0-00034.m4s
76 216923 217010 219353 389853 160.43333333333334 https://www.sml2.org/dash/0b4SVyP0IqI/media/chunk-stream9-00035.m4s
77 219591 219678 221151 201176 128.95897435897436 https://www.sml2.org/dash/0b4SVyP0IqI/media/chunk-stream0-00035.m4s
78 224864 224952 226562 384743 226.58598351001177 https://www.sml2.org/dash/0b4SVyP0IqI/media/chunk-stream9-00036.m4s
79 226670 226759 227422 201793 268.34175531914894 https://www.sml2.org/dash/0b4SVyP0IqI/media/chunk-stream0-00036.m4s
80 233075 233163 234912 394244 214.61295590636908 https://www.sml2.org/dash/0b4SVyP0IqI/media/chunk-stream9-00037.m4s
81 234942 235032 235889 201246 212.5089757127772 https://www.sml2.org/dash/0b4SVyP0IqI/media/chunk-stream0-00037.m4s
82 240924 241011 242839 373702 195.14464751958224 https://www.sml2.org/dash/0b4SVyP0IqI/media/chunk-stream9-00038.m4s
83 242907 243001 244047 201915 177.1184210526316 https://www.sml2.org/dash/0b4SVyP0IqI/media/chunk-stream0-00038.m4s
84 249350 249456 252956 407553 113.02079866888519 https://www.sml2.org/dash/0b4SVyP0IqI/media/chunk-stream9-00039.m4s
85 253064 253175 255307 201241 89.71957200178332 https://www.sml2.org/dash/0b4SVyP0IqI/media/chunk-stream0-00039.m4s
86 256966 257060 261970 568131 113.53537170263789 https://www.sml2.org/dash/0b4SVyP0IqI/media/chunk-stream9-00040.m4s
87 262322 262416 263994 201716 120.64354066985646 https://www.sml2.org/dash/0b4SVyP0IqI/media/chunk-stream0-00040.m4s
88 264980 265069 269316 596003 137.4545664206642 https://www.sml2.org/dash/0b4SVyP0IqI/media/chunk-stream9-00041.m4s
89 269510 269598 270546 201315 194.31949806949808 https://www.sml2.org/dash/0b4SVyP0IqI/media/chunk-stream0-00041.m4s
90 273328 273415 276558 556793 172.38173374613004 https://www.sml2.org/dash/0b4SVyP0IqI/media/chunk-stream9-00042.m4s
91 277059 277157 278320 201951 160.15146708961143 https://www.sml2.org/dash/0b4SVyP0IqI/media/chunk-stream0-00042.m4s
92 281069 281159 284415 528728 158.01793185893604 https://www.sml2.org/dash/0b4SVyP0IqI/media/chunk-stream9-00043.m4s
93 284835 284925 286078 201103 161.7884151246983 https://www.sml2.org/dash/0b4SVyP0IqI/media/chunk-stream0-00043.m4s
94 288928 289019 290833 412846 216.71706036745408 https://www.sml2.org/dash/0b4SVyP0IqI/media/chunk-stream9-00044.m4s
95 291093 291184 291927 201781 241.94364508393286 https://www.sml2.org/dash/0b4SVyP0IqI/media/chunk-stream0-00044.m4s
96 297346 297437 299084 363138 208.94016110471807 https://www.sml2.org/dash/0b4SVyP0IqI/media/chunk-stream9-00045.m4s
97 299443 299527 300152 201389 284.0465444287729 https://www.sml2.org/dash/0b4SVyP0IqI/media/chunk-stream0-00045.m4s
98 305095 305183 307902 667820 237.9123619522622 https://www.sml2.org/dash/0b4SVyP0IqI/media/chunk-stream9-00046.m4s
99 308169 308258 309004 201826 241.70778443113772 https://www.sml2.org/dash/0b4SVyP0IqI/media/chunk-stream0-00046.m4s
100 312915 313006 315125 534058 241.6552036199095 https://www.sml2.org/dash/0b4SVyP0IqI/media/chunk-stream9-00047.m4s
101 315517 315608 316464 201226 212.48785638859556 https://www.sml2.org/dash/0b4SVyP0IqI/media/chunk-stream0-00047.m4s
102 321138 321230 322777 408089 248.98657718120805 https://www.sml2.org/dash/0b4SVyP0IqI/media/chunk-stream9-00048.m4s
103 322979 323067 323826 201939 238.4167650531287 https://www.sml2.org/dash/0b4SVyP0IqI/media/chunk-stream0-00048.m4s
104 323831 323922 324755 201626 218.2099567099567 https://www.sml2.org/dash/0b4SVyP0IqI/media/chunk-stream0-00049.m4s
105 329289 329380 330694 481880 342.97508896797154 https://www.sml2.org/dash/0b4SVyP0IqI/media/chunk-stream9-00049.m4s
106 337212 337299 338637 416324 292.15719298245614 https://www.sml2.org/dash/0b4SVyP0IqI/media/chunk-stream9-00050.m4s
107 338777 338863 339427 201395 309.83846153846156 https://www.sml2.org/dash/0b4SVyP0IqI/media/chunk-stream0-00050.m4s
108 345149 345240 351313 1631241 264.64000648929266 https://www.sml2.org/dash/0b4SVyP0IqI/media/chunk-stream9-00051.m4s
109 351449 351536 352240 201823 255.14917825537296 https://www.sml2.org/dash/0b4SVyP0IqI/media/chunk-stream0-00051.m4s
110 353332 353421 356059 744677 273.07554088742205 https://www.sml2.org/dash/0b4SVyP0IqI/media/chunk-stream9-00052.m4s
111 356252 356341 356959 201149 284.5106082036775 https://www.sml2.org/dash/0b4SVyP0IqI/media/chunk-stream0-00052.m4s
112 361072 361157 364868 1116136 294.02950474183353 https://www.sml2.org/dash/0b4SVyP0IqI/media/chunk-stream9-00053.m4s
113 364975 365064 365987 201892 199.49802371541503 https://www.sml2.org/dash/0b4SVyP0IqI/media/chunk-stream0-00053.m4s
114 368884 368973 373847 1163749 234.48498891799315 https://www.sml2.org/dash/0b4SVyP0IqI/media/chunk-stream9-00054.m4s
115 374003 374086 374825 201259 244.84063260340633 https://www.sml2.org/dash/0b4SVyP0IqI/media/chunk-stream0-00054.m4s
116 374831 374923 375702 201934 231.84156142365097 https://www.sml2.org/dash/0b4SVyP0IqI/media/chunk-stream0-00055.m4s
117 376863 376951 380027 1020115 322.4130847029077 https://www.sml2.org/dash/0b4SVyP0IqI/media/chunk-stream9-00055.m4s
118 385048 385135 390435 1162946 215.88008167811398 https://www.sml2.org/dash/0b4SVyP0IqI/media/chunk-stream9-00056.m4s
119 390720 390813 392300 201119 127.29050632911392 https://www.sml2.org/dash/0b4SVyP0IqI/media/chunk-stream0-00056.m4s
120 392950 393045 398864 953667 161.2558336151505 https://www.sml2.org/dash/0b4SVyP0IqI/media/chunk-stream9-00057.m4s
121 399313 399403 400202 201826 227.02587176602924 https://www.sml2.org/dash/0b4SVyP0IqI/media/chunk-stream0-00057.m4s
122 400879 400970 403176 544129 236.88680888114934 https://www.sml2.org/dash/0b4SVyP0IqI/media/chunk-stream9-00058.m4s
123 403218 403302 404133 201205 219.89617486338798 https://www.sml2.org/dash/0b4SVyP0IqI/media/chunk-stream0-00058.m4s
124 409189 409278 416879 2231251 290.14967490247074 https://www.sml2.org/dash/0b4SVyP0IqI/media/chunk-stream9-00059.m4s
125 416908 416999 424578 1631833 212.75528031290744 https://www.sml2.org/dash/0b4SVyP0IqI/media/chunk-stream9-00060.m4s
126 417148 423492 424726 201875 26.639614674056478 https://www.sml2.org/dash/0b4SVyP0IqI/media/chunk-stream0-00059.m4s
127 424739 424827 425651 201438 220.875 https://www.sml2.org/dash/0b4SVyP0IqI/media/chunk-stream0-00060.m4s
128 425097 425656 430899 1196615 206.24181316787315 https://www.sml2.org/dash/0b4SVyP0IqI/media/chunk-stream9-00061.m4s
129 431166 431253 432217 201662 191.87630827783065 https://www.sml2.org/dash/0b4SVyP0IqI/media/chunk-stream0-00061.m4s
130 432914 433005 434305 306072 220.0373831775701 https://www.sml2.org/dash/0b4SVyP0IqI/media/chunk-stream9-00062.m4s
131 434730 434815 435566 201347 240.8456937799043 https://www.sml2.org/dash/0b4SVyP0IqI/media/chunk-stream0-00062.m4s
132 441317 441412 444279 376628 127.15327481431466 https://www.sml2.org/dash/0b4SVyP0IqI/media/chunk-stream9-00063.m4s
133 444583 444675 447132 201809 79.17183209101609 https://www.sml2.org/dash/0b4SVyP0IqI/media/chunk-stream0-00063.m4s
134 449290 449402 453675 297968 67.95165336374002 https://www.sml2.org/dash/0b4SVyP0IqI/media/chunk-stream9-00064.m4s
135 454147 454266 456908 201721 73.06084751901486 https://www.sml2.org/dash/0b4SVyP0IqI/media/chunk-stream0-00064.m4s
136 457184 457276 462399 1265145 242.59731543624162 https://www.sml2.org/dash/0b4SVyP0IqI/media/chunk-stream9-00065.m4s
137 462423 462508 463356 201315 215.77170418006432 https://www.sml2.org/dash/0b4SVyP0IqI/media/chunk-stream0-00065.m4s
138 464915 465002 468503 873641 243.4896878483835 https://www.sml2.org/dash/0b4SVyP0IqI/media/chunk-stream9-00066.m4s
139 468872 468957 469602 201776 276.4054794520548 https://www.sml2.org/dash/0b4SVyP0IqI/media/chunk-stream0-00066.m4s
140 473017 473106 476021 758736 252.5752330226365 https://www.sml2.org/dash/0b4SVyP0IqI/media/chunk-stream9-00067.m4s
141 476116 476202 476857 201244 271.58434547908234 https://www.sml2.org/dash/0b4SVyP0IqI/media/chunk-stream0-00067.m4s
142 481035 481123 484291 731551 224.67782555282557 https://www.sml2.org/dash/0b4SVyP0IqI/media/chunk-stream9-00068.m4s
143 484379 484470 485381 201836 201.43313373253494 https://www.sml2.org/dash/0b4SVyP0IqI/media/chunk-stream0-00068.m4s
144 489304 489393 492666 705855 209.9509220701963 https://www.sml2.org/dash/0b4SVyP0IqI/media/chunk-stream9-00069.m4s
145 492896 492982 493644 201337 269.16711229946526 https://www.sml2.org/dash/0b4SVyP0IqI/media/chunk-stream0-00069.m4s
146 497180 497272 499586 571589 237.5681629260183 https://www.sml2.org/dash/0b4SVyP0IqI/media/chunk-stream9-00070.m4s
147 499659 499746 500519 201751 234.59418604651162 https://www.sml2.org/dash/0b4SVyP0IqI/media/chunk-stream0-00070.m4s
148 505099 505183 508707 858077 237.8262195121951 https://www.sml2.org/dash/0b4SVyP0IqI/media/chunk-stream9-00071.m4s
149 509037 509125 509896 201346 234.39580908032596 https://www.sml2.org/dash/0b4SVyP0IqI/media/chunk-stream0-00071.m4s
150 513221 513307 516876 898107 245.72010943912449 https://www.sml2.org/dash/0b4SVyP0IqI/media/chunk-stream9-00072.m4s
151 516913 517004 517832 201899 219.6942328618063 https://www.sml2.org/dash/0b4SVyP0IqI/media/chunk-stream0-00072.m4s
152 517839 517926 518648 201094 248.57107540173052 https://www.sml2.org/dash/0b4SVyP0IqI/media/chunk-stream0-00073.m4s
153 520891 520983 524296 839558 246.5662261380323 https://www.sml2.org/dash/0b4SVyP0IqI/media/chunk-stream9-00073.m4s
154 529316 529405 530938 354972 218.84833538840937 https://www.sml2.org/dash/0b4SVyP0IqI/media/chunk-stream9-00074.m4s
155 531168 531254 532067 201932 224.61846496106784 https://www.sml2.org/dash/0b4SVyP0IqI/media/chunk-stream0-00074.m4s
156 536949 537038 539091 338830 158.18394024276378 https://www.sml2.org/dash/0b4SVyP0IqI/media/chunk-stream9-00075.m4s
157 539583 539674 541144 201315 128.9654067905189 https://www.sml2.org/dash/0b4SVyP0IqI/media/chunk-stream0-00075.m4s
158 545102 545188 547080 455583 230.32507583417595 https://www.sml2.org/dash/0b4SVyP0IqI/media/chunk-stream9-00076.m4s
159 547161 547251 547929 201772 262.7239583333333 https://www.sml2.org/dash/0b4SVyP0IqI/media/chunk-stream0-00076.m4s
160 553091 553181 556107 666931 221.13096816976127 https://www.sml2.org/dash/0b4SVyP0IqI/media/chunk-stream9-00077.m4s
161 556445 556534 557295 201356 236.88941176470587 https://www.sml2.org/dash/0b4SVyP0IqI/media/chunk-stream0-00077.m4s
162 561118 561207 562798 320439 190.7375 https://www.sml2.org/dash/0b4SVyP0IqI/media/chunk-stream9-00078.m4s
163 563309 563403 564460 201637 175.18418766290182 https://www.sml2.org/dash/0b4SVyP0IqI/media/chunk-stream0-00078.m4s
164 569317 569414 572898 405405 113.20999720748394 https://www.sml2.org/dash/0b4SVyP0IqI/media/chunk-stream9-00079.m4s
165 572977 573085 575225 201342 89.56494661921708 https://www.sml2.org/dash/0b4SVyP0IqI/media/chunk-stream0-00079.m4s
166 576908 577007 581376 504564 112.92837958818264 https://www.sml2.org/dash/0b4SVyP0IqI/media/chunk-stream9-00080.m4s
167 581741 581846 583403 201746 121.38748495788207 https://www.sml2.org/dash/0b4SVyP0IqI/media/chunk-stream0-00080.m4s
168 584886 584979 589371 625938 139.56254180602008 https://www.sml2.org/dash/0b4SVyP0IqI/media/chunk-stream9-00081.m4s
169 589417 589502 590445 201838 196.34046692607004 https://www.sml2.org/dash/0b4SVyP0IqI/media/chunk-stream0-00081.m4s
170 592882 592971 596149 589978 180.58708295071932 https://www.sml2.org/dash/0b4SVyP0IqI/media/chunk-stream9-00082.m4s
171 596459 596547 597830 201376 146.88256746900072 https://www.sml2.org/dash/0b4SVyP0IqI/media/chunk-stream0-00082.m4s
172 597839 597930 599005 201728 173.00857632933105 https://www.sml2.org/dash/0b4SVyP0IqI/media/chunk-stream0-00083.m4s
173 601164 601273 604588 540635 157.8957359813084 https://www.sml2.org/dash/0b4SVyP0IqI/media/chunk-stream9-00083.m4s
174 609107 609192 611025 407415 212.41657977059438 https://www.sml2.org/dash/0b4SVyP0IqI/media/chunk-stream9-00084.m4s
175 611524 611613 612343 201254 245.73137973137972 https://www.sml2.org/dash/0b4SVyP0IqI/media/chunk-stream0-00084.m4s
176 617036 617120 619719 595078 221.79575102497205 https://www.sml2.org/dash/0b4SVyP0IqI/media/chunk-stream9-00085.m4s
177 619858 619949 620627 201969 262.63849154746424 https://www.sml2.org/dash/0b4SVyP0IqI/media/chunk-stream0-00085.m4s
178 625232 625319 627988 646752 234.67053701015965 https://www.sml2.org/dash/0b4SVyP0IqI/media/chunk-stream9-00086.m4s
179 628147 628234 628976 201183 242.68154402895055 https://www.sml2.org/dash/0b4SVyP0IqI/media/chunk-stream0-00086.m4s
180 633001 633088 635232 543170 243.46481398476018 https://www.sml2.org/dash/0b4SVyP0IqI/media/chunk-stream9-00087.m4s
181 635491 635581 636442 201821 212.21976866456362 https://www.sml2.org/dash/0b4SVyP0IqI/media/chunk-stream0-00087.m4s
182 641246 641338 643073 474046 259.46688560481664 https://www.sml2.org/dash/0b4SVyP0IqI/media/chunk-stream9-00088.m4s
183 643458 643545 644507 201289 191.88655862726407 https://www.sml2.org/dash/0b4SVyP0IqI/media/chunk-stream0-00088.m4s
184 649087 649175 650140 343471 326.18328584995254 https://www.sml2.org/dash/0b4SVyP0IqI/media/chunk-stream9-00089.m4s
185 650522 650607 651288 201934 263.62140992167105 https://www.sml2.org/dash/0b4SVyP0IqI/media/chunk-stream0-00089.m4s
186 657151 657237 658305 329796 285.7850953206239 https://www.sml2.org/dash/0b4SVyP0IqI/media/chunk-stream9-00090.m4s
187 658803 658888 659451 201118 310.36728395061726 https://www.sml2.org/dash/0b4SVyP0IqI/media/chunk-stream0-00090.m4s
188 665315 665402 666824 352782 233.78528827037772 https://www.sml2.org/dash/0b4SVyP0IqI/media/chunk-stream9-00091.m4s
189 666968 667057 667825 201868 235.55192532088682 https://www.sml2.org/dash/0b4SVyP0IqI/media/chunk-stream0-00091.m4s
190 667833 667919 668663 201148 242.34698795180722 https://www.sml2.org/dash/0b4SVyP0IqI/media/chunk-stream0-00092.m4s
191 673339 673425 674799 365838 250.57397260273973 https://www.sml2.org/dash/0b4SVyP0IqI/media/chunk-stream9-00092.m4s
192 681315 681400 682486 328517 280.54397950469684 https://www.sml2.org/dash/0b4SVyP0IqI/media/chunk-stream9-00093.m4s
193 682684 682770 683359 202103 299.41185185185185 https://www.sml2.org/dash/0b4SVyP0IqI/media/chunk-stream0-00093.m4s
194 688997 689086 690377 305755 221.56159420289856 https://www.sml2.org/dash/0b4SVyP0IqI/media/chunk-stream9-00094.m4s
195 690875 690963 691822 201014 212.26399155227034 https://www.sml2.org/dash/0b4SVyP0IqI/media/chunk-stream0-00094.m4s
196 691829 691915 692707 202009 230.07858769931664 https://www.sml2.org/dash/0b4SVyP0IqI/media/chunk-stream0-00095.m4s
197 696890 696979 698890 637716 318.858 https://www.sml2.org/dash/0b4SVyP0IqI/media/chunk-stream9-00095.m4s
198 704908 704991 706925 446181 221.21021318790284 https://www.sml2.org/dash/0b4SVyP0IqI/media/chunk-stream9-00096.m4s
199 707226 707313 708004 201650 259.19023136246784 https://www.sml2.org/dash/0b4SVyP0IqI/media/chunk-stream0-00096.m4s
200 712941 713025 716301 373596 111.18928571428572 https://www.sml2.org/dash/0b4SVyP0IqI/media/chunk-stream9-00097.m4s
201 716519 716613 717479 201383 209.77395833333333 https://www.sml2.org/dash/0b4SVyP0IqI/media/chunk-stream0-00097.m4s
202 721312 721399 722870 346385 222.32670089858794 https://www.sml2.org/dash/0b4SVyP0IqI/media/chunk-stream9-00098.m4s
203 722992 723077 723882 201828 226.77303370786518 https://www.sml2.org/dash/0b4SVyP0IqI/media/chunk-stream0-00098.m4s
204 728882 728968 733244 1332161 305.4014213663457 https://www.sml2.org/dash/0b4SVyP0IqI/media/chunk-stream9-00099.m4s
205 733403 733487 734235 201112 241.72115384615384 https://www.sml2.org/dash/0b4SVyP0IqI/media/chunk-stream0-00099.m4s
206 737262 737356 739355 466614 222.94027711419017 https://www.sml2.org/dash/0b4SVyP0IqI/media/chunk-stream9-00100.m4s
207 739749 739841 740711 201886 209.86070686070687 https://www.sml2.org/dash/0b4SVyP0IqI/media/chunk-stream0-00100.m4s
208 740718 740809 741676 201202 210.02296450939457 https://www.sml2.org/dash/0b4SVyP0IqI/media/chunk-stream0-00101.m4s
209 744865 744955 747037 526232 242.27992633517496 https://www.sml2.org/dash/0b4SVyP0IqI/media/chunk-stream9-00101.m4s
210 753055 753142 754955 440391 231.78473684210527 https://www.sml2.org/dash/0b4SVyP0IqI/media/chunk-stream9-00102.m4s
211 755199 755283 756168 201836 208.29308565531477 https://www.sml2.org/dash/0b4SVyP0IqI/media/chunk-stream0-00102.m4s
212 760966 761065 764261 425509 129.13778452200305 https://www.sml2.org/dash/0b4SVyP0IqI/media/chunk-stream9-00103.m4s
213 764685 764779 767325 201303 76.25113636363636 https://www.sml2.org/dash/0b4SVyP0IqI/media/chunk-stream0-00103.m4s
214 769272 769383 775502 416043 66.78057784911718 https://www.sml2.org/dash/0b4SVyP0IqI/media/chunk-stream9-00104.m4s
215 775841 775940 777405 201855 129.06329923273657 https://www.sml2.org/dash/0b4SVyP0IqI/media/chunk-stream0-00104.m4s
216 777011 777408 779423 460714 191.00912106135988 https://www.sml2.org/dash/0b4SVyP0IqI/media/chunk-stream9-00105.m4s
217 779918 780002 780645 201181 276.7276478679505 https://www.sml2.org/dash/0b4SVyP0IqI/media/chunk-stream0-00105.m4s
218 784936 785021 787257 555413 239.2990090478242 https://www.sml2.org/dash/0b4SVyP0IqI/media/chunk-stream9-00106.m4s
219 787662 787753 788547 201950 228.19209039548022 https://www.sml2.org/dash/0b4SVyP0IqI/media/chunk-stream0-00106.m4s
220 793269 793361 795509 547915 244.60491071428572 https://www.sml2.org/dash/0b4SVyP0IqI/media/chunk-stream9-00107.m4s
221 795561 795653 796300 201138 272.17591339648175 https://www.sml2.org/dash/0b4SVyP0IqI/media/chunk-stream0-00107.m4s
222 801021 801114 803459 544269 223.24405250205086 https://www.sml2.org/dash/0b4SVyP0IqI/media/chunk-stream9-00108.m4s
223 803815 803909 804837 202097 197.74657534246575 https://www.sml2.org/dash/0b4SVyP0IqI/media/chunk-stream0-00108.m4s
224 804843 804935 805827 201058 204.3272357723577 https://www.sml2.org/dash/0b4SVyP0IqI/media/chunk-stream0-00109.m4s
225 808973 809061 812496 767093 217.73857507805846 https://www.sml2.org/dash/0b4SVyP0IqI/media/chunk-stream9-00109.m4s
226 817012 817103 818592 370848 234.7139240506329 https://www.sml2.org/dash/0b4SVyP0IqI/media/chunk-stream9-00110.m4s
227 818847 818931 819756 201778 221.97799779977998 https://www.sml2.org/dash/0b4SVyP0IqI/media/chunk-stream0-00110.m4s
228 819762 819849 820617 201425 235.58479532163742 https://www.sml2.org/dash/0b4SVyP0IqI/media/chunk-stream0-00111.m4s
229 825104 825188 826472 340402 248.83187134502924 https://www.sml2.org/dash/0b4SVyP0IqI/media/chunk-stream9-00111.m4s
230 832987 833072 835677 727544 270.4624535315985 https://www.sml2.org/dash/0b4SVyP0IqI/media/chunk-stream9-00112.m4s
231 836153 836245 837202 201731 192.30791229742613 https://www.sml2.org/dash/0b4SVyP0IqI/media/chunk-stream0-00112.m4s
232 841200 841288 844807 896097 248.4327696146382 https://www.sml2.org/dash/0b4SVyP0IqI/media/chunk-stream9-00113.m4s
233 845219 845305 845987 201943 262.9466145833333 https://www.sml2.org/dash/0b4SVyP0IqI/media/chunk-stream0-00113.m4s
234 849322 849409 851864 590632 232.34933123524783 https://www.sml2.org/dash/0b4SVyP0IqI/media/chunk-stream9-00114.m4s
235 852004 852096 852975 201124 207.1307929969104 https://www.sml2.org/dash/0b4SVyP0IqI/media/chunk-stream0-00114.m4s
236 856877 856963 859129 359243 159.52175843694494 https://www.sml2.org/dash/0b4SVyP0IqI/media/chunk-stream9-00115.m4s
237 859491 859578 861037 201785 130.52069857697282 https://www.sml2.org/dash/0b4SVyP0IqI/media/chunk-stream0-00115.m4s
238 865138 865226 867222 487625 233.9851247600768 https://www.sml2.org/dash/0b4SVyP0IqI/media/chunk-stream9-00116.m4s
239 867548 867639 868335 201246 255.712833545108 https://www.sml2.org/dash/0b4SVyP0IqI/media/chunk-stream0-00116.m4s
240 873234 873324 876131 640336 221.03417328270623 https://www.sml2.org/dash/0b4SVyP0IqI/media/chunk-stream9-00117.m4s
241 876351 876444 877231 201836 229.3590909090909 https://www.sml2.org/dash/0b4SVyP0IqI/media/chunk-stream0-00117.m4s
242 881144 881230 883201 393426 191.2620320855615 https://www.sml2.org/dash/0b4SVyP0IqI/media/chunk-stream9-00118.m4s
243 883246 883334 884381 201367 177.415859030837 https://www.sml2.org/dash/0b4SVyP0IqI/media/chunk-stream0-00118.m4s
244 889212 889310 892718 400475 114.22561323445522 https://www.sml2.org/dash/0b4SVyP0IqI/media/chunk-stream9-00119.m4s
245 892898 892996 895158 201874 89.32477876106195 https://www.sml2.org/dash/0b4SVyP0IqI/media/chunk-stream0-00119.m4s
246 897229 897330 900924 414718 112.23761840324764 https://www.sml2.org/dash/0b4SVyP0IqI/media/chunk-stream9-00120.m4s
247 901175 901274 902862 201467 119.42323651452283 https://www.sml2.org/dash/0b4SVyP0IqI/media/chunk-stream0-00120.m4s
248 904933 905021 908496 439459 123.33960145944428 https://www.sml2.org/dash/0b4SVyP0IqI/media/chunk-stream9-00121.m4s
249 908878 908962 909838 201533 209.93020833333333 https://www.sml2.org/dash/0b4SVyP0IqI/media/chunk-stream0-00121.m4s
250 909845 909936 910925 201277 186.3675925925926 https://www.sml2.org/dash/0b4SVyP0IqI/media/chunk-stream0-00122.m4s
251 913007 913093 915156 391918 182.37226617031178 https://www.sml2.org/dash/0b4SVyP0IqI/media/chunk-stream9-00122.m4s
252 921176 921276 923610 394639 162.13599013968775 https://www.sml2.org/dash/0b4SVyP0IqI/media/chunk-stream9-00123.m4s
253 923947 924045 925296 201896 149.66345441067458 https://www.sml2.org/dash/0b4SVyP0IqI/media/chunk-stream0-00123.m4s
254 929120 929209 930874 360571 205.57069555302166 https://www.sml2.org/dash/0b4SVyP0IqI/media/chunk-stream9-00124.m4s
255 931308 931399 932134 201127 243.4951573849879 https://www.sml2.org/dash/0b4SVyP0IqI/media/chunk-stream0-00124.m4s
256 936887 936973 938331 363383 251.65027700831024 https://www.sml2.org/dash/0b4SVyP0IqI/media/chunk-stream9-00125.m4s
257 938648 938738 939774 201810 179.22735346358792 https://www.sml2.org/dash/0b4SVyP0IqI/media/chunk-stream0-00125.m4s
258 939780 939868 940504 201252 277.97237569060775 https://www.sml2.org/dash/0b4SVyP0IqI/media/chunk-stream0-00126.m4s
259 945344 945430 947128 390652 218.97533632286996 https://www.sml2.org/dash/0b4SVyP0IqI/media/chunk-stream9-00126.m4s
260 953143 953232 956756 886456 245.35178522003875 https://www.sml2.org/dash/0b4SVyP0IqI/media/chunk-stream9-00127.m4s
261 957027 957116 957814 201991 256.6594663278272 https://www.sml2.org/dash/0b4SVyP0IqI/media/chunk-stream0-00127.m4s
262 957821 957904 958556 201804 274.56326530612245 https://www.sml2.org/dash/0b4SVyP0IqI/media/chunk-stream0-00128.m4s
263 961270 961359 965719 1183123 265.9300966509328 https://www.sml2.org/dash/0b4SVyP0IqI/media/chunk-stream9-00128.m4s
264 969246 969333 971640 773770 323.21219715956556 https://www.sml2.org/dash/0b4SVyP0IqI/media/chunk-stream9-00129.m4s
265 972075 972158 972766 201129 291.06946454413895 https://www.sml2.org/dash/0b4SVyP0IqI/media/chunk-stream0-00129.m4s
266 972774 972862 973397 202004 324.2439807383628 https://www.sml2.org/dash/0b4SVyP0IqI/media/chunk-stream0-00130.m4s
267 977153 977241 979675 798563 316.63877874702615 https://www.sml2.org/dash/0b4SVyP0IqI/media/chunk-stream9-00130.m4s
268 985194 985289 987806 639182 244.70980091883615 https://www.sml2.org/dash/0b4SVyP0IqI/media/chunk-stream9-00131.m4s
269 987917 988009 988752 201119 240.86107784431138 https://www.sml2.org/dash/0b4SVyP0IqI/media/chunk-stream0-00131.m4s
270 988757 988850 989607 201882 237.50823529411764 https://www.sml2.org/dash/0b4SVyP0IqI/media/chunk-stream0-00132.m4s
271 993319 993407 996036 741499 272.91093117408906 https://www.sml2.org/dash/0b4SVyP0IqI/media/chunk-stream9-00132.m4s
272 1001053 1001139 1003611 806194 315.1657544956998 https://www.sml2.org/dash/0b4SVyP0IqI/media/chunk-stream9-00133.m4s
273 1004127 1004217 1005066 201340 214.419595314164 https://www.sml2.org/dash/0b4SVyP0IqI/media/chunk-stream0-00133.m4s
274 1009133 1009222 1012755 838654 231.54445057979018 https://www.sml2.org/dash/0b4SVyP0IqI/media/chunk-stream9-00134.m4s
275 1013081 1013167 1013961 201760 229.27272727272728 https://www.sml2.org/dash/0b4SVyP0IqI/media/chunk-stream0-00134.m4s
276 1017271 1017359 1019302 680806 335.20728705071394 https://www.sml2.org/dash/0b4SVyP0IqI/media/chunk-stream9-00135.m4s
277 1019476 1019561 1020169 201269 290.43145743145743 https://www.sml2.org/dash/0b4SVyP0IqI/media/chunk-stream0-00135.m4s
278 1025316 1025408 1028173 687349 240.58417920896045 https://www.sml2.org/dash/0b4SVyP0IqI/media/chunk-stream9-00136.m4s
279 1028685 1028780 1030153 201854 137.50272479564032 https://www.sml2.org/dash/0b4SVyP0IqI/media/chunk-stream0-00136.m4s
280 1033191 1033276 1038351 787742 152.66317829457364 https://www.sml2.org/dash/0b4SVyP0IqI/media/chunk-stream9-00137.m4s
281 1038670 1038757 1039420 201122 268.16266666666667 https://www.sml2.org/dash/0b4SVyP0IqI/media/chunk-stream0-00137.m4s
282 1040865 1040956 1045486 1108147 239.80675178532786 https://www.sml2.org/dash/0b4SVyP0IqI/media/chunk-stream9-00138.m4s
283 1045934 1046020 1046674 201968 272.92972972972973 https://www.sml2.org/dash/0b4SVyP0IqI/media/chunk-stream0-00138.m4s
284 1049000 1049086 1052627 1038484 286.32037496553625 https://www.sml2.org/dash/0b4SVyP0IqI/media/chunk-stream9-00139.m4s
285 1052691 1052774 1053248 201210 361.2387791741472 https://www.sml2.org/dash/0b4SVyP0IqI/media/chunk-stream0-00139.m4s
286 1057144 1057234 1061325 958494 229.2499402056924 https://www.sml2.org/dash/0b4SVyP0IqI/media/chunk-stream9-00140.m4s
287 1061764 1061849 1062806 201837 193.70153550863725 https://www.sml2.org/dash/0b4SVyP0IqI/media/chunk-stream0-00140.m4s
288 1062813 1062902 1063778 201161 208.45699481865284 https://www.sml2.org/dash/0b4SVyP0IqI/media/chunk-stream0-00141.m4s
289 1065340 1065431 1070221 1098301 225.01557057979923 https://www.sml2.org/dash/0b4SVyP0IqI/media/chunk-stream9-00141.m4s
290 1073239 1073324 1076645 783998 230.1814445096888 https://www.sml2.org/dash/0b4SVyP0IqI/media/chunk-stream9-00142.m4s
291 1076803 1076895 1077986 201844 170.6204564666103 https://www.sml2.org/dash/0b4SVyP0IqI/media/chunk-stream0-00142.m4s
292 1081159 1081255 1099415 1888991 103.47233786152498 https://www.sml2.org/dash/0b4SVyP0IqI/media/chunk-stream9-00143.m4s
293 1099443 1099532 1109885 2468810 236.43076039072974 https://www.sml2.org/dash/0b4SVyP0IqI/media/chunk-stream7-00144.m4s
294 1099507 1105173 1106824 201474 27.535055350553506 https://www.sml2.org/dash/0b4SVyP0IqI/media/chunk-stream0-00143.m4s
295 1106834 1109885 1110682 201965 52.48570686070686 https://www.sml2.org/dash/0b4SVyP0IqI/media/chunk-stream0-00144.m4s
296 1109910 1110687 1112820 525649 180.63539518900345 https://www.sml2.org/dash/0b4SVyP0IqI/media/chunk-stream9-00145.m4s
297 1110687 1112821 1113615 201477 68.81045081967213 https://www.sml2.org/dash/0b4SVyP0IqI/media/chunk-stream0-00145.m4s
298 1112832 1113616 1117684 1132410 233.39035449299257 https://www.sml2.org/dash/0b4SVyP0IqI/media/chunk-stream9-00146.m4s
299 1117700 1117789 1120158 614930 250.17493897477624 https://www.sml2.org/dash/0b4SVyP0IqI/media/chunk-stream9-00147.m4s
300 1118125 1120158 1120901 201251 72.49675792507205 https://www.sml2.org/dash/0b4SVyP0IqI/media/chunk-stream0-00146.m4s
301 1120913 1121000 1121929 201837 198.65846456692913 https://www.sml2.org/dash/0b4SVyP0IqI/media/chunk-stream0-00147.m4s
302 1121169 1121929 1124226 542230 177.37324174026824 https://www.sml2.org/dash/0b4SVyP0IqI/media/chunk-stream9-00148.m4s
303 1124441 1124530 1125434 201526 202.94662638469285 https://www.sml2.org/dash/0b4SVyP0IqI/media/chunk-stream0-00148.m4s
304 1129237 1129326 1131205 355186 180.48069105691056 https://www.sml2.org/dash/0b4SVyP0IqI/media/chunk-stream9-00149.m4s
305 1131449 1131533 1132344 201675 225.33519553072625 https://www.sml2.org/dash/0b4SVyP0IqI/media/chunk-stream0-00149.m4s
306 1137216 1137298 1138694 346776 234.62516914749662 https://www.sml2.org/dash/0b4SVyP0IqI/media/chunk-stream9-00150.m4s
307 1138859 1138946 1139766 201418 222.07056229327452 https://www.sml2.org/dash/0b4SVyP0IqI/media/chunk-stream0-00150.m4s
308 1139772 1139859 1140632 201800 234.65116279069767 https://www.sml2.org/dash/0b4SVyP0IqI/media/chunk-stream0-00151.m4s
309 1145206 1145292 1146924 409132 238.14435389988358 https://www.sml2.org/dash/0b4SVyP0IqI/media/chunk-stream9-00151.m4s
310 1152939 1153023 1154271 347481 260.8716216216216 https://www.sml2.org/dash/0b4SVyP0IqI/media/chunk-stream9-00152.m4s
311 1154651 1154741 1155500 201170 236.94935217903415 https://www.sml2.org/dash/0b4SVyP0IqI/media/chunk-stream0-00152.m4s
312 1161282 1161368 1162790 350501 232.42771883289126 https://www.sml2.org/dash/0b4SVyP0IqI/media/chunk-stream9-00153.m4s
313 1163017 1163105 1163925 201802 222.2488986784141 https://www.sml2.org/dash/0b4SVyP0IqI/media/chunk-stream0-00153.m4s
314 1169303 1169388 1170919 353926 219.01361386138615 https://www.sml2.org/dash/0b4SVyP0IqI/media/chunk-stream9-00154.m4s
315 1170937 1171022 1171806 201123 231.44188722669736 https://www.sml2.org/dash/0b4SVyP0IqI/media/chunk-stream0-00154.m4s
316 1171813 1171904 1172770 201953 211.0271682340648 https://www.sml2.org/dash/0b4SVyP0IqI/media/chunk-stream0-00155.m4s
317 1176931 1177022 1179158 353202 158.59991019308487 https://www.sml2.org/dash/0b4SVyP0IqI/media/chunk-stream9-00155.m4s
318 1185175 1185260 1186805 351234 215.48098159509203 https://www.sml2.org/dash/0b4SVyP0IqI/media/chunk-stream9-00156.m4s
319 1187292 1187379 1188057 201135 262.921568627451 https://www.sml2.org/dash/0b4SVyP0IqI/media/chunk-stream0-00156.m4s
320 1193315 1193402 1194973 356290 214.89143546441497 https://www.sml2.org/dash/0b4SVyP0IqI/media/chunk-stream9-00157.m4s
321 1195073 1195160 1196034 201942 210.13735691987512 https://www.sml2.org/dash/0b4SVyP0IqI/media/chunk-stream0-00157.m4s
322 1200985 1201071 1203028 396970 194.30739109153205 https://www.sml2.org/dash/0b4SVyP0IqI/media/chunk-stream9-00158.m4s
323 1203051 1203139 1204180 201398 178.38618246235606 https://www.sml2.org/dash/0b4SVyP0IqI/media/chunk-stream0-00158.m4s
324 1209039 1209145 1214507 577930 105.69312362838332 https://www.sml2.org/dash/0b4SVyP0IqI/media/chunk-stream9-00159.m4s
325 1214698 1214793 1216993 201648 87.8640522875817 https://www.sml2.org/dash/0b4SVyP0IqI/media/chunk-stream0-00159.m4s
326 1217021 1217119 1221877 548013 112.85275947281713 https://www.sml2.org/dash/0b4SVyP0IqI/media/chunk-stream9-00160.m4s
327 1222011 1222099 1223684 201944 120.7077106993425 https://www.sml2.org/dash/0b4SVyP0IqI/media/chunk-stream0-00160.m4s
328 1224888 1224980 1228829 501300 127.20121796498351 https://www.sml2.org/dash/0b4SVyP0IqI/media/chunk-stream9-00161.m4s
329 1229198 1229292 1230203 201243 200.2417910447761 https://www.sml2.org/dash/0b4SVyP0IqI/media/chunk-stream0-00161.m4s
330 1233339 1233432 1235371 341857 168.23671259842519 https://www.sml2.org/dash/0b4SVyP0IqI/media/chunk-stream9-00162.m4s
331 1235716 1235803 1236882 201836 173.10120068610635 https://www.sml2.org/dash/0b4SVyP0IqI/media/chunk-stream0-00162.m4s
332 1240882 1240968 1243432 393328 154.24627450980392 https://www.sml2.org/dash/0b4SVyP0IqI/media/chunk-stream9-00163.m4s
333 1243896 1243989 1245245 201164 149.12083024462564 https://www.sml2.org/dash/0b4SVyP0IqI/media/chunk-stream0-00163.m4s
334 1248943 1249030 1250979 448286 220.17976424361493 https://www.sml2.org/dash/0b4SVyP0IqI/media/chunk-stream9-00164.m4s
335 1251265 1251355 1252097 201802 242.55048076923077 https://www.sml2.org/dash/0b4SVyP0IqI/media/chunk-stream0-00164.m4s
336 1256990 1257075 1260479 852714 244.40068787618227 https://www.sml2.org/dash/0b4SVyP0IqI/media/chunk-stream9-00165.m4s
337 1260613 1260698 1261574 201301 209.4703433922997 https://www.sml2.org/dash/0b4SVyP0IqI/media/chunk-stream0-00165.m4s
338 1264992 1265083 1267377 563958 236.46037735849058 https://www.sml2.org/dash/0b4SVyP0IqI/media/chunk-stream9-00166.m4s
339 1267592 1267678 1268432 202038 240.52142857142857 https://www.sml2.org/dash/0b4SVyP0IqI/media/chunk-stream0-00166.m4s
340 1272889 1272978 1276327 843951 245.47731239092496 https://www.sml2.org/dash/0b4SVyP0IqI/media/chunk-stream9-00167.m4s
341 1276448 1276534 1277281 201027 241.32893157262905 https://www.sml2.org/dash/0b4SVyP0IqI/media/chunk-stream0-00167.m4s
342 1281342 1281432 1285332 1050646 263.3197994987469 https://www.sml2.org/dash/0b4SVyP0IqI/media/chunk-stream9-00168.m4s
343 1285795 1285885 1286602 201890 250.1734820322181 https://www.sml2.org/dash/0b4SVyP0IqI/media/chunk-stream0-00168.m4s
344 1289347 1289437 1292559 1021573 318.0488792029888 https://www.sml2.org/dash/0b4SVyP0IqI/media/chunk-stream9-00169.m4s
345 1292616 1292705 1293237 201251 324.0756843800322 https://www.sml2.org/dash/0b4SVyP0IqI/media/chunk-stream0-00169.m4s
346 1297074 1297164 1299233 670392 310.5104214914312 https://www.sml2.org/dash/0b4SVyP0IqI/media/chunk-stream9-00170.m4s
347 1299253 1299341 1299944 201768 291.99421128798843 https://www.sml2.org/dash/0b4SVyP0IqI/media/chunk-stream0-00170.m4s
348 1305247 1305337 1308973 940453 252.40284487385938 https://www.sml2.org/dash/0b4SVyP0IqI/media/chunk-stream9-00171.m4s
349 1309465 1309552 1310296 201348 242.29602888086643 https://www.sml2.org/dash/0b4SVyP0IqI/media/chunk-stream0-00171.m4s
350 1312986 1313073 1314646 437138 263.3361445783133 https://www.sml2.org/dash/0b4SVyP0IqI/media/chunk-stream9-00172.m4s
351 1314809 1314898 1315600 201686 254.97597977243996 https://www.sml2.org/dash/0b4SVyP0IqI/media/chunk-stream0-00172.m4s
352 1321159 1321245 1323670 781238 311.126244524094 https://www.sml2.org/dash/0b4SVyP0IqI/media/chunk-stream9-00173.m4s
353 1324119 1324209 1325057 201312 214.6183368869936 https://www.sml2.org/dash/0b4SVyP0IqI/media/chunk-stream0-00173.m4s
354 1329185 1329272 1334069 1151017 235.6709664209664 https://www.sml2.org/dash/0b4SVyP0IqI/media/chunk-stream9-00174.m4s
355 1334572 1334665 1335470 201978 224.9198218262806 https://www.sml2.org/dash/0b4SVyP0IqI/media/chunk-stream0-00174.m4s
356 1337083 1337170 1341039 1329388 336.04347826086956 https://www.sml2.org/dash/0b4SVyP0IqI/media/chunk-stream9-00175.m4s
357 1341485 1341573 1342197 201050 282.37359550561797 https://www.sml2.org/dash/0b4SVyP0IqI/media/chunk-stream0-00175.m4s
358 1345055 1345141 1347765 630592 232.69077490774907 https://www.sml2.org/dash/0b4SVyP0IqI/media/chunk-stream9-00176.m4s
359 1348211 1348299 1349486 202029 158.45411764705884 https://www.sml2.org/dash/0b4SVyP0IqI/media/chunk-stream0-00176.m4s
360 1353277 1353363 1357218 523571 132.8523217457498 https://www.sml2.org/dash/0b4SVyP0IqI/media/chunk-stream9-00177.m4s
361 1357503 1357592 1358504 201669 201.46753246753246 https://www.sml2.org/dash/0b4SVyP0IqI/media/chunk-stream0-00177.m4s
362 1361229 1361316 1363352 496833 234.02402260951484 https://www.sml2.org/dash/0b4SVyP0IqI/media/chunk-stream9-00178.m4s
363 1363518 1363603 1364468 201225 211.81578947368422 https://www.sml2.org/dash/0b4SVyP0IqI/media/chunk-stream0-00178.m4s
364 1368865 1368950 1370996 528088 247.8122946973252 https://www.sml2.org/dash/0b4SVyP0IqI/media/chunk-stream9-00179.m4s
365 1371491 1371580 1372133 202055 314.7274143302181 https://www.sml2.org/dash/0b4SVyP0IqI/media/chunk-stream0-00179.m4s
366 1377007 1377098 1379205 481072 218.8680618744313 https://www.sml2.org/dash/0b4SVyP0IqI/media/chunk-stream9-00180.m4s
367 1379652 1379743 1380608 201033 210.28556485355648 https://www.sml2.org/dash/0b4SVyP0IqI/media/chunk-stream0-00180.m4s
368 1385217 1385303 1393195 1772860 222.21860115317122 https://www.sml2.org/dash/0b4SVyP0IqI/media/chunk-stream9-00181.m4s
369 1393216 1393303 1418478 3002719 118.86307497426965 https://www.sml2.org/dash/0b4SVyP0IqI/media/chunk-stream9-00182.m4s
370 1393623 1401083 1404195 202105 19.117007188800606 https://www.sml2.org/dash/0b4SVyP0IqI/media/chunk-stream0-00181.m4s
371 1418511 1418597 1425151 1554833 234.16159638554217 https://www.sml2.org/dash/0b4SVyP0IqI/media/chunk-stream7-00183.m4s
372 1418709 1424436 1425556 201119 29.373302176135535 https://www.sml2.org/dash/0b4SVyP0IqI/media/chunk-stream0-00182.m4s
373 1425176 1425562 1437241 2858676 236.9395772896809 https://www.sml2.org/dash/0b4SVyP0IqI/media/chunk-stream7-00184.m4s
374 1425563 1431089 1432756 201700 28.041151119143613 https://www.sml2.org/dash/0b4SVyP0IqI/media/chunk-stream0-00183.m4s
375 1432763 1437242 1437971 201479 38.68644393241168 https://www.sml2.org/dash/0b4SVyP0IqI/media/chunk-stream0-00184.m4s
376 1437277 1437974 1445168 1741712 220.72132809529845 https://www.sml2.org/dash/0b4SVyP0IqI/media/chunk-stream9-00185.m4s
377 1445193 1445283 1459115 3268341 234.7608820571757 https://www.sml2.org/dash/0b4SVyP0IqI/media/chunk-stream9-00186.m4s
378 1445480 1451348 1452945 201639 27.011252511721366 https://www.sml2.org/dash/0b4SVyP0IqI/media/chunk-stream0-00185.m4s
379 1459147 1459239 1468377 2158782 233.8875406283857 https://www.sml2.org/dash/0b4SVyP0IqI/media/chunk-stream9-00187.m4s
380 1459456 1464832 1466290 201302 29.45595551653497 https://www.sml2.org/dash/0b4SVyP0IqI/media/chunk-stream0-00186.m4s
381 1468414 1468503 1472835 1097040 248.1429540827867 https://www.sml2.org/dash/0b4SVyP0IqI/media/chunk-stream9-00188.m4s
382 1468798 1472836 1473653 201940 41.59423274974253 https://www.sml2.org/dash/0b4SVyP0IqI/media/chunk-stream0-00187.m4s
383 1472857 1473660 1478588 1252243 218.50340254754843 https://www.sml2.org/dash/0b4SVyP0IqI/media/chunk-stream9-00189.m4s
384 1473661 1478588 1479253 201067 35.95618741058655 https://www.sml2.org/dash/0b4SVyP0IqI/media/chunk-stream0-00188.m4s
385 1478612 1479260 1492557 3170555 227.36141986375046 https://www.sml2.org/dash/0b4SVyP0IqI/media/chunk-stream9-00190.m4s
386 1479259 1484866 1486256 201836 28.846076890095755 https://www.sml2.org/dash/0b4SVyP0IqI/media/chunk-stream0-00189.m4s
387 1492590 1492679 1499212 985069 148.75702204771972 https://www.sml2.org/dash/0b4SVyP0IqI/media/chunk-stream9-00191.m4s
388 1492766 1499212 1500567 201252 25.79823099602615 https://www.sml2.org/dash/0b4SVyP0IqI/media/chunk-stream0-00190.m4s
389 1499231 1500576 1508499 1600542 172.6955114372033 https://www.sml2.org/dash/0b4SVyP0IqI/media/chunk-stream9-00192.m4s
390 1500574 1507367 1508621 201929 25.093699515347335 https://www.sml2.org/dash/0b4SVyP0IqI/media/chunk-stream0-00191.m4s
391 1508521 1508625 1510307 508129 284.506718924972 https://www.sml2.org/dash/0b4SVyP0IqI/media/chunk-stream9-00193.m4s
392 1508628 1510307 1511134 201743 80.50399042298484 https://www.sml2.org/dash/0b4SVyP0IqI/media/chunk-stream0-00192.m4s
393 1510322 1511142 1521960 2316785 199.0707166179756 https://www.sml2.org/dash/0b4SVyP0IqI/media/chunk-stream9-00194.m4s
394 1511142 1517239 1518651 201274 26.804368091623385 https://www.sml2.org/dash/0b4SVyP0IqI/media/chunk-stream0-00193.m4s
395 1521987 1522076 1529907 1178961 148.8587121212121 https://www.sml2.org/dash/0b4SVyP0IqI/media/chunk-stream9-00195.m4s
396 1522161 1529907 1531314 201834 22.051130776794494 https://www.sml2.org/dash/0b4SVyP0IqI/media/chunk-stream0-00194.m4s
397 1529929 1531324 1539854 874149 88.07546599496222 https://www.sml2.org/dash/0b4SVyP0IqI/media/chunk-stream9-00196.m4s
398 1531320 1539854 1541826 201426 19.172472872644203 https://www.sml2.org/dash/0b4SVyP0IqI/media/chunk-stream0-00195.m4s
399 1539870 1541827 1545145 461343 87.45838862559242 https://www.sml2.org/dash/0b4SVyP0IqI/media/chunk-stream9-00197.m4s
400 1541836 1545146 1546653 201777 41.88851982561761 https://www.sml2.org/dash/0b4SVyP0IqI/media/chunk-stream0-00196.m4s
401 1545158 1546653 1565598 2945919 144.12519569471624 https://www.sml2.org/dash/0b4SVyP0IqI/media/chunk-stream9-00198.m4s
402 1546659 1555090 1557479 201217 18.596765249537892 https://www.sml2.org/dash/0b4SVyP0IqI/media/chunk-stream0-00197.m4s
403 1565631 1565722 1569800 943540 226.32285919884865 https://www.sml2.org/dash/0b4SVyP0IqI/media/chunk-stream7-00199.m4s
404 1565992 1569801 1571004 201925 40.28830806065443 https://www.sml2.org/dash/0b4SVyP0IqI/media/chunk-stream0-00198.m4s
405 1569816 1571005 1581309 2551918 222.04106847646395 https://www.sml2.org/dash/0b4SVyP0IqI/media/chunk-stream7-00200.m4s
406 1571010 1576146 1577500 201062 30.980277349768876 https://www.sml2.org/dash/0b4SVyP0IqI/media/chunk-stream0-00199.m4s
407 1581340 1581429 1588615 1792174 246.346941580756 https://www.sml2.org/dash/0b4SVyP0IqI/media/chunk-stream7-00201.m4s
408 1581511 1586491 1588128 201861 30.506422850234244 https://www.sml2.org/dash/0b4SVyP0IqI/media/chunk-stream0-00200.m4s
409 1588638 1588725 1596417 1707950 219.5590692891117 https://www.sml2.org/dash/0b4SVyP0IqI/media/chunk-stream7-00202.m4s
410 1588643 1589988 1591788 201330 64.01589825119237 https://www.sml2.org/dash/0b4SVyP0IqI/media/chunk-stream0-00201.m4s
411 1591795 1596417 1597184 201733 37.434217851178325 https://www.sml2.org/dash/0b4SVyP0IqI/media/chunk-stream0-00202.m4s
412 1596440 1597188 1611061 3959061 270.77908487791535 https://www.sml2.org/dash/0b4SVyP0IqI/media/chunk-stream7-00203.m4s
413 1611101 1611187 1616403 1495817 282.12316107129385 https://www.sml2.org/dash/0b4SVyP0IqI/media/chunk-stream7-00204.m4s
414 1611198 1616065 1616860 201393 35.56923348640056 https://www.sml2.org/dash/0b4SVyP0IqI/media/chunk-stream0-00203.m4s
415 1616424 1616866 1622767 1672148 263.62099952703767 https://www.sml2.org/dash/0b4SVyP0IqI/media/chunk-stream7-00205.m4s
416 1616869 1621327 1622683 201694 34.69109047127623 https://www.sml2.org/dash/0b4SVyP0IqI/media/chunk-stream0-00204.m4s
417 1622790 1622877 1624001 344076 284.1255161023947 https://www.sml2.org/dash/0b4SVyP0IqI/media/chunk-stream7-00206.m4s
418 1623190 1624006 1624796 201340 125.36737235367373 https://www.sml2.org/dash/0b4SVyP0IqI/media/chunk-stream0-00205.m4s
419 1624019 1624802 1627872 780486 202.5657928886582 https://www.sml2.org/dash/0b4SVyP0IqI/media/chunk-stream9-00207.m4s
420 1624801 1627873 1628626 201903 52.78509803921568 https://www.sml2.org/dash/0b4SVyP0IqI/media/chunk-stream0-00206.m4s
421 1627891 1628626 1630237 430419 183.4693094629156 https://www.sml2.org/dash/0b4SVyP0IqI/media/chunk-stream9-00208.m4s
422 1628632 1630237 1630921 201303 87.94364351245085 https://www.sml2.org/dash/0b4SVyP0IqI/media/chunk-stream0-00207.m4s
423 1630252 1630922 1632284 409085 201.32135826771653 https://www.sml2.org/dash/0b4SVyP0IqI/media/chunk-stream9-00209.m4s
424 1630929 1632291 1632937 201748 100.47211155378486 https://www.sml2.org/dash/0b4SVyP0IqI/media/chunk-stream0-00208.m4s
425 1632296 1632937 1634967 573187 214.59640584050916 https://www.sml2.org/dash/0b4SVyP0IqI/media/chunk-stream9-00210.m4s
426 1632944 1634967 1635662 201773 74.23583517292127 https://www.sml2.org/dash/0b4SVyP0IqI/media/chunk-stream0-00209.m4s
427 1634984 1635666 1637196 494520 223.5623869801085 https://www.sml2.org/dash/0b4SVyP0IqI/media/chunk-stream9-00211.m4s
428 1635668 1637197 1637875 201196 91.16266425011328 https://www.sml2.org/dash/0b4SVyP0IqI/media/chunk-stream0-00210.m4s
429 1637211 1637877 1640655 967707 280.98344947735194 https://www.sml2.org/dash/0b4SVyP0IqI/media/chunk-stream9-00212.m4s
430 1637884 1640655 1641185 202031 61.202968797334144 https://www.sml2.org/dash/0b4SVyP0IqI/media/chunk-stream0-00211.m4s
431 1640674 1641190 1642740 493872 239.04743465634076 https://www.sml2.org/dash/0b4SVyP0IqI/media/chunk-stream9-00213.m4s
432 1641193 1642740 1643327 201146 94.25773195876289 https://www.sml2.org/dash/0b4SVyP0IqI/media/chunk-stream0-00212.m4s
433 1643341 1643429 1644159 201944 246.8753056234719 https://www.sml2.org/dash/0b4SVyP0IqI/media/chunk-stream0-00213.m4s
434 1649253 1649345 1651382 462866 217.4100516674495 https://www.sml2.org/dash/0b4SVyP0IqI/media/chunk-stream9-00214.m4s
435 1651675 1651763 1652520 201121 238.01301775147928 https://www.sml2.org/dash/0b4SVyP0IqI/media/chunk-stream0-00214.m4s
436 1656902 1656990 1658361 448036 307.08430431802606 https://www.sml2.org/dash/0b4SVyP0IqI/media/chunk-stream9-00215.m4s
437 1658535 1658629 1659236 201770 287.83166904422256 https://www.sml2.org/dash/0b4SVyP0IqI/media/chunk-stream0-00215.m4s
438 1664872 1664961 1667069 490552 223.28265817023214 https://www.sml2.org/dash/0b4SVyP0IqI/media/chunk-stream9-00216.m4s
439 1667252 1667342 1668029 201667 259.54568854568856 https://www.sml2.org/dash/0b4SVyP0IqI/media/chunk-stream0-00216.m4s
440 1673080 1673166 1683035 2001350 201.03967855349072 https://www.sml2.org/dash/0b4SVyP0IqI/media/chunk-stream9-00217.m4s
441 1683058 1683150 1692232 2212144 241.13189448441247 https://www.sml2.org/dash/0b4SVyP0IqI/media/chunk-stream9-00218.m4s
442 1683554 1689163 1690788 201564 27.863422726016037 https://www.sml2.org/dash/0b4SVyP0IqI/media/chunk-stream0-00217.m4s
443 1690794 1692237 1692761 201300 102.33858668022368 https://www.sml2.org/dash/0b4SVyP0IqI/media/chunk-stream0-00218.m4s
444 1692262 1692761 1694779 646235 256.7481128327374 https://www.sml2.org/dash/0b4SVyP0IqI/media/chunk-stream9-00219.m4s
445 1692769 1694779 1695499 201644 73.86227106227106 https://www.sml2.org/dash/0b4SVyP0IqI/media/chunk-stream0-00219.m4s
446 1697295 1697389 1700192 661608 228.37694166379012 https://www.sml2.org/dash/0b4SVyP0IqI/media/chunk-stream9-00220.m4s
447 1700513 1700612 1701470 201252 210.29467084639498 https://www.sml2.org/dash/0b4SVyP0IqI/media/chunk-stream0-00220.m4s
448 1705205 1705289 1709387 923925 220.92898134863702 https://www.sml2.org/dash/0b4SVyP0IqI/media/chunk-stream9-00221.m4s
449 1709484 1709571 1710385 202020 224.21753607103219 https://www.sml2.org/dash/0b4SVyP0IqI/media/chunk-stream0-00221.m4s
450 1712899 1712989 1714982 481570 231.19059049447912 https://www.sml2.org/dash/0b4SVyP0IqI/media/chunk-stream9-00222.m4s
451 1715399 1715485 1716421 201128 196.79843444227006 https://www.sml2.org/dash/0b4SVyP0IqI/media/chunk-stream0-00222.m4s
452 1720993 1721086 1730583 919022 95.83128258602711 https://www.sml2.org/dash/0b4SVyP0IqI/media/chunk-stream9-00223.m4s
453 1730602 1730702 1738444 762213 97.19625095638868 https://www.sml2.org/dash/0b4SVyP0IqI/media/chunk-stream9-00224.m4s
454 1730936 1738449 1739324 201776 24.055317119694802 https://www.sml2.org/dash/0b4SVyP0IqI/media/chunk-stream0-00223.m4s
455 1738461 1739324 1744027 1189329 213.67750628817822 https://www.sml2.org/dash/0b4SVyP0IqI/media/chunk-stream9-00225.m4s
456 1739331 1744027 1744814 202094 36.858289257705636 https://www.sml2.org/dash/0b4SVyP0IqI/media/chunk-stream0-00224.m4s
457 1744825 1744918 1745686 201091 233.55516840882694 https://www.sml2.org/dash/0b4SVyP0IqI/media/chunk-stream0-00225.m4s
458 1745042 1745686 1747896 540592 189.4155571128241 https://www.sml2.org/dash/0b4SVyP0IqI/media/chunk-stream9-00226.m4s
459 1745696 1747900 1748691 201759 67.3652754590985 https://www.sml2.org/dash/0b4SVyP0IqI/media/chunk-stream0-00226.m4s
460 1752912 1753002 1759877 1842979 264.6057430007179 https://www.sml2.org/dash/0b4SVyP0IqI/media/chunk-stream9-00227.m4s
461 1760210 1760295 1761080 201246 231.31724137931033 https://www.sml2.org/dash/0b4SVyP0IqI/media/chunk-stream0-00227.m4s
462 1760909 1761080 1763192 479250 209.92115637319316 https://www.sml2.org/dash/0b4SVyP0IqI/media/chunk-stream9-00228.m4s
463 1763593 1763682 1764611 201821 198.2524557956778 https://www.sml2.org/dash/0b4SVyP0IqI/media/chunk-stream0-00228.m4s
464 1769204 1769292 1772323 654428 209.8198140429625 https://www.sml2.org/dash/0b4SVyP0IqI/media/chunk-stream9-00229.m4s
465 1772626 1772715 1773379 201252 267.26693227091636 https://www.sml2.org/dash/0b4SVyP0IqI/media/chunk-stream0-00229.m4s
466 1777335 1777421 1779626 543743 237.3387167175906 https://www.sml2.org/dash/0b4SVyP0IqI/media/chunk-stream9-00230.m4s
467 1779899 1779983 1780747 202050 238.26650943396226 https://www.sml2.org/dash/0b4SVyP0IqI/media/chunk-stream0-00230.m4s
468 1780754 1780841 1781495 201148 271.45479082321185 https://www.sml2.org/dash/0b4SVyP0IqI/media/chunk-stream0-00231.m4s
469 1785138 1785222 1790465 1316575 247.15130467430072 https://www.sml2.org/dash/0b4SVyP0IqI/media/chunk-stream9-00231.m4s
470 1792984 1793071 1794963 537463 271.58312278928753 https://www.sml2.org/dash/0b4SVyP0IqI/media/chunk-stream9-00232.m4s
471 1795015 1795100 1795936 201832 219.1444082519001 https://www.sml2.org/dash/0b4SVyP0IqI/media/chunk-stream0-00232.m4s
472 1800974 1801068 1803605 630188 239.52413530976816 https://www.sml2.org/dash/0b4SVyP0IqI/media/chunk-stream9-00233.m4s
473 1803953 1804041 1804769 201148 246.5049019607843 https://www.sml2.org/dash/0b4SVyP0IqI/media/chunk-stream0-00233.m4s
474 1804778 1804864 1805504 201834 278.0082644628099 https://www.sml2.org/dash/0b4SVyP0IqI/media/chunk-stream0-00234.m4s
475 1809117 1809205 1812820 858076 231.72454766405616 https://www.sml2.org/dash/0b4SVyP0IqI/media/chunk-stream9-00234.m4s
476 1817339 1817432 1823071 844224 147.28262386601534 https://www.sml2.org/dash/0b4SVyP0IqI/media/chunk-stream9-00235.m4s
477 1823525 1823613 1824437 201307 220.7313596491228 https://www.sml2.org/dash/0b4SVyP0IqI/media/chunk-stream0-00235.m4s
478 1825085 1825173 1834860 2498126 255.56276214833758 https://www.sml2.org/dash/0b4SVyP0IqI/media/chunk-stream9-00236.m4s
479 1834890 1834980 1868076 4708161 141.8719038148617 https://www.sml2.org/dash/0b4SVyP0IqI/media/chunk-stream9-00237.m4s
480 1834950 1841148 1843176 201892 24.543155847313397 https://www.sml2.org/dash/0b4SVyP0IqI/media/chunk-stream0-00236.m4s
481 1868137 1868236 1870176 390459 191.4953408533595 https://www.sml2.org/dash/0b4SVyP0IqI/media/chunk-stream7-00238.m4s
482 1868197 1870177 1871210 201556 66.89545303684037 https://www.sml2.org/dash/0b4SVyP0IqI/media/chunk-stream0-00237.m4s
483 1870191 1871210 1873558 404182 120.04217404217404 https://www.sml2.org/dash/0b4SVyP0IqI/media/chunk-stream9-00239.m4s
484 1871218 1873564 1874673 201420 58.29811866859624 https://www.sml2.org/dash/0b4SVyP0IqI/media/chunk-stream0-00238.m4s
485 1873572 1874682 1878425 640114 131.90067999175767 https://www.sml2.org/dash/0b4SVyP0IqI/media/chunk-stream9-00240.m4s
486 1874681 1878426 1879756 201293 39.66364532019704 https://www.sml2.org/dash/0b4SVyP0IqI/media/chunk-stream0-00239.m4s
487 1878442 1879767 1884485 738600 122.22406089690551 https://www.sml2.org/dash/0b4SVyP0IqI/media/chunk-stream9-00241.m4s
488 1879763 1884495 1885648 201910 34.30926083262532 https://www.sml2.org/dash/0b4SVyP0IqI/media/chunk-stream0-00240.m4s
489 1884501 1885648 1890388 1042476 177.08102598946832 https://www.sml2.org/dash/0b4SVyP0IqI/media/chunk-stream9-00242.m4s
490 1885655 1890388 1891322 201885 35.624669137109585 https://www.sml2.org/dash/0b4SVyP0IqI/media/chunk-stream0-00241.m4s
491 1890406 1891327 1895834 1260322 232.18901989683124 https://www.sml2.org/dash/0b4SVyP0IqI/media/chunk-stream9-00243.m4s
492 1891327 1895834 1896514 201243 38.797570850202426 https://www.sml2.org/dash/0b4SVyP0IqI/media/chunk-stream0-00242.m4s
493 1895853 1896520 1901237 1187099 220.48644130757802 https://www.sml2.org/dash/0b4SVyP0IqI/media/chunk-stream9-00244.m4s
494 1896522 1901237 1902033 201681 36.596080566140444 https://www.sml2.org/dash/0b4SVyP0IqI/media/chunk-stream0-00243.m4s
495 1901256 1902041 1904856 870067 241.68527777777777 https://www.sml2.org/dash/0b4SVyP0IqI/media/chunk-stream9-00245.m4s
496 1902041 1904857 1905478 201264 58.55804480651731 https://www.sml2.org/dash/0b4SVyP0IqI/media/chunk-stream0-00244.m4s
497 1904871 1905480 1908801 813081 206.89083969465648 https://www.sml2.org/dash/0b4SVyP0IqI/media/chunk-stream9-00246.m4s
498 1905488 1908801 1909546 201925 49.75973385904386 https://www.sml2.org/dash/0b4SVyP0IqI/media/chunk-stream0-00245.m4s
499 1909561 1909648 1910475 201150 220.0765864332604 https://www.sml2.org/dash/0b4SVyP0IqI/media/chunk-stream0-00246.m4s
500 1913321 1913408 1917830 1144447 253.81392770015523 https://www.sml2.org/dash/0b4SVyP0IqI/media/chunk-stream9-00247.m4s
501 1917990 1918076 1918758 201917 262.9127604166667 https://www.sml2.org/dash/0b4SVyP0IqI/media/chunk-stream0-00247.m4s
502 1918765 1918857 1919620 201213 235.33684210526314 https://www.sml2.org/dash/0b4SVyP0IqI/media/chunk-stream0-00248.m4s
503 1921345 1921434 1925932 1225712 267.2143012862437 https://www.sml2.org/dash/0b4SVyP0IqI/media/chunk-stream9-00248.m4s
504 1928953 1929041 1932843 1241935 319.2634961439589 https://www.sml2.org/dash/0b4SVyP0IqI/media/chunk-stream9-00249.m4s
505 1933137 1933225 1933897 201794 265.5184210526316 https://www.sml2.org/dash/0b4SVyP0IqI/media/chunk-stream0-00249.m4s
506 1936859 1936945 1939484 830944 316.55009523809525 https://www.sml2.org/dash/0b4SVyP0IqI/media/chunk-stream9-00250.m4s
507 1939912 1940000 1940620 201251 284.25282485875704 https://www.sml2.org/dash/0b4SVyP0IqI/media/chunk-stream0-00250.m4s
508 1944999 1945090 1952568 2032988 268.5940018496499 https://www.sml2.org/dash/0b4SVyP0IqI/media/chunk-stream9-00251.m4s
509 1952640 1952726 1953340 201893 288.41857142857145 https://www.sml2.org/dash/0b4SVyP0IqI/media/chunk-stream0-00251.m4s
510 1953088 1953340 1955586 617949 247.37750200160127 https://www.sml2.org/dash/0b4SVyP0IqI/media/chunk-stream9-00252.m4s
511 1955852 1955940 1956564 201202 282.5870786516854 https://www.sml2.org/dash/0b4SVyP0IqI/media/chunk-stream0-00252.m4s
512 1961098 1961186 1965725 1295297 279.943159714718 https://www.sml2.org/dash/0b4SVyP0IqI/media/chunk-stream9-00253.m4s
513 1966081 1966170 1966995 201829 220.8194748358862 https://www.sml2.org/dash/0b4SVyP0IqI/media/chunk-stream0-00253.m4s
514 1969241 1969327 1973614 1007273 230.33912645780927 https://www.sml2.org/dash/0b4SVyP0IqI/media/chunk-stream9-00254.m4s
515 1974011 1974097 1974834 201349 244.65249088699878 https://www.sml2.org/dash/0b4SVyP0IqI/media/chunk-stream0-00254.m4s
516 1974843 1974927 1975705 201819 234.12877030162414 https://www.sml2.org/dash/0b4SVyP0IqI/media/chunk-stream0-00255.m4s
517 1977128 1977219 1978984 608134 327.6584051724138 https://www.sml2.org/dash/0b4SVyP0IqI/media/chunk-stream9-00255.m4s
518 1985001 1985090 1991627 1321875 199.49818895261092 https://www.sml2.org/dash/0b4SVyP0IqI/media/chunk-stream9-00256.m4s
519 1991726 1991812 1993253 201939 132.24557956777997 https://www.sml2.org/dash/0b4SVyP0IqI/media/chunk-stream0-00256.m4s
520 1993144 1993255 2000723 1418331 187.1395962528038 https://www.sml2.org/dash/0b4SVyP0IqI/media/chunk-stream9-00257.m4s
521 2000743 2000830 2011184 2437201 233.42601283401973 https://www.sml2.org/dash/0b4SVyP0IqI/media/chunk-stream9-00258.m4s
522 2000765 2006438 2008066 201375 27.581838104369265 https://www.sml2.org/dash/0b4SVyP0IqI/media/chunk-stream0-00257.m4s
523 2011213 2011298 2012745 512017 334.21475195822455 https://www.sml2.org/dash/0b4SVyP0IqI/media/chunk-stream9-00259.m4s
524 2011575 2012749 2013223 201697 122.38895631067962 https://www.sml2.org/dash/0b4SVyP0IqI/media/chunk-stream0-00258.m4s
525 2013234 2013320 2013932 201214 288.27220630372494 https://www.sml2.org/dash/0b4SVyP0IqI/media/chunk-stream0-00259.m4s
526 2017256 2017346 2024138 1583571 230.10331299040976 https://www.sml2.org/dash/0b4SVyP0IqI/media/chunk-stream9-00260.m4s
527 2024449 2024538 2025353 201717 223.1382743362832 https://www.sml2.org/dash/0b4SVyP0IqI/media/chunk-stream0-00260.m4s
528 2025157 2025354 2036883 2619048 223.3539143783046 https://www.sml2.org/dash/0b4SVyP0IqI/media/chunk-stream9-00261.m4s
529 2036911 2037002 2043848 1020909 147.16866080438228 https://www.sml2.org/dash/0b4SVyP0IqI/media/chunk-stream9-00262.m4s
530 2037369 2043848 2045460 201241 24.872203683104683 https://www.sml2.org/dash/0b4SVyP0IqI/media/chunk-stream0-00261.m4s
531 2043867 2045472 2057917 999530 71.14092526690392 https://www.sml2.org/dash/0b4SVyP0IqI/media/chunk-stream9-00263.m4s
532 2045466 2057924 2058808 201836 15.12786688652376 https://www.sml2.org/dash/0b4SVyP0IqI/media/chunk-stream0-00262.m4s
533 2057937 2058816 2062681 980477 206.6772765598651 https://www.sml2.org/dash/0b4SVyP0IqI/media/chunk-stream9-00264.m4s
534 2058816 2062682 2063520 201291 42.79145408163265 https://www.sml2.org/dash/0b4SVyP0IqI/media/chunk-stream0-00263.m4s
535 2062701 2063527 2065403 482994 178.75425610658772 https://www.sml2.org/dash/0b4SVyP0IqI/media/chunk-stream9-00265.m4s
536 2063530 2065405 2066221 201797 74.98959494611668 https://www.sml2.org/dash/0b4SVyP0IqI/media/chunk-stream0-00264.m4s
537 2065422 2066228 2074809 2022321 215.4384787472036 https://www.sml2.org/dash/0b4SVyP0IqI/media/chunk-stream9-00266.m4s
538 2066227 2071716 2073376 201378 28.168694922366765 https://www.sml2.org/dash/0b4SVyP0IqI/media/chunk-stream0-00265.m4s
539 2074844 2074930 2076545 439225 258.21575543797763 https://www.sml2.org/dash/0b4SVyP0IqI/media/chunk-stream9-00267.m4s
540 2074886 2076545 2077211 201710 86.75698924731182 https://www.sml2.org/dash/0b4SVyP0IqI/media/chunk-stream0-00266.m4s
541 2077224 2077316 2078053 201294 242.81544028950543 https://www.sml2.org/dash/0b4SVyP0IqI/media/chunk-stream0-00267.m4s
542 2081057 2081144 2083037 425513 214.90555555555557 https://www.sml2.org/dash/0b4SVyP0IqI/media/chunk-stream9-00268.m4s
543 2083065 2083157 2083979 201800 220.78774617067833 https://www.sml2.org/dash/0b4SVyP0IqI/media/chunk-stream0-00268.m4s
544 2089051 2089138 2091274 433005 194.78407557354925 https://www.sml2.org/dash/0b4SVyP0IqI/media/chunk-stream9-00269.m4s
545 2091495 2091586 2092398 201380 223.01218161683278 https://www.sml2.org/dash/0b4SVyP0IqI/media/chunk-stream0-00269.m4s
546 2097287 2097373 2099224 457724 236.3056272586474 https://www.sml2.org/dash/0b4SVyP0IqI/media/chunk-stream9-00270.m4s
547 2099414 2099500 2100290 201903 230.48287671232876 https://www.sml2.org/dash/0b4SVyP0IqI/media/chunk-stream0-00270.m4s
548 2105236 2105323 2110070 1168785 241.78423665701283 https://www.sml2.org/dash/0b4SVyP0IqI/media/chunk-stream9-00271.m4s
549 2110311 2110404 2111184 201050 230.29782359679268 https://www.sml2.org/dash/0b4SVyP0IqI/media/chunk-stream0-00271.m4s
550 2113086 2113168 2130042 4338914 255.89254541165369 https://www.sml2.org/dash/0b4SVyP0IqI/media/chunk-stream9-00272.m4s
551 2130081 2130175 2132951 665967 232.04425087108015 https://www.sml2.org/dash/0b4SVyP0IqI/media/chunk-stream9-00273.m4s
552 2130205 2132952 2133982 201909 53.457505957108815 https://www.sml2.org/dash/0b4SVyP0IqI/media/chunk-stream0-00272.m4s
553 2132969 2133992 2146194 1864955 141.01739130434783 https://www.sml2.org/dash/0b4SVyP0IqI/media/chunk-stream9-00274.m4s
554 2133990 2143698 2145254 201763 17.91219815340909 https://www.sml2.org/dash/0b4SVyP0IqI/media/chunk-stream0-00273.m4s
555 2146220 2146306 2148527 612369 265.43953185955786 https://www.sml2.org/dash/0b4SVyP0IqI/media/chunk-stream9-00275.m4s
556 2146260 2148527 2149167 201432 69.2920536635707 https://www.sml2.org/dash/0b4SVyP0IqI/media/chunk-stream0-00274.m4s
557 2148543 2149172 2158654 2183818 215.98437345465334 https://www.sml2.org/dash/0b4SVyP0IqI/media/chunk-stream9-00276.m4s
558 2149173 2154966 2156751 201662 26.611506993929797 https://www.sml2.org/dash/0b4SVyP0IqI/media/chunk-stream0-00275.m4s
559 2156760 2158671 2159594 201266 71.01834862385321 https://www.sml2.org/dash/0b4SVyP0IqI/media/chunk-stream0-00276.m4s
560 2158680 2159594 2176778 2363230 130.57962205768592 https://www.sml2.org/dash/0b4SVyP0IqI/media/chunk-stream9-00277.m4s
561 2176804 2176902 2196093 2635128 136.61299186064596 https://www.sml2.org/dash/0b4SVyP0IqI/media/chunk-stream9-00278.m4s
562 2177113 2188622 2190534 202220 15.06743163698681 https://www.sml2.org/dash/0b4SVyP0IqI/media/chunk-stream0-00277.m4s
563 2196121 2196207 2203357 1150812 159.03980099502488 https://www.sml2.org/dash/0b4SVyP0IqI/media/chunk-stream9-00279.m4s
564 2196549 2203357 2204649 200946 24.80814814814815 https://www.sml2.org/dash/0b4SVyP0IqI/media/chunk-stream0-00278.m4s
565 2203379 2204657 2207844 516785 115.74132138857783 https://www.sml2.org/dash/0b4SVyP0IqI/media/chunk-stream9-00280.m4s
566 2204657 2207850 2208516 201947 52.33143301373413 https://www.sml2.org/dash/0b4SVyP0IqI/media/chunk-stream0-00279.m4s
567 2207857 2208516 2217897 2367773 235.8339641434263 https://www.sml2.org/dash/0b4SVyP0IqI/media/chunk-stream9-00281.m4s
568 2208525 2213841 2215372 201042 29.36205637505477 https://www.sml2.org/dash/0b4SVyP0IqI/media/chunk-stream0-00280.m4s
569 2217927 2218013 2220229 508540 220.91225021720243 https://www.sml2.org/dash/0b4SVyP0IqI/media/chunk-stream9-00282.m4s
570 2218382 2220231 2221017 202014 76.66565464895636 https://www.sml2.org/dash/0b4SVyP0IqI/media/chunk-stream0-00281.m4s
571 2220247 2221018 2231865 2676680 230.39077293854365 https://www.sml2.org/dash/0b4SVyP0IqI/media/chunk-stream9-00283.m4s
572 2221025 2225992 2227699 201338 30.167515732694035 https://www.sml2.org/dash/0b4SVyP0IqI/media/chunk-stream0-00282.m4s
573 2227706 2231865 2232664 201640 40.66962484872933 https://www.sml2.org/dash/0b4SVyP0IqI/media/chunk-stream0-00283.m4s
574 2231895 2232671 2242828 2672489 244.44242202506175 https://www.sml2.org/dash/0b4SVyP0IqI/media/chunk-stream9-00284.m4s
575 2242861 2242952 2246213 895898 267.2726730310263 https://www.sml2.org/dash/0b4SVyP0IqI/media/chunk-stream9-00285.m4s
576 2243177 2246217 2246966 201445 53.165742940089736 https://www.sml2.org/dash/0b4SVyP0IqI/media/chunk-stream0-00284.m4s
577 2246235 2246972 2249884 889655 243.80789257330775 https://www.sml2.org/dash/0b4SVyP0IqI/media/chunk-stream9-00286.m4s
578 2246974 2249889 2250405 201574 58.750801515593125 https://www.sml2.org/dash/0b4SVyP0IqI/media/chunk-stream0-00285.m4s
579 2249903 2250405 2258762 2337211 263.8233434924935 https://www.sml2.org/dash/0b4SVyP0IqI/media/chunk-stream9-00287.m4s
580 2250414 2255254 2256565 201252 32.71858234433425 https://www.sml2.org/dash/0b4SVyP0IqI/media/chunk-stream0-00286.m4s
581 2258797 2258884 2269352 2789136 264.24784462340125 https://www.sml2.org/dash/0b4SVyP0IqI/media/chunk-stream7-00288.m4s
582 2259080 2263588 2265224 201836 32.850911458333336 https://www.sml2.org/dash/0b4SVyP0IqI/media/chunk-stream0-00287.m4s
583 2269387 2269475 2273248 1120520 290.2149702149702 https://www.sml2.org/dash/0b4SVyP0IqI/media/chunk-stream7-00289.m4s
584 2269736 2273248 2273955 201838 47.840246503910876 https://www.sml2.org/dash/0b4SVyP0IqI/media/chunk-stream0-00288.m4s
585 2273271 2273963 2275819 519865 204.02864992150705 https://www.sml2.org/dash/0b4SVyP0IqI/media/chunk-stream9-00290.m4s
586 2273966 2275822 2276446 201478 81.24112903225806 https://www.sml2.org/dash/0b4SVyP0IqI/media/chunk-stream0-00289.m4s
587 2275834 2276450 2283954 2291412 282.1935960591133 https://www.sml2.org/dash/0b4SVyP0IqI/media/chunk-stream9-00291.m4s
588 2276454 2280731 2281851 201829 37.39651658328701 https://www.sml2.org/dash/0b4SVyP0IqI/media/chunk-stream0-00290.m4s
589 2283990 2284081 2286102 463963 219.67945075757575 https://www.sml2.org/dash/0b4SVyP0IqI/media/chunk-stream9-00292.m4s
590 2284360 2286102 2286935 201129 78.1083495145631 https://www.sml2.org/dash/0b4SVyP0IqI/media/chunk-stream0-00291.m4s
591 2286116 2286938 2292175 1281039 211.4274632777686 https://www.sml2.org/dash/0b4SVyP0IqI/media/chunk-stream9-00293.m4s
592 2286940 2292175 2293009 201737 33.24056681496128 https://www.sml2.org/dash/0b4SVyP0IqI/media/chunk-stream0-00292.m4s
593 2292196 2293017 2298693 1529114 235.3569339695244 https://www.sml2.org/dash/0b4SVyP0IqI/media/chunk-stream9-00294.m4s
594 2293017 2298196 2299014 201379 33.57995664498916 https://www.sml2.org/dash/0b4SVyP0IqI/media/chunk-stream0-00293.m4s
595 2298723 2299024 2311571 3067449 238.74914383561645 https://www.sml2.org/dash/0b4SVyP0IqI/media/chunk-stream7-00295.m4s
596 2299021 2303253 2304659 201723 35.77917701312522 https://www.sml2.org/dash/0b4SVyP0IqI/media/chunk-stream0-00294.m4s
597 2311606 2311694 2323337 2087773 177.97059074247719 https://www.sml2.org/dash/0b4SVyP0IqI/media/chunk-stream9-00296.m4s
598 2311670 2319910 2321468 201287 20.543682384160032 https://www.sml2.org/dash/0b4SVyP0IqI/media/chunk-stream0-00295.m4s
599 2323367 2323457 2334225 2839305 261.49428992447963 https://www.sml2.org/dash/0b4SVyP0IqI/media/chunk-stream9-00297.m4s
600 2323476 2329081 2330686 202073 28.026768377253813 https://www.sml2.org/dash/0b4SVyP0IqI/media/chunk-stream0-00296.m4s
601 2334254 2334343 2337970 890775 239.71340150699677 https://www.sml2.org/dash/0b4SVyP0IqI/media/chunk-stream9-00298.m4s
602 2334694 2337970 2338861 201160 48.27453803695705 https://www.sml2.org/dash/0b4SVyP0IqI/media/chunk-stream0-00297.m4s
603 2337987 2338866 2342643 884379 189.94394329896906 https://www.sml2.org/dash/0b4SVyP0IqI/media/chunk-stream9-00299.m4s
604 2338867 2342644 2343604 201642 42.56744775174161 https://www.sml2.org/dash/0b4SVyP0IqI/media/chunk-stream0-00298.m4s
605 2342663 2343612 2346237 724067 202.5928931169558 https://www.sml2.org/dash/0b4SVyP0IqI/media/chunk-stream9-00300.m4s
606 2343613 2346243 2347078 201450 58.13852813852814 https://www.sml2.org/dash/0b4SVyP0IqI/media/chunk-stream0-00299.m4s
607 2346257 2347078 2360771 2606765 179.60348628910018 https://www.sml2.org/dash/0b4SVyP0IqI/media/chunk-stream9-00301.m4s
608 2347084 2353717 2355314 201807 24.52089914945322 https://www.sml2.org/dash/0b4SVyP0IqI/media/chunk-stream0-00300.m4s
609 2360801 2360898 2365131 558911 129.078752886836 https://www.sml2.org/dash/0b4SVyP0IqI/media/chunk-stream9-00302.m4s
610 2360826 2365143 2368048 201228 27.86319579063971 https://www.sml2.org/dash/0b4SVyP0IqI/media/chunk-stream0-00301.m4s
611 2365144 2368070 2377124 658899 54.999916527545906 https://www.sml2.org/dash/0b4SVyP0IqI/media/chunk-stream9-00303.m4s
612 2368054 2377124 2378030 201843 20.23285886126704 https://www.sml2.org/dash/0b4SVyP0IqI/media/chunk-stream0-00302.m4s
613 2377140 2378035 2381325 850090 203.1278375149343 https://www.sml2.org/dash/0b4SVyP0IqI/media/chunk-stream9-00304.m4s
614 2378038 2381325 2382202 201175 48.31292026897214 https://www.sml2.org/dash/0b4SVyP0IqI/media/chunk-stream0-00303.m4s
615 2381348 2382208 2384148 463993 165.71178571428572 https://www.sml2.org/dash/0b4SVyP0IqI/media/chunk-stream9-00305.m4s
616 2382207 2384149 2384931 201851 74.10095447870778 https://www.sml2.org/dash/0b4SVyP0IqI/media/chunk-stream0-00304.m4s
617 2384943 2385036 2385821 201819 229.8621867881549 https://www.sml2.org/dash/0b4SVyP0IqI/media/chunk-stream0-00305.m4s
618 2385163 2385821 2388353 624238 195.6858934169279 https://www.sml2.org/dash/0b4SVyP0IqI/media/chunk-stream9-00306.m4s
619 2385831 2388353 2389058 201437 62.42237372172296 https://www.sml2.org/dash/0b4SVyP0IqI/media/chunk-stream0-00306.m4s
620 2392870 2392960 2394470 404034 252.52125 https://www.sml2.org/dash/0b4SVyP0IqI/media/chunk-stream9-00307.m4s
621 2394572 2394660 2395548 201619 206.57684426229508 https://www.sml2.org/dash/0b4SVyP0IqI/media/chunk-stream0-00307.m4s
622 2400981 2401069 2402746 365491 207.0770538243626 https://www.sml2.org/dash/0b4SVyP0IqI/media/chunk-stream9-00308.m4s
623 2403063 2403150 2403962 201209 223.81423804226918 https://www.sml2.org/dash/0b4SVyP0IqI/media/chunk-stream0-00308.m4s
624 2409259 2409347 2413329 918823 225.75503685503685 https://www.sml2.org/dash/0b4SVyP0IqI/media/chunk-stream9-00309.m4s
625 2413478 2413568 2414309 201930 242.99638989169677 https://www.sml2.org/dash/0b4SVyP0IqI/media/chunk-stream0-00309.m4s
626 2417342 2417430 2427913 2692050 254.66370258253713 https://www.sml2.org/dash/0b4SVyP0IqI/media/chunk-stream9-00310.m4s
627 2427943 2428033 2436093 1877033 230.31079754601228 https://www.sml2.org/dash/0b4SVyP0IqI/media/chunk-stream9-00311.m4s
628 2428327 2433968 2435391 201158 28.476500566251417 https://www.sml2.org/dash/0b4SVyP0IqI/media/chunk-stream0-00310.m4s
629 2436120 2436210 2440901 1108876 231.93390504078644 https://www.sml2.org/dash/0b4SVyP0IqI/media/chunk-stream9-00312.m4s
630 2436398 2440902 2441606 201950 38.776881720430104 https://www.sml2.org/dash/0b4SVyP0IqI/media/chunk-stream0-00311.m4s
631 2440921 2441610 2447170 1467488 234.83565370459274 https://www.sml2.org/dash/0b4SVyP0IqI/media/chunk-stream9-00313.m4s
632 2441612 2446975 2447702 201138 33.02758620689655 https://www.sml2.org/dash/0b4SVyP0IqI/media/chunk-stream0-00312.m4s
633 2447715 2447811 2448606 201836 226.52749719416386 https://www.sml2.org/dash/0b4SVyP0IqI/media/chunk-stream0-00313.m4s
634 2449189 2449278 2451162 442168 224.10947795235683 https://www.sml2.org/dash/0b4SVyP0IqI/media/chunk-stream9-00314.m4s
635 2451617 2451705 2452558 201251 213.8692879914984 https://www.sml2.org/dash/0b4SVyP0IqI/media/chunk-stream0-00314.m4s
636 2457173 2457262 2460150 464433 156.00705408128988 https://www.sml2.org/dash/0b4SVyP0IqI/media/chunk-stream9-00315.m4s
637 2460571 2460663 2462237 201836 121.1500600240096 https://www.sml2.org/dash/0b4SVyP0IqI/media/chunk-stream0-00315.m4s
638 2465164 2465253 2467072 433644 227.27672955974842 https://www.sml2.org/dash/0b4SVyP0IqI/media/chunk-stream9-00316.m4s
639 2467253 2467341 2468018 201266 263.09281045751635 https://www.sml2.org/dash/0b4SVyP0IqI/media/chunk-stream0-00316.m4s
640 2473082 2473172 2475193 458710 217.29512079583137 https://www.sml2.org/dash/0b4SVyP0IqI/media/chunk-stream9-00317.m4s
641 2475536 2475627 2476551 202064 199.07783251231527 https://www.sml2.org/dash/0b4SVyP0IqI/media/chunk-stream0-00317.m4s
642 2481204 2481288 2483465 433048 191.52941176470588 https://www.sml2.org/dash/0b4SVyP0IqI/media/chunk-stream9-00318.m4s
643 2483567 2483656 2484719 201011 174.48871527777777 https://www.sml2.org/dash/0b4SVyP0IqI/media/chunk-stream0-00318.m4s
644 2484732 2484821 2486019 202164 157.08158508158508 https://www.sml2.org/dash/0b4SVyP0IqI/media/chunk-stream0-00319.m4s
645 2488976 2489086 2493063 451973 110.5879618301933 https://www.sml2.org/dash/0b4SVyP0IqI/media/chunk-stream9-00319.m4s
646 2497076 2497168 2500839 425752 113.1416423066702 https://www.sml2.org/dash/0b4SVyP0IqI/media/chunk-stream9-00320.m4s
647 2501042 2501138 2502744 201584 118.4394829612221 https://www.sml2.org/dash/0b4SVyP0IqI/media/chunk-stream0-00320.m4s
648 2502750 2502835 2504392 201175 122.51827040194884 https://www.sml2.org/dash/0b4SVyP0IqI/media/chunk-stream0-00321.m4s
649 2505349 2505439 2509032 456320 123.89899538419766 https://www.sml2.org/dash/0b4SVyP0IqI/media/chunk-stream9-00321.m4s
650 2513049 2513135 2515599 453207 177.72823529411764 https://www.sml2.org/dash/0b4SVyP0IqI/media/chunk-stream9-00322.m4s
651 2515912 2515999 2517145 201836 163.69505271695053 https://www.sml2.org/dash/0b4SVyP0IqI/media/chunk-stream0-00322.m4s
652 2521111 2521201 2524026 466446 160.0157804459691 https://www.sml2.org/dash/0b4SVyP0IqI/media/chunk-stream9-00323.m4s
653 2524159 2524254 2525455 201251 155.28626543209876 https://www.sml2.org/dash/0b4SVyP0IqI/media/chunk-stream0-00323.m4s
654 2529040 2529124 2531079 446223 218.84404119666505 https://www.sml2.org/dash/0b4SVyP0IqI/media/chunk-stream9-00324.m4s
655 2531469 2531557 2532295 201985 244.53389830508473 https://www.sml2.org/dash/0b4SVyP0IqI/media/chunk-stream0-00324.m4s
656 2537091 2537183 2590984 14946621 277.3388195127382 https://www.sml2.org/dash/0b4SVyP0IqI/media/chunk-stream9-00325.m4s
657 2590336 2590996 2591629 201103 155.53209590100542 https://www.sml2.org/dash/0b4SVyP0IqI/media/chunk-stream0-00325.m4s
658 2591070 2591634 2591635 808 1.4300884955752213 https://www.sml2.org/dash/0b4SVyP0IqI/media/init-stream3.m4s
