2.2761067928354177
1.032164683177871
2.179274611398964
1.7466768916155422
1.5759429153924565
1.5862724392819427
1.283054892601432
1.8674418604651162
1.5531073446327683
0.009433962264150905
1.719713792252652
1.3827361563517913
1.691566265060241
0.1220527045769764
1.7152882990256484
1.8140531276778062
0.9660356347438754
1.6423658872077025
0.18753287743292996
1.1139101861993428
2.1414587938111778
1.502918724741805
0.9525586353944564
1.128840691970049
1.5036496350364963
1.943842645381984
1.538958417440452
1.454983922829582
1.854621848739496
2.0727620871230252
1.122475856014047
1.4985614467735306
1.4789058878071395
1.2555798687089716
1.1956521739130435
0.23657718120805366
0.9505363528009534
1.6425081433224755
0.7453488372093023
1.2566779990286547
1.3372448979591838
1.5836277974087163
1.8784916201117319
1.196680790960452
1.4328314997104805
0.9739010989010989
0.28815556865055986
0.010416666666666715
1.9310180780209323
0.5107047279214986
1.7197193845770526
1.4831816383062923
1.2143569292123628
1.2233787029623702
1.7004381161007667
0.825511432009627
2.079466181377009
0.22136222910216719
1.891567635903919
0.9681133746678479
1.5749486652977416
1.9507902298850572
1.5620813987280604
1.2469798657718123
2.0338823529411765
1.6558345642540622
0.011312217194570113
1.6677055861903618
1.3820652173913044
1.9804753820033956
1.8713758186950207
2.2832729155877787
2.195243574990411
0.04365079365079371
1.7232843137254903
1.2804752066115703
1.9032057267351385
1.6090959821428572
0.9065880039331368
1.5681381957773515
1.5172322375397667
2.07881176113974
1.1473825503355706
2.2030456852791884
1.4391891891891893
1.4596527068437182
2.013162118780096
1.5912590579710146
1.4934509489441326
1.2385479688850476
1.0385032537960952
1.4757085020242917
1.6384863123993556
0.9719873150105707
1.2150158618258724
1.354601226993865
2.113613101330604
1.4193418940609952
