1.6356715606307775
0.5878361397336017
0.5745445214267384
1.0711256746337703
0.5010395010395009
1.5576441102756895
0.5728378822755672
1.386644084200339
1.2184585174275897
-0.038202247191011285
1.6491228070175434
-0.050411077455646915
1.1075471698113206
0.09472259810554796
0.6089550035361562
1.7585048299034023
0.7497522299306244
1.5176933158584534
-0.1396722560975609
-0.12312585188550654
1.3659928656361477
1.4878375362642264
-0.07849056603773578
0.6944101931771474
1.059372915276851
1.2199054170249355
0.981411468178954
0.6343203710310383
0.12260409781890283
1.6579710144927535
0.5836881755650178
1.4646259882424488
1.1180431768667063
0.46378869639307013
-0.06970902239899524
0.19529241045229986
-0.05812949640287779
1.280393534785664
0.1658252427184465
1.2280028770079117
0.6279317697228144
-0.055543595263724446
0.5154411764705885
0.4954326923076923
1.4139615053145647
-0.3734466971877044
-0.1185483870967741
-0.031936127744510934
1.8164571428571425
0.1215231788079469
1.6488472182037093
1.0986622073578596
-0.055094660710487166
1.2184941082484524
1.593897948448185
0.3174120712114633
1.3201553930530165
0.18445775887030322
1.091627017409094
-0.0656013456686291
0.9930069930069931
1.0619979919678713
1.4688586779550636
0.5031427716252621
1.9620951068228807
0.45882352941176474
-0.03455723542116627
1.4369250985545334
-0.05088783022953653
0.026908452763966022
1.774510128425791
0.9188861985472155
0.6491783805187092
-0.036041539401343935
1.6864119922630558
0.4795576407506703
1.146341463414634
1.1175271739130437
-0.11400502627370344
1.111837655016911
1.1203662349263064
1.3141945773524724
0.7607307946290999
1.1037458325161797
0.16660682226211856
1.384945526576428
1.9367959949937417
1.5582383188016993
1.4742705570291776
0.4612129760225671
0.11509937703945416
-0.10468521229868215
-0.05968436154949796
0.9483028720626633
0.5493096646942802
-0.13128112267994568
0.6429921685120172
0.6281393464758304
