1.883402736466389
0.7608695652173915
2.1809227579056505
1.3714411829618187
1.5396984924623114
1.369582043343653
1.0813751087902523
1.3912727272727274
1.5105555555555557
-0.5043427909669949
1.4539180765805877
1.375
1.6037296037296038
-0.07489994282447114
1.6928087880533225
1.4240634803469276
0.8515993707393812
1.6100543478260867
0.0752560133365087
1.1104428649535265
1.8224113475177308
1.3138231631382313
0.9299262381454165
0.9192271880819366
1.0655737704918031
1.6190717727618564
1.3431445603576753
1.3613402061855668
1.8097601323407773
1.615729421352893
0.9527463651050081
1.383454224661831
1.2471107375499053
1.1746835443037975
1.1913214990138068
0.23657718120805366
0.9752564876282437
1.6317923763179238
0.7443346891342243
1.1702475478748249
1.1257540603248257
1.571512309495897
1.8440662373505061
1.1052453468697123
1.3445870535714286
0.9445196211096074
0.16804702110606468
0.010416666666666715
1.664216216216216
0.43456162642947904
1.4935104514788464
1.2410714285714284
1.190335305719921
1.0295998538278825
1.395433568132135
0.7878609310548026
1.7315039009954263
0.22136222910216719
1.4244834729516092
0.9803921568627452
1.4368441507967356
1.8997529121073065
1.3317622925611092
0.9992038216560509
1.5371900826446283
1.6286549707602342
-0.4814385150812065
1.3970271434726411
1.3602584814216478
1.9479429051217463
1.385130405586128
2.2596401028277637
2.0625
0.016097875080489342
1.5613185799907792
1.2617827868852458
1.590391557900583
0.9575047100690812
0.8907849829351536
0.9684741488020178
1.129878869448183
1.7092558015470796
0.9942657691348792
2.09135446685879
1.4410217881292262
1.0740740740740742
1.8554913294797688
1.5282810428634557
1.2975369458128079
1.0828307197426619
1.0418250950570342
1.447631754503002
1.6258012820512817
0.9276672694394215
1.069828722002635
1.347400611620795
2.061902365374937
1.3002670736360167
