1.843649163977706
0.4287652645861603
3.267037552155772
0.7344632768361583
2.534265734265734
0.8310406698564594
1.306171648987464
1.2271393090991194
1.4966850828729281
0.009433962264150905
1.6542258608235008
1.4195148842337375
1.6980676328502413
0.1426553672316384
2.7477235710020476
1.16622691292876
1.7057471264367818
1.7209631728045323
-0.15481093223511797
1.2299248989023686
1.8474527761877508
0.41203293223559223
1.4082840236686391
0.2419039011899382
1.0491204779289742
1.6691651589558028
1.0405580791693705
1.6587347649448636
1.8959931798806477
1.4575038284839206
0.7133238837703754
0.42532239155920276
0.780849292256453
1.5178309721543726
1.4337349397590364
0.23657718120805366
1.5510522213561966
1.589784517158819
0.725287356321839
0.33061282932416963
1.1741813004271477
1.534373194685153
2.920735573874446
1.117426820966644
0.44109072200308685
0.9631147540983607
0.24522927940757627
0.010416666666666715
1.0279789335088874
0.18343815513626827
0.9583289487984074
0.8036792181661399
1.8437900128040972
0.4360698125404009
0.8781184536278805
0.7889150943396226
1.7190680235672202
0.22136222910216719
0.9645980887311706
1.6642685851318946
0.6235111341273952
3.1468955073195355
0.7625603842273376
1.2796187017703136
1.3895478131949595
1.5982658959537572
0.011312217194570113
1.483705357142857
1.440423162583519
1.8920922570016474
1.9261034391275813
3.4647887323943665
3.239185750636133
0.09583333333333334
1.0305190058479534
1.4555061179087878
1.6063146130203967
0.48948709780184774
1.3879310344827587
0.3727099516341787
1.1842650103519665
1.7318450779989243
0.7015528610933845
2.361642118458164
1.5011547344110858
0.9673202614379086
1.575740944017563
0.5308361204013379
0.7670013260087138
1.3481414324569359
1.3596986817325802
1.4281932495036402
1.6512944983818767
0.1969842797561759
1.0482398956975232
1.331713244228433
3.026472534745202
1.3820624259186092
