8.287370064860639
-3.2509327146988993
8.327884888350347
3.925212647015771
2.8328378194974757
4.500195829583112
3.0555344945192435
0.03955071251029808
0.8982877766910465
7.358129698948893
3.8586828860303752
0.3854730867679645
3.0541860930269187
0.6141960721464818
1.2173159004164587
35.9310714155347
1.5727842823684002
0.8640098730533745
0.014236053445606777
5.517661150011962
-2.296952109658556
-0.5736196946996893
2.484735210803351
-0.9041292574748883
0.7425094187203817
-0.01183956938501604
0.44653312375261467
0.17375842707091899
-0.004732857336363473
54.506593752049596
1.3429837967334861
4.491718012437511
1.1976663068765852
3.6069102547657206
-0.11339968735823837
4.550175775926838
2.0235883684158615
6.401585446511363
-0.7417498527465973
1.032806509164685
4.66996803484013
4.274036789648512
5.3583111040767655
3.711536162085583
-1.8750308717218607
1.3615406375859151
2.806743734608412
1.7222924475191794
-0.20889542527996868
6.2193384216885095
2.8222484768445004
6.154045844977332
4.699461802139628
2.723198293066825
4.035138964677875
5.4880697402840255
1.6966746715673058
-0.612433111269539
11.744416725473716
-18.131191760275794
158.3748299231878
10.219811240479883
6.099166705957037
2.2658437782372562
4.792558729626819
0.1748589181879425
0.9302229988605578
11.651701885354074
-8.091558859287169
0.1939279949749829
43.14294813965284
2.3988851394775987
-0.07650447464104247
1.799738026758157
4.51389113868497
1.1503438047760721
0.11800958742329136
1.3061995747304675
2.437707268065031
-0.523613397470858
1.4487760535888385
2.775056948457783
0.9345117209747994
0.001817068309887866
9.285009172317801
0.04586396755278417
0.6241675412517447
1.8408743175350335
0.22799892636184899
4.320427913496168
1.5404442338262134
1.1055464561580872
44.31347055219365
3.770561949967
15.636333223601206
6.986384782456248
1.4488806475150449
0.9612310791358354
5.704065670863899
4.901238312715251
10.927452337102542
0.9081992330618369
3.441170259405634
