4.933980172398522
-6.81041362604352
1.5051560391286387
2.2121912393880967
1.3200990268295532
10.223652746270353
-0.32306782976755427
0.021404987233336677
0.8997545093556524
516.5121840696924
11.831241360954882
0.5752587795608128
1.6674140591282611
0.576858769168184
0.9472466235974468
80.94194741724992
0.9359303422468808
0.5666717880670342
-0.005433882374980687
1.6345701256516798
-2.399828288034419
-0.5900722073568149
1.3535214032663754
-0.9171659945596435
0.8720385166394743
-0.015229545214756895
-1.6307694396707006
0.15075885787755303
-0.005275124607409479
-0.15266108609708018
1.5768802264915633
8.593441871154093
5.412402786817027
2.8188169124645213
-0.31673493174892015
0.9910882270339173
5.640821336538711
4.7778292296496305
-0.7640526894419506
1.0910074130028546
10.809788983426014
11.139032303330481
2.4646544905304184
3.899578109924534
-1.8197568751628261
1.1763595865130756
1.8299305528014276
1.7165681919507776
-0.025173781436653168
4.1740890611157955
1.3810061051181777
6.671315774578878
2.6087704987170452
5.353324242572064
0.3146471645282961
1.641568240768387
1.387790584108409
-0.5634065633945127
5.048228796707462
-4.044899664198946
34.040283758076036
1.531842815264227
1.6692060557872375
0.859991419557407
1.1551095980698038
0.25950757348697173
0.9306270502782334
40.16404592246655
-1.5354455196108436
0.2906551578264439
4.392392451957994
1.9567527848430697
-4.385078486955957
3.549886499959002
0.9268039289969167
1.1126280248009524
0.11481254036661268
0.42893415816497277
0.6082859771067475
-0.5645859896354043
1.1298122390593828
1.717635740062767
0.7227967622313236
0.0077023943830427195
29.262623926439076
-0.045717940201621794
0.6230630457060615
0.32877403155407753
0.26076524850824373
1.2485471772937677
3.3380062331789775
0.19284366904706282
1.7723776303534677
1.2719285825467979
3.753218528563056
1.8056925449054153
1.037115862606222
0.9879771148635437
22.381307135749513
652.5268251878449
3.364321498734377
0.16305323626475587
2.996571349575898
