-11.0307390094 0.0172413793103
-4.53590625257 0.0344827586207
-3.19283268412 0.051724137931
-2.8230811604 0.0689655172414
-2.4789899061 0.0862068965517
-1.11066090776 0.103448275862
-1.101044548 0.120689655172
-1.0557369485 0.137931034483
-0.520517989786 0.155172413793
-0.373592918265 0.172413793103
-0.361578492143 0.189655172414
-0.248686981654 0.206896551724
-0.1326520868 0.224137931034
-0.0983351429755 0.241379310345
-0.0748180933852 0.258620689655
-0.0746477406904 0.275862068966
-0.013024017744 0.293103448276
-0.0079181579633 0.310344827586
0.0610447813541 0.327586206897
0.0833606334842 0.344827586207
0.104485192472 0.362068965517
0.113033852652 0.379310344828
0.120113836052 0.396551724138
0.1211343471 0.413793103448
0.121869076002 0.431034482759
0.123631041613 0.448275862069
0.142515078708 0.465517241379
0.148055470463 0.48275862069
0.154259236216 0.5
0.160503267938 0.51724137931
0.18916910846 0.534482758621
0.205828269434 0.551724137931
0.22392707654 0.568965517241
0.231469065359 0.586206896552
0.263873857771 0.603448275862
0.28098192184 0.620689655172
0.282980187345 0.637931034483
0.297503270562 0.655172413793
0.299275244367 0.672413793103
0.324201449876 0.689655172414
0.345554967628 0.706896551724
0.346316432269 0.724137931034
0.355513214582 0.741379310345
0.376980311871 0.758620689655
0.397574527801 0.775862068966
0.3981848261 0.793103448276
0.414419773478 0.810344827586
0.437867783621 0.827586206897
0.451552122048 0.844827586207
0.452843271393 0.862068965517
0.470900418003 0.879310344828
0.502234009076 0.896551724138
0.509962411819 0.913793103448
0.512521977426 0.931034482759
0.520277740864 0.948275862069
0.535384940778 0.965517241379
0.561598958519 0.98275862069
0.595111325321 1.0