0.5551436515291938
0.1569052072054336
-0.3719298245614035
0.1514541796231937
0.32351104075654774
0.08612196364871759
0.2812392426850259
0.4976682211858762
0.24301025163094125
0.34514155640916194
-0.5443366175272243
0.1599676754716051
0.4101365749709417
0.4104035874439463
0.42846118228121605
0.26603017444601595
0.12676422201056367
0.12333208629504916
0.35052827040356754
0.11212446351931331
0.5938945420906567
0.4322469982847341
0.59979633401222
0.3788792469480807
0.13490822289900392
0.018551145196393393
-0.01762340662161016
0.14262940735183796
0.10988040773737859
0.16984964854845377
0.19694565648552156
0.0940581954519521
0.15297024385003755
0.29390726785030025
0.0178972929220254
0.2578059465001398
0.49826388888888895
-0.3974683544303798
0.15137328448375037
0.12219681571815721
-0.39964695498676084
0.12370610919423583
0.2760450160771704
0.13637157324951982
-0.5387761284459255
0.19732760624714957
0.24143042430980188
0.18461812851710246
-0.3636363636363636
0.017426567295046005
0.6584270552317204
0.2779850746268658
0.13647412895011
0.4220322886989554
-0.5480196928503197
0.18895917362988662
0.186208247624645
0.36223635754938055
-0.4955909784636256
-0.5329396426106296
0.07631444614599274
0.4139270782398406
0.20918231159355805
0.11571317628785927
0.14751756161447788
0.48436259723765673
0.22908695712324714
0.1652297519460112
0.17458306945324045
-0.5258212255211624
0.3356472554312894
0.17662892147763132
-0.38945487042001786
0.24125932062966035
0.1415062478892266
-0.32798045034037354
0.3745525059665872
0.1647714350693655
0.10943526344031919
0.15405205833487165
-0.37958374628344893
0.21332726859222192
-0.5010174665083942
0.15190357757796066
-0.4352714898653647
0.10025921899824411
0.14967589864466713
-0.3258403361344538
0.28935365446657024
0.3518987341772152
-0.41816562778272487
0.09826776752468838
-0.3845333333333334
-0.4430398572278406
0.020231515277922593
0.13299009131532943
-0.5242322456813819
0.18767148344613135
0.1165554985462631
0.2892741061755146
0.14498916124729022
0.27462221815184534
0.1893248777909896
