1.9450993600538904
0.28946839409126524
0.7198920644572819
2.078931531147598
1.3307429281939696
0.7703046453879232
-0.001140250855188167
1.1374763641076089
0.6326781326781327
1.1443445338381448
1.7539433871054373
1.7386226527371205
-0.00036088054853835856
1.2109622632941286
0.4220374992571462
1.665206679441555
0.49112350539515903
1.334627837472426
0.0
1.9446902654867255
0.8911671924290221
-0.002950819672131058
2.1119161640651614
-0.0008485362749256069
1.7683296501529644
0.0
-0.009638554216867445
-0.04477611940298506
0.0
0.006726457399103204
2.5226872612522837
1.4520172910662823
0.6180510201576273
2.0138964302064375
-0.004098360655737701
1.3481781376518218
0.008748573602130048
2.1803151070726394
0.0017145306472352794
1.8842125426196221
1.4123099740452358
1.0897488433575677
0.9145730467615452
1.3888574608179542
0.8403490759753591
1.921533437288535
1.8556472988692054
1.8322102425876008
-0.006226650062266519
1.0918704560475876
0.271128932757557
1.7947747953986148
1.948558492456916
2.1386537645361177
1.0191560062180007
1.9490648406975426
2.120862813926419
0.0013774104683196154
2.6362855326124506
1.280960577001885
2.2568647540983604
1.0884317476245726
1.3402372727029268
0.27787011471639733
1.2445638895675544
1.2585428755641523
1.5224343493403156
1.86621588770742
0.27632544487250055
1.6637087402393527
2.3856809142924735
2.314087881420636
0.4464674161411205
0.3397561725024949
1.4558252024238032
2.00881395100662
0.023510971786833833
0.8163675017515037
1.4844219913016887
-0.002055498458376044
1.6746922357812395
2.263835815249697
1.492640874684609
0.0
2.3618261564578673
-0.0017761989342806395
0.03246753246753244
0.8339418561360654
0.29213276740565985
1.5181894879995972
1.311575083170816
0.9510655347707411
1.5635150921355088
1.4690122097707679
1.5634132086499126
1.674109304246291
1.8563109679143592
1.8728534687772385
1.1170875520502694
0.6980645161290321
2.498377847535205
0.009803921568627447
2.0228007703753477
