0.9544032185963346
-0.005215373117766255
0.26449647926679337
1.486406827252037
1.1392296718972894
0.3116442390212984
-0.027315123251166043
1.0816351818812853
0.5635294117647058
0.38140243902439014
1.4722900861514725
1.365763404996543
-0.10789049919484703
0.7796058179577623
0.35896325533848245
0.9942646456370342
0.4062328107810781
1.1086237494346196
-0.033816425120772944
1.356453537847073
0.473576403113478
-0.17833018103215348
1.999409026825547
-0.195146958304853
1.3227808397186003
-0.028112449799196856
-0.022592152199762173
-0.054852320675105565
-0.0318664643399089
-0.2588720770288858
2.162512254490829
0.9468180159319434
0.047435989810925755
1.3450501795529195
-0.5122440786832597
0.9285120532003325
-0.4402701561840439
1.994501357149111
-0.1653571428571429
1.7258737152408166
0.6854922279792749
0.14594976622811798
0.013692749314401422
0.7481066004316138
0.5353319057815846
1.4663454373851275
1.0932881928330604
1.745264532984977
-0.26349792339640055
0.6633495700750849
-0.006029908345393144
0.7780929406945519
1.2892583226810426
1.3422789287582968
0.4450364164870337
1.373706956879477
1.5532571004065923
-0.044678055190538746
1.6272303230997605
0.6690656111311024
1.425747863247863
0.5394110304655354
0.8275257753518622
-0.11168382854003434
0.8373999999999998
1.2276629570747217
1.4573112594261939
1.179197739354966
-0.13841343134393042
1.2937770408986218
0.9664100571467827
1.7993017256715886
0.32212197159565586
-0.014290545148145987
0.8698303215029036
1.5088728963806974
0.019465473874632884
0.47117761873780073
1.067148905469803
-0.013211382113821054
1.3181011075975564
1.691165612150068
1.407595450852965
-0.031203566121842465
1.5007972483262702
-0.049069373942470386
-0.00836451683909309
0.2762574532668014
0.2600079195972319
0.8861897890080455
0.7830806442097814
0.4406519849854847
0.8823308052229784
0.3204148906701685
0.6445444319460066
1.4177567205685446
1.4731683486533396
1.3216048327019012
0.5618186821328028
0.02492211838006222
0.8561555728724457
-0.11625911625911621
1.3444654623631898
