1.6456883509833586
0.28868452272707595
0.5580903719822066
1.1385791573747213
0.308323154772291
0.9240456335084566
-0.5203679369250985
0.07773267231455179
0.6529850746268657
1.445223961144091
1.7995049504950493
0.3250181929989122
-0.014935988620199122
0.6028537969891221
0.4140820447158474
1.4944914168588266
0.5672222222222223
0.43224027882139354
0.0
0.956334017209174
0.8637305699481864
-0.43264925373134333
1.0324338472007748
-0.301394245031148
0.3820367438606826
0.0
-0.010830324909747278
-0.023965141612200477
0.0
-0.20997067448680357
2.3938467815811477
1.4906219309967321
-0.10656516312359283
1.4703786687145075
0.09459459459459472
1.7262044653349002
0.0672032193158953
1.071663205261336
-0.30857988165680467
0.7910029498525073
1.2280821917808222
1.4655896649424243
1.5410375843238036
0.8210710498409334
0.84224049331963
0.8144675003837243
1.072720226437553
0.43153950953678466
-0.006226650062266519
1.6003210272873192
-0.34732340829901803
2.0125107186260416
1.459362032420814
1.7494218823658878
0.908066424622716
1.0118661188337341
1.1817347182222526
-0.4981014842940973
2.229407742049205
1.2576458181228198
1.9399741028486865
0.5549403965392197
0.32014200468313314
0.41702305322666194
0.1326593514979657
0.141228213064017
1.5494604316546763
2.2463074682754316
0.2704073979874658
0.3003126941898098
2.327211095871304
1.3761514648142554
0.4033696905205285
0.2913079020407364
1.9854531360726904
0.9450679163593976
0.023510971786833833
0.17895950040966088
1.5383578825646833
-0.41856287425149696
0.7063020259313731
1.3056273585934601
0.2292617171298217
0.0
2.408328226970303
-0.023457862728062554
0.03246753246753244
0.4073227576873919
0.3163719102285654
1.4776922886311825
0.3457556935817806
0.5920694763729245
1.7643320384246541
1.9667741214771315
1.7550251256281406
0.5594648100660351
0.9523461087628317
0.7675503894103342
1.0471878392297902
1.092209856915739
3.4497780553634763
-0.19937815779246024
1.9880922020307463
