400000.0	0.05825242718446602
404285.71428571426	0.06796116504854369
407000.0	0.07766990291262135
439843.75	0.08737864077669903
457560.9756097561	0.0970873786407767
459288.5375494071	0.10679611650485436
463098.59154929576	0.11650485436893204
477027.02702702704	0.1262135922330097
477876.1061946903	0.13592233009708737
479402.98507462686	0.14563106796116504
491509.43396226416	0.1553398058252427
495470.3832752613	0.1650485436893204
504453.44129554654	0.17475728155339806
506097.56097560975	0.18446601941747573
507200.0	0.1941747572815534
513993.17406143347	0.20388349514563106
523655.91397849465	0.21359223300970873
530532.2128851541	0.22330097087378642
541176.4705882353	0.23300970873786409
542156.8627450981	0.24271844660194175
565546.218487395	0.2524271844660194
571428.5714285715	0.2621359223300971
580459.7701149426	0.27184466019417475
596226.4150943396	0.2815533980582524
600900.900900901	0.2912621359223301
616161.6161616162	0.30097087378640774
619444.4444444445	0.3106796116504854
643648.2084690554	0.32038834951456313
647530.8641975309	0.3300970873786408
680000.0	0.33980582524271846
701562.5	0.34951456310679613
702304.1474654378	0.3592233009708738
708679.2452830189	0.36893203883495146
713868.6131386862	0.3786407766990291
767326.7326732674	0.3883495145631068
780701.754385965	0.39805825242718446
817404.1297935103	0.4077669902912621
832752.6132404181	0.4174757281553398
842857.1428571428	0.42718446601941745
856351.7915309446	0.4368932038834951
860784.3137254902	0.44660194174757284
862448.9795918367	0.4563106796116505
938947.3684210526	0.46601941747572817
949122.8070175438	0.47572815533980584
956185.5670103093	0.4854368932038835
956382.9787234042	0.49514563106796117
973442.6229508197	0.5048543689320388
976250.0	0.5145631067961165
978507.4626865672	0.5242718446601942
987297.2972972973	0.5339805825242718
995652.1739130435	0.5436893203883495
999500.0	0.5533980582524272
1020920.5020920502	0.5631067961165048
1021428.5714285715	0.5728155339805825
1025089.605734767	0.5825242718446602
1028782.2878228782	0.5922330097087378
1035532.9949238579	0.6019417475728155
1043209.8765432099	0.6116504854368932
1049538.4615384615	0.6213592233009708
1056224.8995983936	0.6310679611650486
1062983.4254143646	0.6407766990291263
1079562.0437956203	0.6504854368932039
1080508.4745762711	0.6601941747572816
1082264.1509433961	0.6699029126213593
1093181.8181818181	0.6796116504854369
1093308.5501858736	0.6893203883495146
1117931.0344827587	0.6990291262135923
1136512.2615803815	0.7087378640776699
1146132.596685083	0.7184466019417476
1154849.498327759	0.7281553398058253
1163636.3636363635	0.7378640776699029
1166831.6831683167	0.7475728155339806
1169428.5714285714	0.7572815533980582
1173076.923076923	0.7669902912621359
1174087.591240876	0.7766990291262136
1174436.0902255639	0.7864077669902912
1174832.2147651007	0.7961165048543689
1177607.3619631901	0.8058252427184466
1183832.3353293412	0.8155339805825242
1184042.5531914893	0.8252427184466019
1194400.0	0.8349514563106796
1194822.8882833787	0.8446601941747572
1196410.2564102565	0.8543689320388349
1204201.6806722688	0.8640776699029126
1232732.7327327328	0.8737864077669902
1234718.1008902078	0.883495145631068
1241935.4838709678	0.8932038834951457
1245033.1125827814	0.9029126213592233
1252265.8610271902	0.912621359223301
1255144.0329218106	0.9223300970873787
1263636.3636363635	0.9320388349514563
1298857.142857143	0.941747572815534
1303013.698630137	0.9514563106796117
1307163.323782235	0.9611650485436893
1314942.528735632	0.970873786407767
1320000.0	0.9805825242718447
1320866.1417322834	0.9902912621359223
1332110.0917431193	1.0