1 0 537 0.35871743487 0.35871743487
2 14 1 0.000668002672011 0.359385437542
3 15 1 0.000668002672011 0.360053440214
4 16 1 0.000668002672011 0.360721442886
5 20 1 0.000668002672011 0.361389445558
6 23 1 0.000668002672011 0.36205744823
7 25 1 0.000668002672011 0.362725450902
8 85 1 0.000668002672011 0.363393453574
9 100 1 0.000668002672011 0.364061456246
10 117 1 0.000668002672011 0.364729458918
11 125 1 0.000668002672011 0.36539746159
12 136 1 0.000668002672011 0.366065464262
13 150 1 0.000668002672011 0.366733466934
14 153 1 0.000668002672011 0.367401469606
15 166 1 0.000668002672011 0.368069472278
16 168 1 0.000668002672011 0.36873747495
17 173 1 0.000668002672011 0.369405477622
18 219 1 0.000668002672011 0.370073480294
19 254 1 0.000668002672011 0.370741482966
20 317 1 0.000668002672011 0.371409485638
21 330 2 0.00133600534402 0.372745490982
22 337 1 0.000668002672011 0.373413493654
23 349 1 0.000668002672011 0.374081496326
24 362 1 0.000668002672011 0.374749498998
25 393 1 0.000668002672011 0.37541750167
26 429 1 0.000668002672011 0.376085504342
27 490 1 0.000668002672011 0.376753507014
28 535 1 0.000668002672011 0.377421509686
29 541 1 0.000668002672011 0.378089512358
30 644 1 0.000668002672011 0.37875751503
31 690 1 0.000668002672011 0.379425517702
32 707 1 0.000668002672011 0.380093520374
33 731 1 0.000668002672011 0.380761523046
34 765 1 0.000668002672011 0.381429525718
35 848 1 0.000668002672011 0.38209752839
36 864 1 0.000668002672011 0.382765531062
37 943 1 0.000668002672011 0.383433533734
38 950 1 0.000668002672011 0.384101536406
39 953 2 0.00133600534402 0.38543754175
40 977 1 0.000668002672011 0.386105544422
41 994 1 0.000668002672011 0.386773547094
42 1016 1 0.000668002672011 0.387441549766
43 1024 1 0.000668002672011 0.388109552438
44 1036 1 0.000668002672011 0.38877755511
45 1061 1 0.000668002672011 0.389445557782
46 1086 1 0.000668002672011 0.390113560454
47 1090 2 0.00133600534402 0.391449565798
48 1169 1 0.000668002672011 0.39211756847
49 1209 1 0.000668002672011 0.392785571142
50 1218 1 0.000668002672011 0.393453573814
51 1246 1 0.000668002672011 0.394121576486
52 1252 1 0.000668002672011 0.394789579158
53 1271 2 0.00133600534402 0.396125584502
54 1273 1 0.000668002672011 0.396793587174
55 1287 2 0.00133600534402 0.398129592518
56 1312 1 0.000668002672011 0.39879759519
57 1324 1 0.000668002672011 0.399465597862
58 1327 1 0.000668002672011 0.400133600534
59 1333 1 0.000668002672011 0.400801603206
60 1349 1 0.000668002672011 0.401469605878
61 1351 1 0.000668002672011 0.40213760855
62 1352 1 0.000668002672011 0.402805611222
63 1357 1 0.000668002672011 0.403473613894
64 1381 1 0.000668002672011 0.404141616566
65 1384 1 0.000668002672011 0.404809619238
66 1400 1 0.000668002672011 0.40547762191
67 1403 2 0.00133600534402 0.406813627255
68 1412 1 0.000668002672011 0.407481629927
69 1420 1 0.000668002672011 0.408149632599
70 1446 1 0.000668002672011 0.408817635271
71 1453 1 0.000668002672011 0.409485637943
72 1459 1 0.000668002672011 0.410153640615
73 1464 1 0.000668002672011 0.410821643287
74 1469 1 0.000668002672011 0.411489645959
75 1481 1 0.000668002672011 0.412157648631
76 1485 1 0.000668002672011 0.412825651303
77 1491 1 0.000668002672011 0.413493653975
78 1502 1 0.000668002672011 0.414161656647
79 1523 1 0.000668002672011 0.414829659319
80 1524 1 0.000668002672011 0.415497661991
81 1531 1 0.000668002672011 0.416165664663
82 1570 1 0.000668002672011 0.416833667335
83 1599 1 0.000668002672011 0.417501670007
84 1615 1 0.000668002672011 0.418169672679
85 1617 1 0.000668002672011 0.418837675351
86 1625 1 0.000668002672011 0.419505678023
87 1627 1 0.000668002672011 0.420173680695
88 1632 1 0.000668002672011 0.420841683367
89 1639 1 0.000668002672011 0.421509686039
90 1642 1 0.000668002672011 0.422177688711
91 1647 1 0.000668002672011 0.422845691383
92 1665 1 0.000668002672011 0.423513694055
93 1678 1 0.000668002672011 0.424181696727
94 1682 1 0.000668002672011 0.424849699399
95 1692 1 0.000668002672011 0.425517702071
96 1715 1 0.000668002672011 0.426185704743
97 1721 1 0.000668002672011 0.426853707415
98 1726 1 0.000668002672011 0.427521710087
99 1728 1 0.000668002672011 0.428189712759
100 1734 1 0.000668002672011 0.428857715431
101 1745 1 0.000668002672011 0.429525718103
102 1746 2 0.00133600534402 0.430861723447
103 1748 1 0.000668002672011 0.431529726119
104 1750 1 0.000668002672011 0.432197728791
105 1753 1 0.000668002672011 0.432865731463
106 1754 2 0.00133600534402 0.434201736807
107 1756 1 0.000668002672011 0.434869739479
108 1759 1 0.000668002672011 0.435537742151
109 1786 1 0.000668002672011 0.436205744823
110 1788 1 0.000668002672011 0.436873747495
111 1796 1 0.000668002672011 0.437541750167
112 1801 1 0.000668002672011 0.438209752839
113 1837 1 0.000668002672011 0.438877755511
114 1840 1 0.000668002672011 0.439545758183
115 1847 1 0.000668002672011 0.440213760855
116 1848 1 0.000668002672011 0.440881763527
117 1854 1 0.000668002672011 0.441549766199
118 1891 1 0.000668002672011 0.442217768871
119 1908 1 0.000668002672011 0.442885771543
120 1912 1 0.000668002672011 0.443553774215
121 1915 1 0.000668002672011 0.444221776887
122 1927 1 0.000668002672011 0.444889779559
123 1928 1 0.000668002672011 0.445557782231
124 1937 1 0.000668002672011 0.446225784903
125 1939 1 0.000668002672011 0.446893787575
126 1940 1 0.000668002672011 0.447561790247
127 1948 1 0.000668002672011 0.448229792919
128 1949 1 0.000668002672011 0.448897795591
129 1950 1 0.000668002672011 0.449565798263
130 1951 1 0.000668002672011 0.450233800935
131 1971 1 0.000668002672011 0.450901803607
132 1977 1 0.000668002672011 0.451569806279
133 1979 1 0.000668002672011 0.452237808951
134 1985 1 0.000668002672011 0.452905811623
135 1988 1 0.000668002672011 0.453573814295
136 1994 1 0.000668002672011 0.454241816967
137 1996 1 0.000668002672011 0.454909819639
138 2002 1 0.000668002672011 0.455577822311
139 2006 1 0.000668002672011 0.456245824983
140 2009 1 0.000668002672011 0.456913827655
141 2010 1 0.000668002672011 0.457581830327
142 2020 1 0.000668002672011 0.458249832999
143 2022 1 0.000668002672011 0.458917835671
144 2029 3 0.00200400801603 0.460921843687
145 2034 1 0.000668002672011 0.461589846359
146 2037 1 0.000668002672011 0.462257849031
147 2038 1 0.000668002672011 0.462925851703
148 2039 1 0.000668002672011 0.463593854375
149 2043 4 0.00267201068804 0.466265865063
150 2044 1 0.000668002672011 0.466933867735
151 2047 1 0.000668002672011 0.467601870407
152 2050 1 0.000668002672011 0.468269873079
153 2051 1 0.000668002672011 0.468937875752
154 2052 1 0.000668002672011 0.469605878424
155 2053 3 0.00200400801603 0.47160988644
156 2055 2 0.00133600534402 0.472945891784
157 2064 1 0.000668002672011 0.473613894456
158 2067 1 0.000668002672011 0.474281897128
159 2078 1 0.000668002672011 0.4749498998
160 2080 1 0.000668002672011 0.475617902472
161 2090 1 0.000668002672011 0.476285905144
162 2115 1 0.000668002672011 0.476953907816
163 2123 2 0.00133600534402 0.47828991316
164 2125 2 0.00133600534402 0.479625918504
165 2137 1 0.000668002672011 0.480293921176
166 2139 1 0.000668002672011 0.480961923848
167 2148 1 0.000668002672011 0.48162992652
168 2154 1 0.000668002672011 0.482297929192
169 2159 1 0.000668002672011 0.482965931864
170 2160 1 0.000668002672011 0.483633934536
171 2169 1 0.000668002672011 0.484301937208
172 2197 1 0.000668002672011 0.48496993988
173 2210 1 0.000668002672011 0.485637942552
174 2212 1 0.000668002672011 0.486305945224
175 2216 1 0.000668002672011 0.486973947896
176 2222 1 0.000668002672011 0.487641950568
177 2225 1 0.000668002672011 0.48830995324
178 2239 1 0.000668002672011 0.488977955912
179 2247 1 0.000668002672011 0.489645958584
180 2250 1 0.000668002672011 0.490313961256
181 2251 1 0.000668002672011 0.490981963928
182 2252 1 0.000668002672011 0.4916499666
183 2259 1 0.000668002672011 0.492317969272
184 2260 1 0.000668002672011 0.492985971944
185 2262 1 0.000668002672011 0.493653974616
186 2263 1 0.000668002672011 0.494321977288
187 2264 1 0.000668002672011 0.49498997996
188 2265 1 0.000668002672011 0.495657982632
189 2267 2 0.00133600534402 0.496993987976
190 2268 1 0.000668002672011 0.497661990648
191 2269 1 0.000668002672011 0.49832999332
192 2273 3 0.00200400801603 0.500334001336
193 2274 1 0.000668002672011 0.501002004008
194 2280 1 0.000668002672011 0.50167000668
195 2282 1 0.000668002672011 0.502338009352
196 2283 1 0.000668002672011 0.503006012024
197 2286 1 0.000668002672011 0.503674014696
198 2289 1 0.000668002672011 0.504342017368
199 2296 2 0.00133600534402 0.505678022712
200 2301 1 0.000668002672011 0.506346025384
201 2315 1 0.000668002672011 0.507014028056
202 2333 1 0.000668002672011 0.507682030728
203 2341 1 0.000668002672011 0.5083500334
204 2356 1 0.000668002672011 0.509018036072
205 2364 1 0.000668002672011 0.509686038744
206 2405 2 0.00133600534402 0.511022044088
207 2407 1 0.000668002672011 0.51169004676
208 2414 1 0.000668002672011 0.512358049432
209 2424 1 0.000668002672011 0.513026052104
210 2447 1 0.000668002672011 0.513694054776
211 2469 2 0.00133600534402 0.51503006012
212 2473 1 0.000668002672011 0.515698062792
213 2515 1 0.000668002672011 0.516366065464
214 2528 1 0.000668002672011 0.517034068136
215 2532 1 0.000668002672011 0.517702070808
216 2536 1 0.000668002672011 0.51837007348
217 2551 1 0.000668002672011 0.519038076152
218 2558 1 0.000668002672011 0.519706078824
219 2562 1 0.000668002672011 0.520374081496
220 2575 1 0.000668002672011 0.521042084168
221 2577 1 0.000668002672011 0.52171008684
222 2582 1 0.000668002672011 0.522378089512
223 2597 1 0.000668002672011 0.523046092184
224 2630 1 0.000668002672011 0.523714094856
225 2636 1 0.000668002672011 0.524382097528
226 2656 1 0.000668002672011 0.5250501002
227 2658 1 0.000668002672011 0.525718102872
228 2667 1 0.000668002672011 0.526386105544
229 2668 1 0.000668002672011 0.527054108216
230 2670 1 0.000668002672011 0.527722110888
231 2687 1 0.000668002672011 0.52839011356
232 2732 1 0.000668002672011 0.529058116232
233 2734 1 0.000668002672011 0.529726118904
234 2765 1 0.000668002672011 0.530394121576
235 2768 1 0.000668002672011 0.531062124248
236 2791 1 0.000668002672011 0.531730126921
237 2802 1 0.000668002672011 0.532398129593
238 2804 1 0.000668002672011 0.533066132265
239 2806 1 0.000668002672011 0.533734134937
240 2821 1 0.000668002672011 0.534402137609
241 2827 1 0.000668002672011 0.535070140281
242 2828 1 0.000668002672011 0.535738142953
243 2860 1 0.000668002672011 0.536406145625
244 2904 1 0.000668002672011 0.537074148297
245 2917 1 0.000668002672011 0.537742150969
246 2918 1 0.000668002672011 0.538410153641
247 2937 1 0.000668002672011 0.539078156313
248 2942 1 0.000668002672011 0.539746158985
249 2943 1 0.000668002672011 0.540414161657
250 2962 1 0.000668002672011 0.541082164329
251 2975 1 0.000668002672011 0.541750167001
252 2977 1 0.000668002672011 0.542418169673
253 3002 1 0.000668002672011 0.543086172345
254 3005 1 0.000668002672011 0.543754175017
255 3006 1 0.000668002672011 0.544422177689
256 3015 1 0.000668002672011 0.545090180361
257 3027 1 0.000668002672011 0.545758183033
258 3048 1 0.000668002672011 0.546426185705
259 3060 1 0.000668002672011 0.547094188377
260 3104 1 0.000668002672011 0.547762191049
261 3165 1 0.000668002672011 0.548430193721
262 3166 1 0.000668002672011 0.549098196393
263 3173 1 0.000668002672011 0.549766199065
264 3182 1 0.000668002672011 0.550434201737
265 3184 1 0.000668002672011 0.551102204409
266 3193 1 0.000668002672011 0.551770207081
267 3215 1 0.000668002672011 0.552438209753
268 3227 2 0.00133600534402 0.553774215097
269 3229 1 0.000668002672011 0.554442217769
270 3246 1 0.000668002672011 0.555110220441
271 3250 1 0.000668002672011 0.555778223113
272 3296 1 0.000668002672011 0.556446225785
273 3307 2 0.00133600534402 0.557782231129
274 3325 1 0.000668002672011 0.558450233801
275 3327 1 0.000668002672011 0.559118236473
276 3356 1 0.000668002672011 0.559786239145
277 3379 1 0.000668002672011 0.560454241817
278 3413 1 0.000668002672011 0.561122244489
279 3430 1 0.000668002672011 0.561790247161
280 3439 1 0.000668002672011 0.562458249833
281 3454 1 0.000668002672011 0.563126252505
282 3469 1 0.000668002672011 0.563794255177
283 3516 1 0.000668002672011 0.564462257849
284 3525 1 0.000668002672011 0.565130260521
285 3539 1 0.000668002672011 0.565798263193
286 3547 1 0.000668002672011 0.566466265865
287 3576 1 0.000668002672011 0.567134268537
288 3577 1 0.000668002672011 0.567802271209
289 3590 1 0.000668002672011 0.568470273881
290 3619 1 0.000668002672011 0.569138276553
291 3641 1 0.000668002672011 0.569806279225
292 3678 1 0.000668002672011 0.570474281897
293 3682 1 0.000668002672011 0.571142284569
294 3707 1 0.000668002672011 0.571810287241
295 3708 1 0.000668002672011 0.572478289913
296 3719 1 0.000668002672011 0.573146292585
297 3753 1 0.000668002672011 0.573814295257
298 3768 1 0.000668002672011 0.574482297929
299 3783 3 0.00200400801603 0.576486305945
300 3816 1 0.000668002672011 0.577154308617
301 3836 1 0.000668002672011 0.577822311289
302 3862 1 0.000668002672011 0.578490313961
303 3864 1 0.000668002672011 0.579158316633
304 3881 1 0.000668002672011 0.579826319305
305 3884 1 0.000668002672011 0.580494321977
306 3885 1 0.000668002672011 0.581162324649
307 3887 1 0.000668002672011 0.581830327321
308 3890 1 0.000668002672011 0.582498329993
309 3913 1 0.000668002672011 0.583166332665
310 3947 1 0.000668002672011 0.583834335337
311 3959 1 0.000668002672011 0.584502338009
312 3989 1 0.000668002672011 0.585170340681
313 3998 1 0.000668002672011 0.585838343353
314 4015 6 0.00400801603206 0.589846359385
315 4022 1 0.000668002672011 0.590514362057
316 4096 1 0.000668002672011 0.591182364729
317 4104 1 0.000668002672011 0.591850367401
318 4122 1 0.000668002672011 0.592518370073
319 4133 1 0.000668002672011 0.593186372745
320 4151 1 0.000668002672011 0.593854375418
321 4157 1 0.000668002672011 0.59452237809
322 4158 3 0.00200400801603 0.596526386106
323 4169 1 0.000668002672011 0.597194388778
324 4171 1 0.000668002672011 0.59786239145
325 4188 1 0.000668002672011 0.598530394122
326 4190 1 0.000668002672011 0.599198396794
327 4201 1 0.000668002672011 0.599866399466
328 4258 2 0.00133600534402 0.60120240481
329 4282 1 0.000668002672011 0.601870407482
330 4303 1 0.000668002672011 0.602538410154
331 4315 1 0.000668002672011 0.603206412826
332 4336 1 0.000668002672011 0.603874415498
333 4337 2 0.00133600534402 0.605210420842
334 4421 2 0.00133600534402 0.606546426186
335 4432 1 0.000668002672011 0.607214428858
336 4442 1 0.000668002672011 0.60788243153
337 4449 1 0.000668002672011 0.608550434202
338 4482 1 0.000668002672011 0.609218436874
339 4501 2 0.00133600534402 0.610554442218
340 4503 1 0.000668002672011 0.61122244489
341 4528 1 0.000668002672011 0.611890447562
342 4546 1 0.000668002672011 0.612558450234
343 4614 1 0.000668002672011 0.613226452906
344 4653 1 0.000668002672011 0.613894455578
345 4654 1 0.000668002672011 0.61456245825
346 4668 1 0.000668002672011 0.615230460922
347 4684 1 0.000668002672011 0.615898463594
348 4693 1 0.000668002672011 0.616566466266
349 4737 1 0.000668002672011 0.617234468938
350 4745 2 0.00133600534402 0.618570474282
351 4753 1 0.000668002672011 0.619238476954
352 4809 1 0.000668002672011 0.619906479626
353 4813 2 0.00133600534402 0.62124248497
354 4821 1 0.000668002672011 0.621910487642
355 4841 1 0.000668002672011 0.622578490314
356 4876 1 0.000668002672011 0.623246492986
357 4970 1 0.000668002672011 0.623914495658
358 5006 1 0.000668002672011 0.62458249833
359 5019 1 0.000668002672011 0.625250501002
360 5033 1 0.000668002672011 0.625918503674
361 5079 1 0.000668002672011 0.626586506346
362 5106 1 0.000668002672011 0.627254509018
363 5132 1 0.000668002672011 0.62792251169
364 5151 1 0.000668002672011 0.628590514362
365 5188 1 0.000668002672011 0.629258517034
366 5201 1 0.000668002672011 0.629926519706
367 5203 1 0.000668002672011 0.630594522378
368 5205 1 0.000668002672011 0.63126252505
369 5211 1 0.000668002672011 0.631930527722
370 5229 1 0.000668002672011 0.632598530394
371 5246 1 0.000668002672011 0.633266533066
372 5255 1 0.000668002672011 0.633934535738
373 5285 1 0.000668002672011 0.63460253841
374 5346 1 0.000668002672011 0.635270541082
375 5398 1 0.000668002672011 0.635938543754
376 5486 1 0.000668002672011 0.636606546426
377 5533 1 0.000668002672011 0.637274549098
378 5619 1 0.000668002672011 0.63794255177
379 5649 1 0.000668002672011 0.638610554442
380 5655 1 0.000668002672011 0.639278557114
381 5698 1 0.000668002672011 0.639946559786
382 5700 1 0.000668002672011 0.640614562458
383 5786 1 0.000668002672011 0.64128256513
384 5797 2 0.00133600534402 0.642618570474
385 5833 1 0.000668002672011 0.643286573146
386 5856 1 0.000668002672011 0.643954575818
387 5877 1 0.000668002672011 0.64462257849
388 5970 1 0.000668002672011 0.645290581162
389 6005 1 0.000668002672011 0.645958583834
390 6022 1 0.000668002672011 0.646626586506
391 6038 1 0.000668002672011 0.647294589178
392 6127 1 0.000668002672011 0.64796259185
393 6170 1 0.000668002672011 0.648630594522
394 6177 1 0.000668002672011 0.649298597194
395 6225 1 0.000668002672011 0.649966599866
396 6283 1 0.000668002672011 0.650634602538
397 6302 1 0.000668002672011 0.65130260521
398 6364 1 0.000668002672011 0.651970607882
399 6407 1 0.000668002672011 0.652638610554
400 6432 1 0.000668002672011 0.653306613226
401 6447 1 0.000668002672011 0.653974615898
402 6463 1 0.000668002672011 0.65464261857
403 6479 1 0.000668002672011 0.655310621242
404 6630 1 0.000668002672011 0.655978623914
405 6665 1 0.000668002672011 0.656646626587
406 6845 1 0.000668002672011 0.657314629259
407 6888 1 0.000668002672011 0.657982631931
408 6925 1 0.000668002672011 0.658650634603
409 6942 1 0.000668002672011 0.659318637275
410 7090 1 0.000668002672011 0.659986639947
411 7167 1 0.000668002672011 0.660654642619
412 7187 1 0.000668002672011 0.661322645291
413 7196 1 0.000668002672011 0.661990647963
414 7220 1 0.000668002672011 0.662658650635
415 7428 1 0.000668002672011 0.663326653307
416 7465 1 0.000668002672011 0.663994655979
417 7479 1 0.000668002672011 0.664662658651
418 7483 1 0.000668002672011 0.665330661323
419 7508 1 0.000668002672011 0.665998663995
420 7522 1 0.000668002672011 0.666666666667
421 7581 1 0.000668002672011 0.667334669339
422 7811 1 0.000668002672011 0.668002672011
423 7858 1 0.000668002672011 0.668670674683
424 8108 1 0.000668002672011 0.669338677355
425 8178 1 0.000668002672011 0.670006680027
426 8236 1 0.000668002672011 0.670674682699
427 8358 1 0.000668002672011 0.671342685371
428 8420 1 0.000668002672011 0.672010688043
429 8427 1 0.000668002672011 0.672678690715
430 8494 1 0.000668002672011 0.673346693387
431 8532 1 0.000668002672011 0.674014696059
432 8659 1 0.000668002672011 0.674682698731
433 8756 1 0.000668002672011 0.675350701403
434 8818 1 0.000668002672011 0.676018704075
435 8988 1 0.000668002672011 0.676686706747
436 9030 1 0.000668002672011 0.677354709419
437 9098 1 0.000668002672011 0.678022712091
438 9099 1 0.000668002672011 0.678690714763
439 9129 1 0.000668002672011 0.679358717435
440 9179 1 0.000668002672011 0.680026720107
441 9416 1 0.000668002672011 0.680694722779
442 9494 1 0.000668002672011 0.681362725451
443 9497 1 0.000668002672011 0.682030728123
444 9829 1 0.000668002672011 0.682698730795
445 9947 1 0.000668002672011 0.683366733467
446 9994 1 0.000668002672011 0.684034736139
447 10630 1 0.000668002672011 0.684702738811
448 10857 1 0.000668002672011 0.685370741483
449 11088 1 0.000668002672011 0.686038744155
450 11195 1 0.000668002672011 0.686706746827
451 11244 1 0.000668002672011 0.687374749499
452 11264 1 0.000668002672011 0.688042752171
453 11878 1 0.000668002672011 0.688710754843
454 11940 1 0.000668002672011 0.689378757515
455 11947 1 0.000668002672011 0.690046760187
456 11988 1 0.000668002672011 0.690714762859
457 12094 1 0.000668002672011 0.691382765531
458 12236 1 0.000668002672011 0.692050768203
459 12263 1 0.000668002672011 0.692718770875
460 12315 1 0.000668002672011 0.693386773547
461 12370 1 0.000668002672011 0.694054776219
462 12919 1 0.000668002672011 0.694722778891
463 12965 1 0.000668002672011 0.695390781563
464 13188 1 0.000668002672011 0.696058784235
465 13998 1 0.000668002672011 0.696726786907
466 14463 1 0.000668002672011 0.697394789579
467 14843 1 0.000668002672011 0.698062792251
468 14859 1 0.000668002672011 0.698730794923
469 14938 1 0.000668002672011 0.699398797595
470 15087 1 0.000668002672011 0.700066800267
471 15416 1 0.000668002672011 0.700734802939
472 15522 1 0.000668002672011 0.701402805611
473 15649 1 0.000668002672011 0.702070808283
474 15665 1 0.000668002672011 0.702738810955
475 15855 1 0.000668002672011 0.703406813627
476 16032 1 0.000668002672011 0.704074816299
477 16229 1 0.000668002672011 0.704742818971
478 17442 1 0.000668002672011 0.705410821643
479 17512 1 0.000668002672011 0.706078824315
480 17607 1 0.000668002672011 0.706746826987
481 17886 1 0.000668002672011 0.707414829659
482 18199 1 0.000668002672011 0.708082832331
483 18482 1 0.000668002672011 0.708750835003
484 18498 1 0.000668002672011 0.709418837675
485 18555 1 0.000668002672011 0.710086840347
486 18588 1 0.000668002672011 0.710754843019
487 18618 1 0.000668002672011 0.711422845691
488 19075 1 0.000668002672011 0.712090848363
489 19245 1 0.000668002672011 0.712758851035
490 19287 1 0.000668002672011 0.713426853707
491 19339 1 0.000668002672011 0.714094856379
492 19341 1 0.000668002672011 0.714762859051
493 19440 1 0.000668002672011 0.715430861723
494 19786 1 0.000668002672011 0.716098864395
495 20020 1 0.000668002672011 0.716766867067
496 20403 1 0.000668002672011 0.717434869739
497 20541 1 0.000668002672011 0.718102872411
498 20583 1 0.000668002672011 0.718770875084
499 20996 1 0.000668002672011 0.719438877756
500 21307 1 0.000668002672011 0.720106880428
501 21318 1 0.000668002672011 0.7207748831
502 21374 1 0.000668002672011 0.721442885772
503 21489 1 0.000668002672011 0.722110888444
504 21707 1 0.000668002672011 0.722778891116
505 22183 1 0.000668002672011 0.723446893788
506 22221 1 0.000668002672011 0.72411489646
507 22513 1 0.000668002672011 0.724782899132
508 22626 1 0.000668002672011 0.725450901804
509 22727 1 0.000668002672011 0.726118904476
510 22786 1 0.000668002672011 0.726786907148
511 23442 1 0.000668002672011 0.72745490982
512 23598 1 0.000668002672011 0.728122912492
513 23727 1 0.000668002672011 0.728790915164
514 23848 1 0.000668002672011 0.729458917836
515 24314 1 0.000668002672011 0.730126920508
516 24741 1 0.000668002672011 0.73079492318
517 24958 1 0.000668002672011 0.731462925852
518 25125 1 0.000668002672011 0.732130928524
519 25265 1 0.000668002672011 0.732798931196
520 25540 1 0.000668002672011 0.733466933868
521 25719 1 0.000668002672011 0.73413493654
522 25731 1 0.000668002672011 0.734802939212
523 25842 1 0.000668002672011 0.735470941884
524 25917 1 0.000668002672011 0.736138944556
525 26169 1 0.000668002672011 0.736806947228
526 26502 1 0.000668002672011 0.7374749499
527 27100 1 0.000668002672011 0.738142952572
528 27769 1 0.000668002672011 0.738810955244
529 27983 1 0.000668002672011 0.739478957916
530 28016 1 0.000668002672011 0.740146960588
531 28300 1 0.000668002672011 0.74081496326
532 29007 1 0.000668002672011 0.741482965932
533 29308 1 0.000668002672011 0.742150968604
534 29709 1 0.000668002672011 0.742818971276
535 29829 1 0.000668002672011 0.743486973948
536 30237 1 0.000668002672011 0.74415497662
537 30260 1 0.000668002672011 0.744822979292
538 30626 1 0.000668002672011 0.745490981964
539 30953 1 0.000668002672011 0.746158984636
540 31358 1 0.000668002672011 0.746826987308
541 31758 1 0.000668002672011 0.74749498998
542 31764 1 0.000668002672011 0.748162992652
543 32030 1 0.000668002672011 0.748830995324
544 32226 1 0.000668002672011 0.749498997996
545 32353 1 0.000668002672011 0.750167000668
546 32613 1 0.000668002672011 0.75083500334
547 32783 1 0.000668002672011 0.751503006012
548 32957 1 0.000668002672011 0.752171008684
549 33061 1 0.000668002672011 0.752839011356
550 33294 1 0.000668002672011 0.753507014028
551 33670 1 0.000668002672011 0.7541750167
552 33763 1 0.000668002672011 0.754843019372
553 33824 1 0.000668002672011 0.755511022044
554 33831 1 0.000668002672011 0.756179024716
555 34031 1 0.000668002672011 0.756847027388
556 34299 1 0.000668002672011 0.75751503006
557 34775 1 0.000668002672011 0.758183032732
558 34782 1 0.000668002672011 0.758851035404
559 34926 1 0.000668002672011 0.759519038076
560 35043 1 0.000668002672011 0.760187040748
561 35115 1 0.000668002672011 0.76085504342
562 35240 1 0.000668002672011 0.761523046092
563 35584 1 0.000668002672011 0.762191048764
564 35660 1 0.000668002672011 0.762859051436
565 35697 1 0.000668002672011 0.763527054108
566 35914 1 0.000668002672011 0.76419505678
567 36382 1 0.000668002672011 0.764863059452
568 36561 1 0.000668002672011 0.765531062124
569 36679 1 0.000668002672011 0.766199064796
570 36681 1 0.000668002672011 0.766867067468
571 37123 1 0.000668002672011 0.76753507014
572 37460 1 0.000668002672011 0.768203072812
573 37475 1 0.000668002672011 0.768871075484
574 37767 1 0.000668002672011 0.769539078156
575 37823 1 0.000668002672011 0.770207080828
576 38000 1 0.000668002672011 0.7708750835
577 38471 1 0.000668002672011 0.771543086172
578 38522 1 0.000668002672011 0.772211088844
579 38671 1 0.000668002672011 0.772879091516
580 38751 1 0.000668002672011 0.773547094188
581 38755 1 0.000668002672011 0.77421509686
582 39188 1 0.000668002672011 0.774883099532
583 39235 1 0.000668002672011 0.775551102204
584 41334 1 0.000668002672011 0.776219104876
585 41534 1 0.000668002672011 0.776887107548
586 41604 1 0.000668002672011 0.77755511022
587 41859 1 0.000668002672011 0.778223112892
588 41888 1 0.000668002672011 0.778891115564
589 42075 1 0.000668002672011 0.779559118236
590 42331 1 0.000668002672011 0.780227120908
591 42339 1 0.000668002672011 0.780895123581
592 42755 1 0.000668002672011 0.781563126253
593 43269 1 0.000668002672011 0.782231128925
594 43534 1 0.000668002672011 0.782899131597
595 43537 1 0.000668002672011 0.783567134269
596 43685 1 0.000668002672011 0.784235136941
597 44249 1 0.000668002672011 0.784903139613
598 45256 1 0.000668002672011 0.785571142285
599 45987 1 0.000668002672011 0.786239144957
600 46938 1 0.000668002672011 0.786907147629
601 47011 1 0.000668002672011 0.787575150301
602 47063 1 0.000668002672011 0.788243152973
603 47325 1 0.000668002672011 0.788911155645
604 47399 1 0.000668002672011 0.789579158317
605 47709 1 0.000668002672011 0.790247160989
606 47748 1 0.000668002672011 0.790915163661
607 47958 1 0.000668002672011 0.791583166333
608 48207 1 0.000668002672011 0.792251169005
609 48590 1 0.000668002672011 0.792919171677
610 48608 1 0.000668002672011 0.793587174349
611 48767 1 0.000668002672011 0.794255177021
612 49819 1 0.000668002672011 0.794923179693
613 50088 1 0.000668002672011 0.795591182365
614 50276 1 0.000668002672011 0.796259185037
615 50583 1 0.000668002672011 0.796927187709
616 50921 1 0.000668002672011 0.797595190381
617 51416 1 0.000668002672011 0.798263193053
618 51588 1 0.000668002672011 0.798931195725
619 51767 1 0.000668002672011 0.799599198397
620 52161 1 0.000668002672011 0.800267201069
621 52703 1 0.000668002672011 0.800935203741
622 52918 1 0.000668002672011 0.801603206413
623 53074 1 0.000668002672011 0.802271209085
624 53148 1 0.000668002672011 0.802939211757
625 53184 1 0.000668002672011 0.803607214429
626 53321 1 0.000668002672011 0.804275217101
627 54182 1 0.000668002672011 0.804943219773
628 54301 1 0.000668002672011 0.805611222445
629 54386 1 0.000668002672011 0.806279225117
630 54551 1 0.000668002672011 0.806947227789
631 54670 1 0.000668002672011 0.807615230461
632 54960 1 0.000668002672011 0.808283233133
633 55267 1 0.000668002672011 0.808951235805
634 55270 1 0.000668002672011 0.809619238477
635 55448 1 0.000668002672011 0.810287241149
636 56285 1 0.000668002672011 0.810955243821
637 56576 1 0.000668002672011 0.811623246493
638 57478 1 0.000668002672011 0.812291249165
639 58383 1 0.000668002672011 0.812959251837
640 58583 1 0.000668002672011 0.813627254509
641 58886 1 0.000668002672011 0.814295257181
642 59742 1 0.000668002672011 0.814963259853
643 59763 1 0.000668002672011 0.815631262525
644 59885 1 0.000668002672011 0.816299265197
645 60087 1 0.000668002672011 0.816967267869
646 60273 1 0.000668002672011 0.817635270541
647 60294 1 0.000668002672011 0.818303273213
648 60404 1 0.000668002672011 0.818971275885
649 61357 1 0.000668002672011 0.819639278557
650 61655 1 0.000668002672011 0.820307281229
651 62305 1 0.000668002672011 0.820975283901
652 62487 1 0.000668002672011 0.821643286573
653 62587 1 0.000668002672011 0.822311289245
654 62645 1 0.000668002672011 0.822979291917
655 63074 1 0.000668002672011 0.823647294589
656 63946 1 0.000668002672011 0.824315297261
657 64191 1 0.000668002672011 0.824983299933
658 64608 1 0.000668002672011 0.825651302605
659 65332 1 0.000668002672011 0.826319305277
660 65818 1 0.000668002672011 0.826987307949
661 66549 1 0.000668002672011 0.827655310621
662 67260 1 0.000668002672011 0.828323313293
663 67462 1 0.000668002672011 0.828991315965
664 67492 1 0.000668002672011 0.829659318637
665 67859 1 0.000668002672011 0.830327321309
666 68355 1 0.000668002672011 0.830995323981
667 68676 1 0.000668002672011 0.831663326653
668 69106 1 0.000668002672011 0.832331329325
669 70019 1 0.000668002672011 0.832999331997
670 70293 1 0.000668002672011 0.833667334669
671 70620 1 0.000668002672011 0.834335337341
672 71219 1 0.000668002672011 0.835003340013
673 71369 1 0.000668002672011 0.835671342685
674 71533 1 0.000668002672011 0.836339345357
675 71637 1 0.000668002672011 0.837007348029
676 72087 1 0.000668002672011 0.837675350701
677 72192 1 0.000668002672011 0.838343353373
678 72346 1 0.000668002672011 0.839011356045
679 73403 1 0.000668002672011 0.839679358717
680 73518 1 0.000668002672011 0.840347361389
681 73658 1 0.000668002672011 0.841015364061
682 73713 1 0.000668002672011 0.841683366733
683 74546 1 0.000668002672011 0.842351369405
684 74905 1 0.000668002672011 0.843019372078
685 75539 1 0.000668002672011 0.84368737475
686 75601 1 0.000668002672011 0.844355377422
687 75658 1 0.000668002672011 0.845023380094
688 76318 1 0.000668002672011 0.845691382766
689 76590 1 0.000668002672011 0.846359385438
690 77040 1 0.000668002672011 0.84702738811
691 77088 1 0.000668002672011 0.847695390782
692 77136 1 0.000668002672011 0.848363393454
693 77586 1 0.000668002672011 0.849031396126
694 77602 1 0.000668002672011 0.849699398798
695 77924 1 0.000668002672011 0.85036740147
696 78142 1 0.000668002672011 0.851035404142
697 79439 1 0.000668002672011 0.851703406814
698 79772 1 0.000668002672011 0.852371409486
699 79888 2 0.00133600534402 0.85370741483
700 80656 1 0.000668002672011 0.854375417502
701 80985 1 0.000668002672011 0.855043420174
702 81900 1 0.000668002672011 0.855711422846
703 82586 1 0.000668002672011 0.856379425518
704 82986 1 0.000668002672011 0.85704742819
705 83088 1 0.000668002672011 0.857715430862
706 83613 1 0.000668002672011 0.858383433534
707 83663 1 0.000668002672011 0.859051436206
708 83821 1 0.000668002672011 0.859719438878
709 83827 1 0.000668002672011 0.86038744155
710 84228 1 0.000668002672011 0.861055444222
711 84928 1 0.000668002672011 0.861723446894
712 85292 1 0.000668002672011 0.862391449566
713 85359 1 0.000668002672011 0.863059452238
714 85544 1 0.000668002672011 0.86372745491
715 85589 1 0.000668002672011 0.864395457582
716 85851 1 0.000668002672011 0.865063460254
717 86081 1 0.000668002672011 0.865731462926
718 86666 1 0.000668002672011 0.866399465598
719 86857 1 0.000668002672011 0.86706746827
720 87049 1 0.000668002672011 0.867735470942
721 87490 1 0.000668002672011 0.868403473614
722 87586 1 0.000668002672011 0.869071476286
723 87988 1 0.000668002672011 0.869739478958
724 88188 1 0.000668002672011 0.87040748163
725 88552 1 0.000668002672011 0.871075484302
726 88949 1 0.000668002672011 0.871743486974
727 89117 1 0.000668002672011 0.872411489646
728 89238 1 0.000668002672011 0.873079492318
729 89328 1 0.000668002672011 0.87374749499
730 89666 1 0.000668002672011 0.874415497662
731 90144 1 0.000668002672011 0.875083500334
732 90296 1 0.000668002672011 0.875751503006
733 90314 1 0.000668002672011 0.876419505678
734 90397 1 0.000668002672011 0.87708750835
735 90492 1 0.000668002672011 0.877755511022
736 90546 1 0.000668002672011 0.878423513694
737 90783 1 0.000668002672011 0.879091516366
738 91338 1 0.000668002672011 0.879759519038
739 92000 1 0.000668002672011 0.88042752171
740 92044 1 0.000668002672011 0.881095524382
741 92239 1 0.000668002672011 0.881763527054
742 92405 1 0.000668002672011 0.882431529726
743 92435 1 0.000668002672011 0.883099532398
744 92930 1 0.000668002672011 0.88376753507
745 93204 1 0.000668002672011 0.884435537742
746 94275 1 0.000668002672011 0.885103540414
747 94517 1 0.000668002672011 0.885771543086
748 95266 1 0.000668002672011 0.886439545758
749 95591 1 0.000668002672011 0.88710754843
750 95673 1 0.000668002672011 0.887775551102
751 95860 1 0.000668002672011 0.888443553774
752 95865 1 0.000668002672011 0.889111556446
753 96071 1 0.000668002672011 0.889779559118
754 96187 1 0.000668002672011 0.89044756179
755 96374 1 0.000668002672011 0.891115564462
756 97410 1 0.000668002672011 0.891783567134
757 97753 1 0.000668002672011 0.892451569806
758 98165 1 0.000668002672011 0.893119572478
759 100613 1 0.000668002672011 0.89378757515
760 101280 1 0.000668002672011 0.894455577822
761 101474 1 0.000668002672011 0.895123580494
762 101589 1 0.000668002672011 0.895791583166
763 102258 1 0.000668002672011 0.896459585838
764 102504 1 0.000668002672011 0.89712758851
765 102650 1 0.000668002672011 0.897795591182
766 103082 1 0.000668002672011 0.898463593854
767 103416 1 0.000668002672011 0.899131596526
768 104285 1 0.000668002672011 0.899799599198
769 105059 1 0.000668002672011 0.90046760187
770 105320 1 0.000668002672011 0.901135604542
771 105385 1 0.000668002672011 0.901803607214
772 105512 1 0.000668002672011 0.902471609886
773 105823 1 0.000668002672011 0.903139612558
774 105993 1 0.000668002672011 0.90380761523
775 106182 1 0.000668002672011 0.904475617902
776 106253 1 0.000668002672011 0.905143620575
777 106335 1 0.000668002672011 0.905811623247
778 106418 1 0.000668002672011 0.906479625919
779 107455 1 0.000668002672011 0.907147628591
780 107628 1 0.000668002672011 0.907815631263
781 108028 1 0.000668002672011 0.908483633935
782 108559 1 0.000668002672011 0.909151636607
783 108762 2 0.00133600534402 0.910487641951
784 109503 1 0.000668002672011 0.911155644623
785 110059 1 0.000668002672011 0.911823647295
786 110253 1 0.000668002672011 0.912491649967
787 110359 1 0.000668002672011 0.913159652639
788 110614 1 0.000668002672011 0.913827655311
789 110630 1 0.000668002672011 0.914495657983
790 110959 1 0.000668002672011 0.915163660655
791 112343 1 0.000668002672011 0.915831663327
792 112515 1 0.000668002672011 0.916499665999
793 113247 1 0.000668002672011 0.917167668671
794 113423 1 0.000668002672011 0.917835671343
795 113569 1 0.000668002672011 0.918503674015
796 114273 1 0.000668002672011 0.919171676687
797 114338 1 0.000668002672011 0.919839679359
798 115531 1 0.000668002672011 0.920507682031
799 115857 1 0.000668002672011 0.921175684703
800 116649 1 0.000668002672011 0.921843687375
801 116838 1 0.000668002672011 0.922511690047
802 117586 1 0.000668002672011 0.923179692719
803 118091 1 0.000668002672011 0.923847695391
804 119006 1 0.000668002672011 0.924515698063
805 119836 1 0.000668002672011 0.925183700735
806 120212 1 0.000668002672011 0.925851703407
807 120288 1 0.000668002672011 0.926519706079
808 121259 1 0.000668002672011 0.927187708751
809 121793 1 0.000668002672011 0.927855711423
810 121871 1 0.000668002672011 0.928523714095
811 122777 1 0.000668002672011 0.929191716767
812 123872 1 0.000668002672011 0.929859719439
813 124919 1 0.000668002672011 0.930527722111
814 125200 1 0.000668002672011 0.931195724783
815 125701 1 0.000668002672011 0.931863727455
816 127133 1 0.000668002672011 0.932531730127
817 127490 1 0.000668002672011 0.933199732799
818 128637 1 0.000668002672011 0.933867735471
819 129037 1 0.000668002672011 0.934535738143
820 129142 1 0.000668002672011 0.935203740815
821 131065 1 0.000668002672011 0.935871743487
822 131827 1 0.000668002672011 0.936539746159
823 131914 1 0.000668002672011 0.937207748831
824 132358 1 0.000668002672011 0.937875751503
825 132588 1 0.000668002672011 0.938543754175
826 132705 1 0.000668002672011 0.939211756847
827 132915 1 0.000668002672011 0.939879759519
828 133723 1 0.000668002672011 0.940547762191
829 134198 1 0.000668002672011 0.941215764863
830 134563 1 0.000668002672011 0.941883767535
831 135257 1 0.000668002672011 0.942551770207
832 137696 1 0.000668002672011 0.943219772879
833 138001 1 0.000668002672011 0.943887775551
834 139987 1 0.000668002672011 0.944555778223
835 140198 1 0.000668002672011 0.945223780895
836 142699 1 0.000668002672011 0.945891783567
837 143086 1 0.000668002672011 0.946559786239
838 143170 1 0.000668002672011 0.947227788911
839 144252 1 0.000668002672011 0.947895791583
840 144832 1 0.000668002672011 0.948563794255
841 145035 1 0.000668002672011 0.949231796927
842 145187 1 0.000668002672011 0.949899799599
843 145730 1 0.000668002672011 0.950567802271
844 146649 1 0.000668002672011 0.951235804943
845 146775 1 0.000668002672011 0.951903807615
846 148016 1 0.000668002672011 0.952571810287
847 148361 1 0.000668002672011 0.953239812959
848 149373 1 0.000668002672011 0.953907815631
849 151567 1 0.000668002672011 0.954575818303
850 151772 1 0.000668002672011 0.955243820975
851 152406 1 0.000668002672011 0.955911823647
852 153103 1 0.000668002672011 0.956579826319
853 153336 1 0.000668002672011 0.957247828991
854 154496 1 0.000668002672011 0.957915831663
855 155836 1 0.000668002672011 0.958583834335
856 156315 1 0.000668002672011 0.959251837007
857 157739 1 0.000668002672011 0.959919839679
858 159794 1 0.000668002672011 0.960587842351
859 159828 1 0.000668002672011 0.961255845023
860 160411 1 0.000668002672011 0.961923847695
861 160777 1 0.000668002672011 0.962591850367
862 160838 1 0.000668002672011 0.963259853039
863 161085 1 0.000668002672011 0.963927855711
864 171385 1 0.000668002672011 0.964595858383
865 172167 1 0.000668002672011 0.965263861055
866 172752 1 0.000668002672011 0.965931863727
867 175435 1 0.000668002672011 0.966599866399
868 179605 1 0.000668002672011 0.967267869071
869 180638 1 0.000668002672011 0.967935871744
870 183588 1 0.000668002672011 0.968603874416
871 185512 1 0.000668002672011 0.969271877088
872 193636 1 0.000668002672011 0.96993987976
873 195090 1 0.000668002672011 0.970607882432
874 195836 1 0.000668002672011 0.971275885104
875 199334 1 0.000668002672011 0.971943887776
876 200091 1 0.000668002672011 0.972611890448
877 200765 1 0.000668002672011 0.97327989312
878 201841 1 0.000668002672011 0.973947895792
879 206586 1 0.000668002672011 0.974615898464
880 207079 1 0.000668002672011 0.975283901136
881 209586 1 0.000668002672011 0.975951903808
882 209954 1 0.000668002672011 0.97661990648
883 210900 1 0.000668002672011 0.977287909152
884 215761 1 0.000668002672011 0.977955911824
885 216055 1 0.000668002672011 0.978623914496
886 223967 1 0.000668002672011 0.979291917168
887 226048 1 0.000668002672011 0.97995991984
888 226573 1 0.000668002672011 0.980627922512
889 227891 1 0.000668002672011 0.981295925184
890 229013 1 0.000668002672011 0.981963927856
891 230112 1 0.000668002672011 0.982631930528
892 230743 1 0.000668002672011 0.9832999332
893 235835 1 0.000668002672011 0.983967935872
894 242847 1 0.000668002672011 0.984635938544
895 252915 1 0.000668002672011 0.985303941216
896 254361 1 0.000668002672011 0.985971943888
897 266761 1 0.000668002672011 0.98663994656
898 267628 1 0.000668002672011 0.987307949232
899 274789 1 0.000668002672011 0.987975951904
900 279396 1 0.000668002672011 0.988643954576
901 280760 1 0.000668002672011 0.989311957248
902 295783 1 0.000668002672011 0.98997995992
903 298123 1 0.000668002672011 0.990647962592
904 303736 1 0.000668002672011 0.991315965264
905 313003 1 0.000668002672011 0.991983967936
906 324383 1 0.000668002672011 0.992651970608
907 339763 1 0.000668002672011 0.99331997328
908 353643 1 0.000668002672011 0.993987975952
909 381986 1 0.000668002672011 0.994655978624
910 383334 1 0.000668002672011 0.995323981296
911 388133 1 0.000668002672011 0.995991983968
912 390232 1 0.000668002672011 0.99665998664
913 423727 1 0.000668002672011 0.997327989312
914 430972 1 0.000668002672011 0.997995991984
915 464467 1 0.000668002672011 0.998663994656
916 475212 1 0.000668002672011 0.999331997328
917 533707 1 0.000668002672011 1.0
