6635.071090047393	0.01020408163265306
7531.380753138075	0.02040816326530612
8181.818181818182	0.030612244897959183
72988.50574712643	0.04081632653061224
76967.93002915452	0.05102040816326531
84337.34939759035	0.061224489795918366
84705.88235294117	0.07142857142857142
86263.73626373627	0.08163265306122448
86956.52173913043	0.10204081632653061
91582.49158249158	0.11224489795918367
118705.03597122303	0.12244897959183673
120454.54545454546	0.1326530612244898
122222.22222222222	0.14285714285714285
127536.23188405797	0.15306122448979592
127814.56953642383	0.16326530612244897
145821.325648415	0.17346938775510204
158974.35897435897	0.1836734693877551
160119.04761904763	0.19387755102040816
163323.78223495703	0.20408163265306123
168823.5294117647	0.21428571428571427
177287.06624605678	0.22448979591836735
207457.62711864407	0.23469387755102042
208053.69127516777	0.24489795918367346
211525.42372881356	0.25510204081632654
211643.83561643836	0.2653061224489796
218367.3469387755	0.2755102040816326
218892.50814332248	0.2857142857142857
221088.43537414967	0.29591836734693877
223003.1948881789	0.30612244897959184
268633.5403726708	0.3163265306122449
273734.17721518985	0.32653061224489793
274074.0740740741	0.336734693877551
275873.01587301586	0.3469387755102041
277531.64556962025	0.35714285714285715
280165.28925619833	0.3673469387755102
280816.32653061225	0.37755102040816324
281717.4515235457	0.3877551020408163
288194.44444444444	0.3979591836734694
288607.59493670886	0.41836734693877553
289041.09589041094	0.42857142857142855
289361.7021276596	0.4387755102040816
290000.0	0.4489795918367347
296979.8657718121	0.45918367346938777
301086.95652173914	0.46938775510204084
301759.5307917888	0.47959183673469385
302849.00284900283	0.4897959183673469
304577.4647887324	0.5
308480.5653710247	0.5102040816326531
311184.2105263158	0.5204081632653061
315894.03973509936	0.5306122448979592
315960.9120521173	0.5408163265306123
317763.15789473685	0.5510204081632653
327513.2275132275	0.5612244897959183
341279.06976744183	0.5714285714285714
346666.6666666667	0.5816326530612245
349411.76470588235	0.5918367346938775
363063.0630630631	0.6020408163265306
372085.88957055216	0.6122448979591837
373148.14814814815	0.6224489795918368
378086.4197530864	0.6326530612244898
394642.85714285716	0.6428571428571429
396261.68224299065	0.6530612244897959
402790.6976744186	0.6632653061224489
403418.80341880344	0.673469387755102
405084.74576271186	0.6836734693877551
408490.56603773584	0.6938775510204082
425135.13513513515	0.7040816326530612
431215.46961325966	0.7142857142857143
434059.9455040872	0.7244897959183674
435792.34972677595	0.7346938775510204
439436.61971830984	0.7448979591836735
443601.8957345972	0.7551020408163265
463333.3333333333	0.7653061224489796
465822.7848101266	0.7755102040816326
468421.05263157893	0.7857142857142857
477876.1061946903	0.7959183673469388
492079.2079207921	0.8061224489795918
502702.7027027027	0.8163265306122449
517695.4732510288	0.826530612244898
518222.22222222225	0.8367346938775511
522627.73722627736	0.8469387755102041
529498.5250737463	0.8571428571428571
538109.756097561	0.8673469387755102
538957.0552147239	0.8775510204081632
539230.7692307692	0.8877551020408163
545882.3529411765	0.8979591836734694
554220.7792207792	0.9081632653061225
564658.6345381526	0.9183673469387755
577033.4928229665	0.9285714285714286
586666.6666666666	0.9387755102040817
588888.8888888889	0.9489795918367347
589716.3120567376	0.9591836734693877
593840.5797101449	0.9693877551020408
605190.3114186851	0.9795918367346939
625000.0	1.0