1.7925450066659594
1.6841181279454318
0.025425064385559117
1.7634335451736514
1.5240892858901562
1.774705087813823
1.8478055911870201
1.787404086873324
1.8071458620963925
1.8572440876714529
-0.03622403830817645
1.711387426369087
1.5221589598058505
1.7106011135512909
1.8758314596040673
1.8358709518641971
1.7197367343212264
1.5999421146725012
1.605930308918324
1.7038458415672033
1.8971348680181281
1.8799628849940397
1.825471476395033
1.8827422723329656
1.6454343504985072
1.3913144779139335
1.3252015465271476
1.8192473391044202
1.7007962061014001
1.4967234623782792
1.8722893953218642
1.7564717343357756
1.6037768065321196
1.7955701082551923
1.4670108983956565
1.8864414192610657
1.8591094073885648
0.001699419351880923
1.5708313461485428
1.5049228992880574
0.005789388395636558
1.663452495194525
1.4415554017729355
1.7282988578536893
-0.022460643894292965
1.54253447335891
1.879490639436651
1.4571804743980987
0.024112860667779193
1.2808469109520912
1.692948077048826
1.8090864033093101
1.6583205807685915
1.7358823738730282
-0.030455829479282208
1.581573486699873
1.8537011364616398
1.5368650459115998
0.01357758715592285
-0.017663253336450264
1.746655428106305
1.4756834935183325
1.7814026571437072
1.77972603387605
1.4292942193925775
1.9213767303324574
1.5032617505949153
1.6218491046050934
1.7540868687196023
0.0
1.8737362464165792
1.6997767290305186
0.024000563910097597
1.702799513433449
1.8449706598644018
0.004813695679112542
1.8624134858073478
1.5893829851917924
1.543879000415248
1.784892615553219
0.0
1.8061389370340069
0.011344847557873853
1.6538750863301626
0.02582629599096622
1.5535313058568752
1.7541311659157286
0.034661231158406386
1.8078502175996776
1.704237686121112
0.014994847875761379
1.8094472080111608
0.012308945442795349
0.009881067097630937
1.4592450456984682
1.7631308360889437
0.0054531003078523215
1.8197481898034429
1.734371681820551
1.835789649683415
1.7254492121673464
1.7160614660299545
1.822264784169536
