0.0 0.0344827586207
0.0287567567568 0.051724137931
0.0322530864198 0.0689655172414
0.0612068965517 0.0862068965517
0.0689263803681 0.103448275862
0.0741807511737 0.120689655172
0.0779085872576 0.137931034483
0.0835257352941 0.155172413793
0.0875495495495 0.172413793103
0.0885315614618 0.189655172414
0.0912939189189 0.206896551724
0.097472826087 0.224137931034
0.0984652777778 0.241379310345
0.0986451612903 0.258620689655
0.101470588235 0.275862068966
0.102882488479 0.293103448276
0.106954954955 0.310344827586
0.1121 0.327586206897
0.12237527115 0.344827586207
0.125314984709 0.362068965517
0.136289002558 0.379310344828
0.137861538462 0.396551724138
0.1422175 0.413793103448
0.145857594937 0.431034482759
0.145936363636 0.448275862069
0.147753521127 0.465517241379
0.151879411765 0.48275862069
0.153836363636 0.5
0.154619909502 0.51724137931
0.154894308943 0.534482758621
0.1563125 0.551724137931
0.157449152542 0.568965517241
0.157959107807 0.586206896552
0.160290140845 0.603448275862
0.171450704225 0.620689655172
0.172975265018 0.637931034483
0.187045731707 0.655172413793
0.202287878788 0.672413793103
0.202743781095 0.689655172414
0.204404705882 0.706896551724
0.205479638009 0.724137931034
0.211167064439 0.741379310345
0.217829396325 0.758620689655
0.239095317726 0.775862068966
0.240833333333 0.793103448276
0.253427518428 0.810344827586
0.27049132948 0.827586206897
0.271068965517 0.844827586207
0.305138888889 0.862068965517
0.446789090909 0.879310344828
0.448167076167 0.896551724138
0.455987012987 0.913793103448
0.758730046948 0.931034482759
0.852034700315 0.948275862069
0.929131707317 0.965517241379
1.24025791855 0.98275862069
2.72851359517 1.0