0.0 0.0172413793103
0.00826746166951 0.0344827586207
0.0988357487923 0.051724137931
0.101810810811 0.0689655172414
0.103736842105 0.0862068965517
0.109697916667 0.103448275862
0.120874730022 0.120689655172
0.127147465438 0.137931034483
0.129862068966 0.155172413793
0.131777027027 0.172413793103
0.134619747899 0.189655172414
0.139882978723 0.206896551724
0.143435714286 0.224137931034
0.149993006993 0.241379310345
0.154728900256 0.258620689655
0.162011686144 0.275862068966
0.166861176471 0.293103448276
0.168426701571 0.310344827586
0.172503676471 0.327586206897
0.176515432099 0.344827586207
0.187817843866 0.362068965517
0.190811594203 0.379310344828
0.192657276995 0.396551724138
0.1976 0.413793103448
0.207822404372 0.431034482759
0.21 0.448275862069
0.212186732187 0.465517241379
0.216021479714 0.48275862069
0.224112334802 0.5
0.225087613293 0.51724137931
0.225540659341 0.534482758621
0.229402714932 0.551724137931
0.233463963964 0.568965517241
0.23450764526 0.586206896552
0.234649885584 0.603448275862
0.249279279279 0.620689655172
0.260272965879 0.637931034483
0.262832923833 0.655172413793
0.2631 0.672413793103
0.269324712644 0.689655172414
0.27931981982 0.706896551724
0.289631578947 0.724137931034
0.291588859416 0.741379310345
0.312882506527 0.758620689655
0.335061349693 0.775862068966
0.340905775076 0.793103448276
0.348821596244 0.810344827586
0.354347826087 0.827586206897
0.36048 0.844827586207
0.375424778761 0.862068965517
0.400692090395 0.879310344828
0.402903100775 0.896551724138
0.41875175644 0.913793103448
0.427585294118 0.931034482759
0.444634146341 0.948275862069
0.449457317073 0.965517241379
0.569510971787 0.98275862069
1.24893857494 1.0