1.57631113730112
0.29577386301102676
0.5867391304347828
1.7844250368639147
1.044165757906216
0.7872724215418011
-0.21715817694369985
0.8916468482144625
0.6571072319201995
1.1262318160488032
1.8072455171784463
1.2302028814328352
-0.0318070604683677
0.7796058179577623
0.43617707666453254
1.521626521626522
0.49899223101729706
0.9395052295396202
0.0
1.613181721237477
0.9041821069348862
-0.1663925438596491
1.6708352680183662
-0.19788828337874662
1.4360872221438978
0.0
0.0
-0.06276150627615071
0.0
-0.12276131553239976
2.5226872612522837
1.473038115044158
0.4291844376653605
1.5695169327681517
-0.004098360655737701
1.3199999999999998
-0.004130679684566353
2.0179436754657996
-0.18797776233495486
1.4158702765019975
1.3111900532859684
1.0773006000613201
0.9237924996351963
1.1139620194990645
0.8575129533678756
1.453354152666324
1.6053515196854504
1.4450261780104712
-0.01602959309494456
1.112582044721326
0.1146875845279958
1.8184948011508746
1.5033806369271911
1.7780517527133288
0.9457321514464372
1.6115816243204777
1.5127044525076483
-0.14495736548074092
2.1170878598074303
1.3047619047619046
1.9807764441110278
0.8709208451703297
0.9904970160812718
0.28752170168555435
0.9167535989985396
0.99885877318117
1.5449159389066287
1.848050644417287
0.268446892743658
1.0979571764776723
2.2694050041046507
1.6373693142533887
0.4520414716946508
0.28449524644243995
1.4595975913676187
1.4916645690704409
0.023510971786833833
0.5385932959521956
1.5246555458166962
-0.14774722059684028
1.2697890344949168
1.6124117945105598
1.1012052463665365
0.0
2.351068312757202
-0.03849443969204448
0.03246753246753244
0.6117000392618768
0.28575860999069186
1.508869763765698
1.0347826086956524
0.6372345679012344
1.5520708283313325
1.4927755611641345
1.4863945578231292
1.4869423343821846
1.326943500296348
1.3879231489376929
1.0650858178408749
0.6828644501278771
2.502277934321755
-0.10667823070251518
2.040459192294694
