2.315889268107698
0.2832239950884019
0.6069556695027203
1.5202570797396202
0.704478290520573
0.8236879150532478
-0.43344974776872336
0.15052674499936264
0.66125
1.8514789175582127
1.779070607790706
0.46466547969363936
0.45026178010471196
0.6949387548053731
0.41013760386587295
1.6492517006802725
1.011037364798427
0.5389552364825247
0.0
1.2989623681755207
0.9380387931034484
-0.3729896907216495
1.1626803319779422
-0.22379696769940663
0.5430145401661817
0.0
0.03722397476340692
0.041860465116279014
0.0
0.009745127436281815
2.535782752929802
1.58107083270135
0.5472498438700812
1.5596253958638027
0.13977485928705435
2.0506245890861274
0.3620955315870571
1.4259147793484317
-0.2787037037037037
0.86682563319488
1.563435776201734
1.9710486750610792
1.5979538885969524
1.1716886007435952
0.8720626631853785
0.8748654741540449
1.3599539207544138
0.6250805516174763
0.013977128335450995
1.5553387606808857
-0.0904877510483337
1.9681625061541546
1.4983320444585968
1.7608027249282858
1.4448657908187932
1.2557398588940858
1.371687789018847
-0.45897674418604645
2.7225933716126214
1.2927994727302683
2.0564423076923077
0.7312796516539936
0.6431958782271862
0.3465076880186999
0.27952646239554313
0.18364588612941396
1.5494604316546763
3.1636954821428107
0.2635720007653963
0.3906595773343157
3.790868789318538
1.5306380925575973
0.44093599198761724
0.4837521267770013
2.340468773255187
1.0122484960707356
0.023510971786833833
0.37492902240651743
1.587510040733294
-0.38776796973518285
0.8464775776917651
1.6310589889912939
0.35053542948279787
0.0
2.4000287264176157
0.031192660550458717
0.03246753246753244
0.8656685674494384
0.35348031719346573
1.7805439301455763
1.229228897001881
0.6522335676644292
1.8974346961288322
2.253761065388864
2.497607655502392
1.0410132899753504
1.0563143014424903
0.8651807276614276
1.4232223421855308
1.386219401631913
3.727679920371128
0.09110169491525417
2.0006208905088623
