0.0	0.05825242718446602
8602.150537634408	0.06796116504854369
14070.35175879397	0.07766990291262135
22745.098039215685	0.08737864077669903
27118.64406779661	0.0970873786407767
46078.43137254902	0.10679611650485436
56000.0	0.11650485436893204
72779.36962750716	0.1262135922330097
78571.42857142857	0.13592233009708737
80168.77637130802	0.14563106796116504
82352.94117647059	0.1553398058252427
83739.83739837399	0.1650485436893204
88023.95209580839	0.17475728155339806
88685.01529051988	0.18446601941747573
89337.1757925072	0.1941747572815534
89693.59331476323	0.20388349514563106
94350.28248587571	0.21359223300970873
95721.92513368985	0.22330097087378642
95734.5971563981	0.23300970873786409
96495.95687331536	0.24271844660194175
97191.01123595505	0.2524271844660194
99315.06849315068	0.2621359223300971
107172.99578059072	0.27184466019417475
110659.89847715736	0.2815533980582524
116587.67772511848	0.2912621359223301
117241.37931034483	0.30097087378640774
125174.82517482518	0.3106796116504854
131165.31165311654	0.32038834951456313
133807.82918149466	0.3300970873786408
138693.46733668342	0.33980582524271846
145562.1301775148	0.34951456310679613
148953.9748953975	0.3592233009708738
153594.77124183008	0.36893203883495146
159851.30111524163	0.3786407766990291
165325.0773993808	0.3883495145631068
172492.83667621776	0.39805825242718446
175630.25210084033	0.4077669902912621
179136.69064748203	0.4174757281553398
185041.5512465374	0.42718446601941745
189814.8148148148	0.4368932038834951
191666.66666666666	0.44660194174757284
193464.0522875817	0.4563106796116505
195104.8951048951	0.46601941747572817
195604.3956043956	0.47572815533980584
201980.198019802	0.4854368932038835
204705.88235294117	0.49514563106796117
211023.6220472441	0.5048543689320388
211475.40983606558	0.5145631067961165
221890.5472636816	0.5242718446601942
230638.29787234042	0.5339805825242718
232844.57478005864	0.5436893203883495
233866.66666666666	0.5533980582524272
234153.00546448087	0.5631067961165048
237716.26297577855	0.5728155339805825
241968.91191709845	0.5825242718446602
250183.1501831502	0.5922330097087378
267399.2673992674	0.6019417475728155
268421.05263157893	0.6116504854368932
273140.4958677686	0.6213592233009708
279104.4776119403	0.6310679611650486
285211.2676056338	0.6407766990291263
289367.816091954	0.6504854368932039
289516.12903225806	0.6601941747572816
293181.8181818182	0.6699029126213593
297183.0985915493	0.6796116504854369
298148.14814814815	0.6893203883495146
300448.43049327354	0.6990291262135923
302593.6599423631	0.7087378640776699
310778.44311377243	0.7184466019417476
312663.7554585153	0.7281553398058253
318518.51851851854	0.7378640776699029
319130.4347826087	0.7475728155339806
321584.6994535519	0.7572815533980582
325510.20408163266	0.7669902912621359
330188.679245283	0.7766990291262136
347488.58447488584	0.7864077669902912
358021.39037433156	0.7961165048543689
359002.7700831025	0.8058252427184466
363076.92307692306	0.8155339805825242
374725.2747252747	0.8252427184466019
384710.7438016529	0.8349514563106796
390544.41260744986	0.8446601941747572
395622.8956228956	0.8543689320388349
395867.7685950413	0.8640776699029126
401739.1304347826	0.8737864077669902
408724.8322147651	0.883495145631068
411981.5668202765	0.8932038834951457
415811.9658119658	0.9029126213592233
420420.4204204204	0.912621359223301
438339.9209486166	0.9223300970873787
443154.7619047619	0.9320388349514563
447647.0588235294	0.941747572815534
453731.3432835821	0.9514563106796117
453915.6626506024	0.9611650485436893
454123.7113402062	0.970873786407767
454152.8239202658	0.9805825242718447
462025.3164556962	0.9902912621359223
486969.69696969696	1.0