3183.023872679045	0.009708737864077669
19889.50276243094	0.019417475728155338
22153.846153846152	0.02912621359223301
22641.509433962263	0.038834951456310676
24080.267558528427	0.04854368932038835
25806.451612903227	0.05825242718446602
28346.456692913387	0.06796116504854369
44221.10552763819	0.07766990291262135
63728.813559322036	0.08737864077669903
64313.72549019608	0.0970873786407767
65686.27450980392	0.10679611650485436
109480.12232415902	0.11650485436893204
142222.22222222222	0.1262135922330097
144827.58620689655	0.13592233009708737
157342.65734265733	0.14563106796116504
175355.45023696683	0.1553398058252427
197740.1129943503	0.1650485436893204
214555.25606469004	0.17475728155339806
219841.26984126985	0.18446601941747573
221348.31460674157	0.1941747572815534
225342.46575342465	0.20388349514563106
232520.32520325202	0.21359223300970873
232664.7564469914	0.22330097087378642
237433.1550802139	0.23300970873786409
241916.16766467065	0.24271844660194175
252071.00591715975	0.2524271844660194
269444.44444444444	0.2621359223300971
282700.42194092827	0.27184466019417475
291922.00557103066	0.2815533980582524
294919.7860962567	0.2912621359223301
295424.8366013072	0.30097087378640774
299526.0663507109	0.3106796116504854
303367.00336700334	0.32038834951456313
308860.7594936709	0.3300970873786408
309302.32558139536	0.33980582524271846
311748.6338797814	0.34951456310679613
315241.63568773237	0.3592233009708738
326510.067114094	0.36893203883495146
326801.1527377522	0.3786407766990291
327004.2194092827	0.3883495145631068
334841.628959276	0.39805825242718446
338933.3333333333	0.4077669902912621
345879.1208791209	0.4174757281553398
354123.7113402062	0.42718446601941745
357360.40609137056	0.4368932038834951
359259.25925925927	0.44660194174757284
360941.8282548477	0.4563106796116505
363133.6405529954	0.46601941747572817
369230.76923076925	0.47572815533980584
384210.5263157895	0.4854368932038835
397183.0985915493	0.49514563106796117
405928.85375494073	0.5048543689320388
407920.7920792079	0.5145631067961165
412437.8109452736	0.5242718446601942
413732.3943661972	0.5339805825242718
416521.73913043475	0.5436893203883495
417647.0588235294	0.5533980582524272
419692.3076923077	0.5631067961165048
434645.6692913386	0.5728155339805825
435531.13553113554	0.5825242718446602
438484.8484848485	0.5922330097087378
438823.5294117647	0.6019417475728155
439144.7368421053	0.6116504854368932
445454.54545454547	0.6213592233009708
447435.89743589744	0.6310679611650486
447902.0979020979	0.6407766990291263
449771.6894977169	0.6504854368932039
452651.51515151514	0.6601941747572816
453267.97385620914	0.6699029126213593
466192.17081850534	0.6796116504854369
478278.68852459016	0.6893203883495146
490287.76978417265	0.6990291262135923
494628.0991735537	0.7087378640776699
532142.8571428572	0.7184466019417476
534699.4535519126	0.7281553398058253
551506.0240963856	0.7378640776699029
558467.7419354839	0.7475728155339806
575621.8905472637	0.7572815533980582
579403.7940379403	0.7669902912621359
579464.2857142857	0.7766990291262136
596694.214876033	0.7864077669902912
599633.6996336996	0.7961165048543689
600436.6812227074	0.8058252427184466
603015.0753768844	0.8155339805825242
603396.2264150943	0.8252427184466019
609205.0209205021	0.8349514563106796
610638.2978723404	0.8446601941747572
611917.0984455958	0.8543689320388349
613473.0538922156	0.8640776699029126
617451.5235457064	0.8737864077669902
623275.8620689656	0.883495145631068
632644.6280991735	0.8932038834951457
634670.4871060172	0.9029126213592233
635802.4691358025	0.912621359223301
639495.7983193278	0.9223300970873787
641704.0358744395	0.9320388349514563
651951.951951952	0.941747572815534
670833.3333333334	0.9514563106796117
676865.671641791	0.9611650485436893
682173.9130434783	0.970873786407767
693982.8080229226	0.9805825242718447
695100.8645533142	0.9902912621359223
696539.7923875432	1.0