49 	 60023  ->  62289
88 	 62289  ->  60023
118 	 60023  ->  62289
157 	 62289  ->  60005
273 	 60005  ->  62289
279 	 62289  ->  60005
294 	 60005  ->  62289
648 	 62289  ->  60004
669 	 60004  ->  62289
672 	 62289  ->  60004
678 	 60004  ->  62289
684 	 62289  ->  60004
786 	 60004  ->  68212
789 	 68212  ->  62289
792 	 62289  ->  68212
819 	 68212  ->  60004
828 	 60004  ->  68212
900 	 68212  ->  60022
906 	 60022  ->  62289
912 	 62289  ->  68212
987 	 68212  ->  62289
996 	 62289  ->  68212
1017 	 68212  ->  62289
1038 	 62289  ->  60005
1041 	 60005  ->  62289
1272 	 62289  ->  68212


unique ENodeBs: [60004 60005 60022 60023 62289 68212]

