2.784 0.0172413793103
3.223 0.0344827586207
3.309 0.051724137931
3.99 0.0689655172414
4.085 0.0862068965517
4.1 0.103448275862
4.366 0.120689655172
4.425 0.137931034483
4.475 0.155172413793
4.656 0.172413793103
4.8 0.189655172414
4.869 0.206896551724
4.884 0.224137931034
4.892 0.241379310345
5.005 0.258620689655
5.036 0.275862068966
5.128 0.293103448276
5.242 0.310344827586
5.25 0.327586206897
5.255 0.344827586207
5.341 0.362068965517
5.342 0.379310344828
5.362 0.396551724138
5.44 0.413793103448
5.448 0.431034482759
5.454 0.448275862069
5.463 0.465517241379
5.478 0.48275862069
5.56 0.5
5.561 0.51724137931
5.571 0.534482758621
5.596 0.551724137931
5.636 0.568965517241
5.672 0.586206896552
5.766 0.603448275862
5.769 0.620689655172
5.798 0.637931034483
5.799 0.655172413793
5.819 0.672413793103
5.82 0.689655172414
5.852 0.706896551724
5.857 0.724137931034
5.915 0.741379310345
5.971 0.758620689655
6.011 0.775862068966
6.027 0.793103448276
6.037 0.810344827586
6.087 0.827586206897
6.141 0.844827586207
6.241 0.862068965517
6.256 0.879310344828
6.329 0.896551724138
6.454 0.913793103448
6.757 0.931034482759
7.018 0.948275862069
7.437 0.965517241379
7.564 0.98275862069
7.915 1.0