0.335061349693
0.36048
0.176515432099
0.225540659341
0.23450764526
0.1976
0.162011686144
0.41875175644
0.225087613293
0.192657276995
0.143435714286
0.569510971787
0.0
0.402903100775
0.224112334802
1.24893857494
0.166861176471
0.127147465438
0.234649885584
0.400692090395
0.427585294118
0.131777027027
0.120874730022
0.249279279279
0.229402714932
0.375424778761
0.149993006993
0.103736842105
0.00826746166951
0.190811594203
0.212186732187
0.139882978723
0.444634146341
0.233463963964
0.289631578947
0.27931981982
0.109697916667
0.129862068966
0.260272965879
0.187817843866
0.2631
0.354347826087
0.134619747899
0.101810810811
0.168426701571
0.0988357487923
0.449457317073
0.340905775076
0.348821596244
0.291588859416
0.207822404372
0.262832923833
0.269324712644
0.154728900256
0.21
0.172503676471
0.312882506527
0.216021479714