# 100 500 1000 2000 4000 8000
0 1481.8888913904887 1487.3962229564154 1493.9887345371262 1501.5682324913403 1488.0845824234293 1448.3209757469506
1 1179.7304286875146 1250.785519087392 1353.777731141781 1528.440389074196 1528.38608864091 1515.5196559332348
2 1488.0566029017807 1603.9171337654036 1851.0445346857543 1948.4162052454878 2065.6812824429667 2140.7113420978776
3 1591.2461371693241 1722.1433016808523 1876.6782949609321 1829.1702853421334 2200.0197735573456 2353.0664409284645
4 1642.6805061538296 1766.688343872036 2021.867548172053 2326.626957030777 2395.5679006762107 2432.7189085420664
5 2195.4505878347545 2468.903036318637 2594.0233656209507 2594.666818367736 2623.0202019649296 2612.4641329711717
6 2042.8710268665072 2268.357102828376 2375.774904200301 2379.3556466571176 2330.9608946819185 2120.1215606198593
7 2370.214326454256 2463.7824343153047 2455.630055749392 2451.2739145437386 2612.4478620132604 2429.2867692226455
8 2484.439704585493 2606.8804528633027 2608.6135602241425 2610.083398326465 2289.830751844881 2954.519232677314
9 2287.596613452855 2284.9821375352 2290.979488955958 2295.3567286679704 2074.3655967632812 2221.3585281480423
10 2077.2918772785006 2075.0926723777866 2072.4249508844514 2075.5773302849384 2358.3372385104944 1893.3377930121492
11 2356.815362133001 2353.3865929804606 2345.8587577884164 2343.6960194124053 2344.6038835274326 2162.6188833462293
12 2343.8165034823373 2344.081088082962 2343.8564493032522 2347.620073641138 2699.9042215006475 2361.3915483078367
13 2686.7917954141535 2685.768180786017 2683.6606179099263 2686.830518728279 2467.913078650103 1707.7636669528797
14 2685.1586836787037 2685.0589897976165 2684.2376565349505 2686.1981759350997 1930.1679158082543 1426.1734487287813
15 2047.5110178133157 2048.057873550212 2058.1387816632846 2062.2419756978015 1892.5087474206878 2008.9086806896048
16 1952.2299115788414 1953.099386699891 1962.0356012536636 1966.6499283261153 2143.168526666164 2022.1209736541052
17 2017.3046018099894 2019.4806726060415 2015.0518976103942 2011.8711355384858 2755.3324474900332 2735.5070289332584
18 2454.280876122826 2455.704813937249 2443.4637125880704 2437.2705541470127 2472.81542396602 1863.5791010703363
19 2803.150574516787 2806.9566824917883 2808.891829205871 2808.5561125662593 1958.363632315347 1844.3152424026937
20 2364.5850713500668 2368.998156854187 2376.347610164895 2380.321070234392 1072.0883551419067 1850.7362191970792
21 1765.1727780904039 1769.4686124640727 1781.8998081465827 1789.7847899173837 2010.7037080899279 1199.1833199954426
22 1124.6679911910605 1125.2009393675278 1121.4918188203167 1119.4983442433586 1951.8924203695587 649.3066845591467
23 2055.945660068508 2059.4661036258885 2056.3074953972655 2049.936100259672 2119.854226570471 2022.594854415077
24 1967.3943326721958 1968.6205528010632 1961.5121570707415 1958.7440679296799 2431.1678917022095 2113.3098332676877
25 2087.8769054151776 2091.4315203703177 2100.2878895308036 2105.8125460364636 2077.9360776002036 2027.1274185514062
26 2575.7177358505196 2575.9945563763126 2551.901137049708 2537.239003854232 1865.7683283263923 1990.3078420468903
27 2185.6192994368153 2191.036529225681 2214.3394481915316 2227.5080673152565 1992.4425914652481 1873.885175213841
28 1865.1166596688383 1867.6948826858143 1865.235676477795 1862.8627716909646 1792.1561380837097 2065.8308345437968
29 1950.2511435257645 1949.017807616184 1946.1999591758065 1940.4265948931013 1833.5652322503202 1963.142129661624
30 1820.867668360393 1821.361041957387 1825.7709472199244 1828.1896727577334 1379.4114068132333 2113.2363688760865
31 1808.1639057044454 1808.1600083951914 1808.4722338295292 1807.4241135103016 695.6697109255743 2026.26861351693
32 1440.5336927804644 1445.2434854917046 1459.3030426561572 1467.5392422584287 1248.7085055592975 1955.8264541327094
33 762.9630781573605 769.5545025715741 778.8559611532459 783.6970429868081 1970.0643336812184 1855.5363247282223
34 1035.8191757411557 1027.5855074115339 998.8262768234788 989.3965794405215 2010.3726774319355 2024.7681873418594
35 2001.1550278070197 2004.4140299077842 2008.398876969092 2009.3162286916493 2108.8298775197654 1253.8186361692926
36 2006.9060647030678 2009.5097155169144 2006.9286303113681 2009.4327013517345 2143.6789362564555 1438.9160295266856
37 2124.4812605387488 2128.3647296804447 2127.5340220858084 2133.088148915637 2185.5207933983334 2382.4822693369724
38 2081.2926803127098 2082.2566558596372 2073.6990030076436 2067.3132819715006 1821.4840316631157 1881.3748274888915
39 2189.9486491251146 2192.3844353601653 2193.8579187339865 2195.3408526168273 2153.921836966693 1613.2579728872543
40 1225.8808518850797 1239.7083782304455 1241.6052505697915 1240.2980293947164 1237.776381452073 1243.265221610859
41 1260.2871931806958 1256.122879404842 1257.9097212349022 1257.803346153385 1256.5945948861695 1257.2869096495997
42 1598.052961426171 1703.2172345275233 1809.4484695467456 2004.9245796314274 2169.4479034389487 2224.6808206185992
43 1653.0052084835359 1717.4571788531368 1813.4521544395043 1986.292202024019 2139.5862500249086 2311.694850176192
44 1773.6433518334245 1901.7840038906968 2062.8679529449887 2436.662144631073 2284.6653643056957 2223.9088106678346
45 1684.7706655506856 1745.0297949672909 1849.9554427262226 2073.3848085407144 2263.093305010224 2505.067420805021
46 1975.1666499469961 2065.074155460229 2135.4950233850896 2338.014426010753 2595.758855391639 2153.2235729629792
47 1872.3685959630502 2004.5628673943452 2109.4918346714408 2326.120984570827 2214.6974213353274 2010.5334023323624
48 1580.8056315620381 1620.096004550327 1698.6017892490167 1869.703422400378 2014.6961203816452 2743.3314927358138
49 1942.514858013624 1992.6085071739399 2124.561463236794 2401.2524890393183 2679.8897226766226 1371.600483309715
50 1191.9659121288314 1429.4213138744683 1564.7644328676831 1988.893836112114 1709.297816823232 2025.9668999862179
51 1150.7650360631947 1163.1472519181552 1171.8126274709143 1269.1503670522543 1509.1042327271446 2315.8899625226422
52 1638.8028782656727 1620.3637189773206 1708.4826979109262 1743.669069992669 1913.8060522382461 1900.9819859926374
53 1731.4123057387574 1851.6249056554486 1933.2357746824387 2212.3258210120553 2269.636236745229 1880.6021275256885
54 1440.0511143448894 1503.4936001722258 1594.6974913945726 1756.6387784976073 1956.5407880547218 1497.150467080144
55 1441.3112225984826 1475.1099013456924 1517.0444871503605 1662.9767165508247 1786.6325305767054 935.7633922371964
56 719.6944879019766 739.2403305387201 750.9682147213246 865.8799067829278 820.7982645615965 2006.182964977097
57 856.5165197278311 874.0795424110829 1018.6770509345976 1085.7099703801123 1972.829021571943 2113.1756838197075
58 1580.1917704691552 1640.4786484338708 1718.6609050683937 1705.588991009396 2050.200741089576 1937.4551366580015
59 1629.6932204699062 1697.8813703620856 1796.3335773793344 2004.9518929905116 2124.1988674082413 2048.037187155621
60 1463.929998674521 1549.3782554639713 1680.4196145436233 1807.2672167898156 1905.3259571482506 2048.55332212747
61 1552.9062178970344 1600.8616468710622 1573.843764977333 1771.4192078233282 2045.6718992465878 2049.6427102630582
62 1579.2371617761687 1667.173015937689 1759.0678787670079 1914.0898911920713 2117.498131785451 2014.9932527972792
63 1564.0311496172715 1605.7313641488226 1715.869162214352 1874.0800314108167 2036.7103203848333 2072.062997570859
64 1541.8126024934493 1608.6052227532823 1684.88960778018 1863.6318043664037 1922.6170667548286 1610.7023899483788
65 1565.2271910525512 1664.6213843322969 1741.9980488461217 1936.5375912498625 2136.3640819870066 1603.5779869646765
66 1113.1452024151192 1123.1887899899186 1159.7512229220658 1263.8094169398764 1324.1709204651129 2018.2361840494752
67 1395.7925719949965 1459.2510043006396 1654.8897012407022 1882.6099929220748 2137.1660595657413 1663.6465327559454
68 1406.5865079911 1513.7738312590882 1678.6015042367267 1798.6647290090057 1869.1077031838797 909.7969108036785
69 999.962153500699 1019.8957203062376 924.0548103655447 1027.7766206750664 1076.4844079274396 1328.4521623030807
70 837.8308007254552 788.8060824940251 786.7202267315156 816.7698505538598 1022.8504788611637 1427.1597217587757
71 1000.1982194491786 1029.8186278622038 1124.5377057456276 1188.018825981306 1215.719103408187 2145.66269606274
72 1392.6161313387909 1306.781160161718 1282.147974818243 1400.3453776026272 1832.3466443651419 2164.1623126060645
73 1612.33695997881 1710.9729632383546 1859.6689926971796 1974.555289554405 2080.897405923943 1984.8144105557
74 1644.4195449330257 1769.7209221409373 1844.0555878861214 2058.3317732451887 2224.521833560369 2112.977414541832
75 1515.6191027803475 1585.947494045097 1681.7398467240066 1883.8603449728068 1993.831808392879 2240.5793091523365
76 1673.433712784389 1704.2140986095653 1789.7501734674931 2010.0954868123752 2164.4814358709873 2471.967914703328
77 1813.7954348014462 1898.6695806233956 2024.8907969113059 2231.3945870676007 2438.32050448401 2527.859900319031
78 1905.2677541125734 1961.0934091889853 2063.281462963639 2359.8528360701034 2448.403296210771 2163.083072588224
79 1901.9150802527922 2088.424348281159 2221.0042799387097 2436.222348052325 2364.0498289099123 2456.5546577289338
