1 0.0 3 0.000940733772342 0.000940733772342
2 2.7 1 0.000313577924114 0.00125431169646
3 2.836 1 0.000313577924114 0.00156788962057
4 3.257 1 0.000313577924114 0.00188146754468
5 5.0 36 0.0112888052681 0.0131702728128
6 5.005 104 0.0326121041079 0.0457823769207
7 5.031 2 0.000627155848228 0.0464095327689
8 5.032 6 0.00188146754468 0.0482910003136
9 5.045 15 0.00470366886171 0.0529946691753
10 5.046 31 0.00972091564754 0.0627155848228
11 5.066 55 0.0172467858263 0.0799623706491
12 5.067 116 0.0363750391972 0.116337409846
13 5.12 388 0.121668234556 0.238005644403
14 5.146 7 0.0021950454688 0.240200689871
15 5.147 10 0.00313577924114 0.243336469113
16 5.333 138 0.0432737535278 0.28661022264
17 5.334 60 0.0188146754468 0.305424898087
18 5.338 76 0.0238319222327 0.32925682032
19 5.339 145 0.0454687989966 0.374725619316
20 5.356 6 0.00188146754468 0.376607086861
21 5.357 4 0.00125431169646 0.377861398558
22 5.4 30 0.00940733772342 0.387268736281
23 7.533 1 0.000313577924114 0.387582314205
24 10.01 2 0.000627155848228 0.388209470053
25 10.133 1 0.000313577924114 0.388523047977
26 10.134 1 0.000313577924114 0.388836625902
27 12.467 1 0.000313577924114 0.389150203826
28 15.015 2 0.000627155848228 0.389777359674
29 15.137 2 0.000627155848228 0.390404515522
30 15.2 5 0.00156788962057 0.391972405143
31 15.36 5 0.00156788962057 0.393540294763
32 16.0 6 0.00188146754468 0.395421762308
33 16.016 9 0.00282220131703 0.398243963625
34 18.4 1 0.000313577924114 0.398557541549
35 18.56 1 0.000313577924114 0.398871119473
36 20.02 12 0.00376293508937 0.402634054563
37 20.126 1 0.000313577924114 0.402947632487
38 20.127 3 0.000940733772342 0.403888366259
39 20.183 11 0.00344935716526 0.407337723424
40 20.266 8 0.00250862339291 0.409846346817
41 20.267 13 0.00407651301348 0.413922859831
42 20.286 1 0.000313577924114 0.414236437755
43 20.287 2 0.000627155848228 0.414863593603
44 20.48 111 0.0348071495767 0.44967074318
45 20.933 1 0.000313577924114 0.449984321104
46 21.333 31 0.00972091564754 0.459705236751
47 21.334 19 0.00595798055817 0.46566321731
48 21.354 20 0.00627155848228 0.471934775792
49 21.355 33 0.0103480714958 0.482282847288
50 21.425 3 0.000940733772342 0.48322358106
51 21.426 3 0.000940733772342 0.484164314832
52 21.6 6 0.00188146754468 0.486045782377
53 23.624 1 0.000313577924114 0.486359360301
54 24.491 1 0.000313577924114 0.486672938225
55 25.0 59 0.0185010975227 0.505174035748
56 25.025 82 0.0257133897774 0.530887425525
57 25.08 1 0.000313577924114 0.531201003449
58 25.158 3 0.000940733772342 0.532141737222
59 25.159 6 0.00188146754468 0.534023204766
60 25.228 2 0.000627155848228 0.534650360615
61 25.229 3 0.000940733772342 0.535591094387
62 25.333 66 0.0206961429915 0.556287237378
63 25.334 36 0.0112888052681 0.567576042647
64 25.359 1 0.000313577924114 0.567889620571
65 25.467 1 0.000313577924114 0.568203198495
66 25.6 110 0.0344935716526 0.602696770147
67 26.666 21 0.0065851364064 0.609281906554
68 26.667 41 0.0128566948887 0.622138601442
69 26.693 37 0.0116023831922 0.633740984635
70 26.694 18 0.00564440263405 0.639385387269
71 26.782 2 0.000627155848228 0.640012543117
72 27.0 24 0.00752587017874 0.647538413296
73 30.0 16 0.00501724678583 0.652555660082
74 30.03 61 0.019128253371 0.671683913452
75 30.19 5 0.00156788962057 0.673251803073
76 30.191 2 0.000627155848228 0.673878958921
77 30.275 2 0.000627155848228 0.67450611477
78 30.4 27 0.00846660395108 0.682972718721
79 30.43 3 0.000940733772342 0.683913452493
80 30.431 3 0.000940733772342 0.684854186265
81 30.72 146 0.0457823769207 0.730636563186
82 30.879 1 0.000313577924114 0.73095014111
83 32.0 52 0.0163060520539 0.747256193164
84 32.032 52 0.0163060520539 0.763562245218
85 32.138 3 0.000940733772342 0.76450297899
86 32.4 29 0.00909375979931 0.77359673879
87 35.0 11 0.00344935716526 0.777046095955
88 35.035 47 0.0147381624334 0.791784258388
89 35.466 1 0.000313577924114 0.792097836312
90 35.467 1 0.000313577924114 0.792411414236
91 35.84 123 0.038570084666 0.830981498902
92 36.026 1 0.000313577924114 0.831295076827
93 37.333 17 0.00533082470994 0.836625901537
94 37.334 9 0.00282220131703 0.839448102854
95 37.37 12 0.00376293508937 0.843211037943
96 37.371 28 0.0087801818752 0.851991219818
97 37.494 1 0.000313577924114 0.852304797742
98 37.495 1 0.000313577924114 0.852618375666
99 37.8 26 0.00815302602697 0.860771401693
100 40.0 16 0.00501724678583 0.865788648479
101 40.04 18 0.00564440263405 0.871433051113
102 40.533 1 0.000313577924114 0.871746629037
103 40.96 70 0.021950454688 0.893697083725
104 41.172 1 0.000313577924114 0.894010661649
105 41.173 1 0.000313577924114 0.894324239574
106 42.666 4 0.00125431169646 0.89557855127
107 42.667 11 0.00344935716526 0.899027908435
108 42.709 18 0.00564440263405 0.904672311069
109 42.71 10 0.00313577924114 0.90780809031
110 43.2 14 0.0043900909376 0.912198181248
111 45.0 9 0.00282220131703 0.915020382565
112 45.045 6 0.00188146754468 0.91690185011
113 45.6 1 0.000313577924114 0.917215428034
114 46.08 33 0.0103480714958 0.92756349953
115 46.319 1 0.000313577924114 0.927877077454
116 46.5 1 0.000313577924114 0.928190655378
117 46.64 1 0.000313577924114 0.928504233302
118 48.0 10 0.00313577924114 0.931640012543
119 48.048 7 0.0021950454688 0.933835058012
120 48.207 1 0.000313577924114 0.934148635936
121 48.6 13 0.00407651301348 0.93822514895
122 50.0 8 0.00250862339291 0.940733772342
123 50.05 13 0.00407651301348 0.944810285356
124 50.667 1 0.000313577924114 0.94512386328
125 50.884 1 0.000313577924114 0.945437441204
126 51.2 24 0.00752587017874 0.952963311383
127 51.465 1 0.000313577924114 0.953276889307
128 53.333 4 0.00125431169646 0.954531201003
129 53.334 2 0.000627155848228 0.955158356852
130 53.386 7 0.0021950454688 0.95735340232
131 53.387 7 0.0021950454688 0.959548447789
132 53.564 1 0.000313577924114 0.959862025713
133 54.0 7 0.0021950454688 0.962057071182
134 55.0 9 0.00282220131703 0.964879272499
135 55.055 5 0.00156788962057 0.96644716212
136 56.32 14 0.0043900909376 0.970837253057
137 56.612 1 0.000313577924114 0.971150830981
138 58.667 3 0.000940733772342 0.972091564754
139 58.725 3 0.000940733772342 0.973032298526
140 58.726 3 0.000940733772342 0.973973032299
141 59.4 2 0.000627155848228 0.974600188147
142 60.0 5 0.00156788962057 0.976168077767
143 61.44 13 0.00407651301348 0.980244590781
144 64.064 7 0.0021950454688 0.98243963625
145 64.8 2 0.000627155848228 0.983066792098
146 65.0 1 0.000313577924114 0.983380370022
147 65.065 1 0.000313577924114 0.983693947946
148 66.56 5 0.00156788962057 0.985261837567
149 69.402 1 0.000313577924114 0.985575415491
150 69.403 3 0.000940733772342 0.986516149263
151 70.2 3 0.000940733772342 0.987456883035
152 71.68 5 0.00156788962057 0.989024772656
153 74.667 1 0.000313577924114 0.98933835058
154 74.742 1 0.000313577924114 0.989651928504
155 75.6 1 0.000313577924114 0.989965506428
156 76.8 2 0.000627155848228 0.990592662277
157 80.0 1 0.000313577924114 0.990906240201
158 80.08 2 0.000627155848228 0.991533396049
159 81.92 3 0.000940733772342 0.992474129821
160 85.0 1 0.000313577924114 0.992787707745
161 85.419 1 0.000313577924114 0.993101285669
162 87.04 2 0.000627155848228 0.993728441518
163 89.223 1 0.000313577924114 0.994042019442
164 90.0 1 0.000313577924114 0.994355597366
165 90.09 1 0.000313577924114 0.99466917529
166 90.757 1 0.000313577924114 0.994982753214
167 92.16 1 0.000313577924114 0.995296331138
168 93.561 1 0.000313577924114 0.995609909062
169 96.096 2 0.000627155848228 0.996237064911
170 97.28 2 0.000627155848228 0.996864220759
171 101.434 1 0.000313577924114 0.997177798683
172 110.0 2 0.000627155848228 0.997804954531
173 112.64 1 0.000313577924114 0.998118532455
174 120.0 1 0.000313577924114 0.998432110379
175 135.135 1 0.000313577924114 0.998745688304
176 145.0 1 0.000313577924114 0.999059266228
177 160.16 1 0.000313577924114 0.999372844152
178 175.0 1 0.000313577924114 0.999686422076
179 180.0 1 0.000313577924114 1.0
