1 0.0 352 0.0604291845494 0.0604291845494
2 0.067 1 0.000171673819742 0.0606008583691
3 0.12 1 0.000171673819742 0.0607725321888
4 0.2 1 0.000171673819742 0.0609442060086
5 0.28 1 0.000171673819742 0.0611158798283
6 0.334 1 0.000171673819742 0.0612875536481
7 0.5 1 0.000171673819742 0.0614592274678
8 0.52 1 0.000171673819742 0.0616309012876
9 0.601 1 0.000171673819742 0.0618025751073
10 0.633 1 0.000171673819742 0.061974248927
11 0.64 1 0.000171673819742 0.0621459227468
12 0.68 2 0.000343347639485 0.0624892703863
13 0.867 1 0.000171673819742 0.062660944206
14 0.92 1 0.000171673819742 0.0628326180258
15 0.933 1 0.000171673819742 0.0630042918455
16 1.0 1 0.000171673819742 0.0631759656652
17 1.033 1 0.000171673819742 0.063347639485
18 1.04 1 0.000171673819742 0.0635193133047
19 1.101 1 0.000171673819742 0.0636909871245
20 1.12 3 0.000515021459227 0.0642060085837
21 1.134 1 0.000171673819742 0.0643776824034
22 1.2 1 0.000171673819742 0.0645493562232
23 1.28 1 0.000171673819742 0.0647210300429
24 1.32 1 0.000171673819742 0.0648927038627
25 1.36 1 0.000171673819742 0.0650643776824
26 1.4 1 0.000171673819742 0.0652360515021
27 1.402 1 0.000171673819742 0.0654077253219
28 1.433 1 0.000171673819742 0.0655793991416
29 1.434 1 0.000171673819742 0.0657510729614
30 1.44 1 0.000171673819742 0.0659227467811
31 1.501 1 0.000171673819742 0.0660944206009
32 1.502 1 0.000171673819742 0.0662660944206
33 1.52 1 0.000171673819742 0.0664377682403
34 1.6 1 0.000171673819742 0.0666094420601
35 1.668 2 0.000343347639485 0.0669527896996
36 1.68 1 0.000171673819742 0.0671244635193
37 1.802 1 0.000171673819742 0.0672961373391
38 1.834 1 0.000171673819742 0.0674678111588
39 1.96 1 0.000171673819742 0.0676394849785
40 1.968 1 0.000171673819742 0.0678111587983
41 1.971 1 0.000171673819742 0.067982832618
42 2.0 1 0.000171673819742 0.0681545064378
43 2.002 1 0.000171673819742 0.0683261802575
44 2.069 1 0.000171673819742 0.0684978540773
45 2.12 1 0.000171673819742 0.068669527897
46 2.16 2 0.000343347639485 0.0690128755365
47 2.2 1 0.000171673819742 0.0691845493562
48 2.233 1 0.000171673819742 0.069356223176
49 2.236 1 0.000171673819742 0.0695278969957
50 2.266 1 0.000171673819742 0.0696995708155
51 2.28 1 0.000171673819742 0.0698712446352
52 2.3 1 0.000171673819742 0.0700429184549
53 2.336 2 0.000343347639485 0.0703862660944
54 2.366 1 0.000171673819742 0.0705579399142
55 2.369 1 0.000171673819742 0.0707296137339
56 2.37 1 0.000171673819742 0.0709012875536
57 2.4 1 0.000171673819742 0.0710729613734
58 2.466 1 0.000171673819742 0.0712446351931
59 2.467 2 0.000343347639485 0.0715879828326
60 2.48 1 0.000171673819742 0.0717596566524
61 2.52 4 0.00068669527897 0.0724463519313
62 2.56 2 0.000343347639485 0.0727896995708
63 2.6 2 0.000343347639485 0.0731330472103
64 2.602 1 0.000171673819742 0.07330472103
65 2.636 1 0.000171673819742 0.0734763948498
66 2.64 2 0.000343347639485 0.0738197424893
67 2.68 6 0.00103004291845 0.0748497854077
68 2.702 1 0.000171673819742 0.0750214592275
69 2.72 4 0.00068669527897 0.0757081545064
70 2.736 1 0.000171673819742 0.0758798283262
71 2.76 1 0.000171673819742 0.0760515021459
72 2.767 1 0.000171673819742 0.0762231759657
73 2.769 1 0.000171673819742 0.0763948497854
74 2.866 1 0.000171673819742 0.0765665236052
75 2.867 1 0.000171673819742 0.0767381974249
76 2.88 1 0.000171673819742 0.0769098712446
77 2.92 1 0.000171673819742 0.0770815450644
78 2.933 1 0.000171673819742 0.0772532188841
79 2.96 5 0.000858369098712 0.0781115879828
80 3.0 1 0.000171673819742 0.0782832618026
81 3.003 1 0.000171673819742 0.0784549356223
82 3.067 3 0.000515021459227 0.0789699570815
83 3.12 1 0.000171673819742 0.0791416309013
84 3.16 1 0.000171673819742 0.079313304721
85 3.166 1 0.000171673819742 0.0794849785408
86 3.176 1 0.000171673819742 0.0796566523605
87 3.2 1 0.000171673819742 0.0798283261803
88 3.203 1 0.000171673819742 0.08
89 3.233 1 0.000171673819742 0.0801716738197
90 3.24 2 0.000343347639485 0.0805150214592
91 3.27 1 0.000171673819742 0.080686695279
92 3.337 1 0.000171673819742 0.0808583690987
93 3.36 1 0.000171673819742 0.0810300429185
94 3.37 1 0.000171673819742 0.0812017167382
95 3.44 1 0.000171673819742 0.0813733905579
96 3.471 1 0.000171673819742 0.0815450643777
97 3.5 1 0.000171673819742 0.0817167381974
98 3.504 1 0.000171673819742 0.0818884120172
99 3.52 1 0.000171673819742 0.0820600858369
100 3.533 1 0.000171673819742 0.0822317596567
101 3.537 1 0.000171673819742 0.0824034334764
102 3.6 1 0.000171673819742 0.0825751072961
103 3.604 1 0.000171673819742 0.0827467811159
104 3.67 1 0.000171673819742 0.0829184549356
105 3.68 2 0.000343347639485 0.0832618025751
106 3.72 1 0.000171673819742 0.0834334763949
107 3.737 1 0.000171673819742 0.0836051502146
108 3.76 4 0.00068669527897 0.0842918454936
109 3.8 1 0.000171673819742 0.0844635193133
110 3.804 1 0.000171673819742 0.084635193133
111 3.84 1 0.000171673819742 0.0848068669528
112 3.867 1 0.000171673819742 0.0849785407725
113 3.9 1 0.000171673819742 0.0851502145923
114 3.904 2 0.000343347639485 0.0854935622318
115 3.92 2 0.000343347639485 0.0858369098712
116 3.937 1 0.000171673819742 0.086008583691
117 3.96 1 0.000171673819742 0.0861802575107
118 3.971 1 0.000171673819742 0.0863519313305
119 4.0 1 0.000171673819742 0.0865236051502
120 4.004 1 0.000171673819742 0.08669527897
121 4.037 1 0.000171673819742 0.0868669527897
122 4.138 1 0.000171673819742 0.0870386266094
123 4.2 1 0.000171673819742 0.0872103004292
124 4.204 1 0.000171673819742 0.0873819742489
125 4.238 1 0.000171673819742 0.0875536480687
126 4.24 1 0.000171673819742 0.0877253218884
127 4.3 2 0.000343347639485 0.0880686695279
128 4.4 1 0.000171673819742 0.0882403433476
129 4.438 2 0.000343347639485 0.0885836909871
130 4.471 1 0.000171673819742 0.0887553648069
131 4.48 1 0.000171673819742 0.0889270386266
132 4.52 1 0.000171673819742 0.0890987124464
133 4.57 1 0.000171673819742 0.0892703862661
134 4.588 1 0.000171673819742 0.0894420600858
135 4.6 1 0.000171673819742 0.0896137339056
136 4.68 1 0.000171673819742 0.0897854077253
137 4.705 1 0.000171673819742 0.0899570815451
138 4.738 1 0.000171673819742 0.0901287553648
139 4.8 3 0.000515021459227 0.090643776824
140 4.838 1 0.000171673819742 0.0908154506438
141 4.84 1 0.000171673819742 0.0909871244635
142 4.88 2 0.000343347639485 0.091330472103
143 4.905 1 0.000171673819742 0.0915021459227
144 4.92 2 0.000343347639485 0.0918454935622
145 5.0 81 0.0139055793991 0.105751072961
146 5.005 187 0.0321030042918 0.137854077253
147 5.031 1 0.000171673819742 0.138025751073
148 5.032 4 0.00068669527897 0.138712446352
149 5.045 6 0.00103004291845 0.13974248927
150 5.046 13 0.00223175965665 0.141974248927
151 5.066 100 0.0171673819742 0.159141630901
152 5.067 174 0.0298712446352 0.189012875536
153 5.071 8 0.00137339055794 0.190386266094
154 5.072 19 0.00326180257511 0.19364806867
155 5.105 1 0.000171673819742 0.193819742489
156 5.12 665 0.114163090129 0.307982832618
157 5.146 2 0.000343347639485 0.308326180258
158 5.147 2 0.000343347639485 0.308669527897
159 5.172 1 0.000171673819742 0.308841201717
160 5.32 1 0.000171673819742 0.309012875536
161 5.333 125 0.0214592274678 0.330472103004
162 5.334 57 0.00978540772532 0.34025751073
163 5.338 85 0.0145922746781 0.354849785408
164 5.339 160 0.0274678111588 0.382317596567
165 5.356 11 0.00188841201717 0.384206008584
166 5.357 7 0.0012017167382 0.385407725322
167 5.36 1 0.000171673819742 0.385579399142
168 5.4 34 0.00583690987124 0.391416309013
169 5.44 3 0.000515021459227 0.391931330472
170 5.471 1 0.000171673819742 0.392103004292
171 5.48 1 0.000171673819742 0.392274678112
172 5.539 1 0.000171673819742 0.392446351931
173 5.56 1 0.000171673819742 0.392618025751
174 5.572 1 0.000171673819742 0.392789699571
175 5.64 1 0.000171673819742 0.392961373391
176 5.672 1 0.000171673819742 0.39313304721
177 5.68 2 0.000343347639485 0.39347639485
178 5.72 1 0.000171673819742 0.39364806867
179 5.88 1 0.000171673819742 0.393819742489
180 5.934 1 0.000171673819742 0.393991416309
181 6.0 1 0.000171673819742 0.394163090129
182 6.09 1 0.000171673819742 0.394334763948
183 6.133 1 0.000171673819742 0.394506437768
184 6.2 1 0.000171673819742 0.394678111588
185 6.206 1 0.000171673819742 0.394849785408
186 6.24 1 0.000171673819742 0.395021459227
187 6.28 1 0.000171673819742 0.395193133047
188 6.48 2 0.000343347639485 0.395536480687
189 6.506 1 0.000171673819742 0.395708154506
190 6.64 1 0.000171673819742 0.395879828326
191 6.76 1 0.000171673819742 0.396051502146
192 6.8 1 0.000171673819742 0.396223175966
193 6.916 1 0.000171673819742 0.396394849785
194 6.933 3 0.000515021459227 0.396909871245
195 7.04 1 0.000171673819742 0.397081545064
196 7.073 1 0.000171673819742 0.397253218884
197 7.099 1 0.000171673819742 0.397424892704
198 7.274 1 0.000171673819742 0.397596566524
199 7.28 2 0.000343347639485 0.397939914163
200 7.36 1 0.000171673819742 0.398111587983
201 7.5 1 0.000171673819742 0.398283261803
202 7.507 1 0.000171673819742 0.398454935622
203 7.608 1 0.000171673819742 0.398626609442
204 7.84 1 0.000171673819742 0.398798283262
205 7.9 1 0.000171673819742 0.398969957082
206 8.12 1 0.000171673819742 0.399141630901
207 8.28 1 0.000171673819742 0.399313304721
208 8.408 1 0.000171673819742 0.399484978541
209 8.434 1 0.000171673819742 0.399656652361
210 8.88 2 0.000343347639485 0.4
211 9.12 1 0.000171673819742 0.40017167382
212 9.32 1 0.000171673819742 0.400343347639
213 9.476 2 0.000343347639485 0.400686695279
214 9.6 1 0.000171673819742 0.400858369099
215 9.667 1 0.000171673819742 0.401030042918
216 9.92 1 0.000171673819742 0.401201716738
217 10.0 9 0.00154506437768 0.402746781116
218 10.01 19 0.00326180257511 0.406008583691
219 10.063 1 0.000171673819742 0.406180257511
220 10.091 1 0.000171673819742 0.40635193133
221 10.133 14 0.00240343347639 0.408755364807
222 10.134 5 0.000858369098712 0.409613733906
223 10.143 1 0.000171673819742 0.409785407725
224 10.24 42 0.00721030042918 0.416995708155
225 10.293 2 0.000343347639485 0.417339055794
226 10.344 1 0.000171673819742 0.417510729614
227 10.376 1 0.000171673819742 0.417682403433
228 10.51 1 0.000171673819742 0.417854077253
229 10.512 1 0.000171673819742 0.418025751073
230 10.666 7 0.0012017167382 0.419227467811
231 10.667 9 0.00154506437768 0.420772532189
232 10.677 17 0.00291845493562 0.423690987124
233 10.678 5 0.000858369098712 0.424549356223
234 10.712 1 0.000171673819742 0.424721030043
235 10.733 1 0.000171673819742 0.424892703863
236 10.8 5 0.000858369098712 0.425751072961
237 10.844 1 0.000171673819742 0.425922746781
238 10.911 1 0.000171673819742 0.426094420601
239 11.36 1 0.000171673819742 0.426266094421
240 11.733 1 0.000171673819742 0.42643776824
241 11.76 1 0.000171673819742 0.42660944206
242 12.067 1 0.000171673819742 0.42678111588
243 12.512 1 0.000171673819742 0.4269527897
244 12.96 1 0.000171673819742 0.427124463519
245 13.48 1 0.000171673819742 0.427296137339
246 14.133 1 0.000171673819742 0.427467811159
247 14.181 1 0.000171673819742 0.427639484979
248 14.417 1 0.000171673819742 0.427811158798
249 14.84 1 0.000171673819742 0.427982832618
250 15.0 1 0.000171673819742 0.428154506438
251 15.015 9 0.00154506437768 0.429699570815
252 15.137 1 0.000171673819742 0.429871244635
253 15.2 71 0.0121888412017 0.442060085837
254 15.215 2 0.000343347639485 0.442403433476
255 15.24 1 0.000171673819742 0.442575107296
256 15.36 77 0.0132188841202 0.455793991416
257 15.549 1 0.000171673819742 0.455965665236
258 15.92 1 0.000171673819742 0.456137339056
259 16.0 40 0.0068669527897 0.463004291845
260 16.016 44 0.00755364806867 0.470557939914
261 16.069 1 0.000171673819742 0.470729613734
262 16.2 4 0.00068669527897 0.471416309013
263 16.317 1 0.000171673819742 0.471587982833
264 16.35 1 0.000171673819742 0.471759656652
265 16.483 1 0.000171673819742 0.471931330472
266 16.583 1 0.000171673819742 0.472103004292
267 16.634 1 0.000171673819742 0.472274678112
268 16.68 1 0.000171673819742 0.472446351931
269 16.72 1 0.000171673819742 0.472618025751
270 16.8 1 0.000171673819742 0.472789699571
271 17.3 1 0.000171673819742 0.472961373391
272 17.8 1 0.000171673819742 0.47313304721
273 18.88 1 0.000171673819742 0.47330472103
274 19.333 1 0.000171673819742 0.47347639485
275 19.6 1 0.000171673819742 0.47364806867
276 19.8 1 0.000171673819742 0.473819742489
277 20.0 1 0.000171673819742 0.473991416309
278 20.02 39 0.00669527896996 0.480686695279
279 20.126 3 0.000515021459227 0.481201716738
280 20.127 22 0.00377682403433 0.484978540773
281 20.182 4 0.00068669527897 0.485665236052
282 20.183 22 0.00377682403433 0.489442060086
283 20.266 28 0.00480686695279 0.494248927039
284 20.267 67 0.0115021459227 0.505751072961
285 20.287 10 0.00171673819742 0.507467811159
286 20.48 370 0.0635193133047 0.570987124464
287 20.586 1 0.000171673819742 0.571158798283
288 20.8 1 0.000171673819742 0.571330472103
289 20.92 1 0.000171673819742 0.571502145923
290 21.333 97 0.016652360515 0.588154506438
291 21.334 46 0.00789699570815 0.596051502146
292 21.354 47 0.0080686695279 0.604120171674
293 21.355 117 0.0200858369099 0.624206008584
294 21.425 12 0.00206008583691 0.626266094421
295 21.426 6 0.00103004291845 0.627296137339
296 21.6 29 0.00497854077253 0.632274678112
297 21.68 1 0.000171673819742 0.632446351931
298 22.0 1 0.000171673819742 0.632618025751
299 22.48 1 0.000171673819742 0.632789699571
300 23.44 1 0.000171673819742 0.632961373391
301 23.72 1 0.000171673819742 0.63313304721
302 25.0 76 0.0130472103004 0.646180257511
303 25.025 134 0.0230042918455 0.669184549356
304 25.033 1 0.000171673819742 0.669356223176
305 25.158 5 0.000858369098712 0.670214592275
306 25.159 4 0.00068669527897 0.670901287554
307 25.228 2 0.000343347639485 0.671244635193
308 25.229 5 0.000858369098712 0.672103004292
309 25.333 34 0.00583690987124 0.677939914163
310 25.334 11 0.00188841201717 0.67982832618
311 25.6 217 0.0372532188841 0.717081545064
312 25.732 1 0.000171673819742 0.717253218884
313 26.48 1 0.000171673819742 0.717424892704
314 26.666 26 0.0044635193133 0.721888412017
315 26.667 65 0.0111587982833 0.7330472103
316 26.693 58 0.00995708154506 0.743004291845
317 26.694 26 0.0044635193133 0.747467811159
318 26.781 1 0.000171673819742 0.747639484979
319 26.782 5 0.000858369098712 0.748497854077
320 27.0 23 0.00394849785408 0.752446351931
321 27.033 1 0.000171673819742 0.752618025751
322 28.067 1 0.000171673819742 0.752789699571
323 29.88 1 0.000171673819742 0.752961373391
324 30.0 15 0.00257510729614 0.755536480687
325 30.03 91 0.0156223175966 0.771158798283
326 30.13 1 0.000171673819742 0.771330472103
327 30.19 2 0.000343347639485 0.771673819742
328 30.274 1 0.000171673819742 0.771845493562
329 30.4 12 0.00206008583691 0.773905579399
330 30.43 1 0.000171673819742 0.774077253219
331 30.431 1 0.000171673819742 0.774248927039
332 30.72 169 0.0290128755365 0.803261802575
333 30.879 1 0.000171673819742 0.803433476395
334 30.88 1 0.000171673819742 0.803605150215
335 31.64 1 0.000171673819742 0.803776824034
336 32.0 53 0.00909871244635 0.812875536481
337 32.032 92 0.0157939914163 0.828669527897
338 32.138 1 0.000171673819742 0.828841201717
339 32.139 2 0.000343347639485 0.829184549356
340 32.4 46 0.00789699570815 0.837081545064
341 32.657 1 0.000171673819742 0.837253218884
342 33.44 1 0.000171673819742 0.837424892704
343 35.0 15 0.00257510729614 0.84
344 35.035 74 0.0127038626609 0.852703862661
345 35.32 1 0.000171673819742 0.852875536481
346 35.466 2 0.000343347639485 0.85321888412
347 35.467 3 0.000515021459227 0.853733905579
348 35.503 1 0.000171673819742 0.853905579399
349 35.84 126 0.0216309012876 0.875536480687
350 36.026 2 0.000343347639485 0.875879828326
351 36.303 1 0.000171673819742 0.876051502146
352 36.56 1 0.000171673819742 0.876223175966
353 36.767 1 0.000171673819742 0.876394849785
354 37.333 12 0.00206008583691 0.878454935622
355 37.334 10 0.00171673819742 0.88017167382
356 37.37 13 0.00223175965665 0.882403433476
357 37.371 22 0.00377682403433 0.886180257511
358 37.8 47 0.0080686695279 0.894248927039
359 40.0 25 0.00429184549356 0.898540772532
360 40.04 33 0.0056652360515 0.904206008584
361 40.533 2 0.000343347639485 0.904549356223
362 40.574 1 0.000171673819742 0.904721030043
363 40.96 74 0.0127038626609 0.917424892704
364 41.172 3 0.000515021459227 0.917939914163
365 41.173 3 0.000515021459227 0.918454935622
366 41.28 1 0.000171673819742 0.918626609442
367 42.666 8 0.00137339055794 0.92
368 42.667 8 0.00137339055794 0.921373390558
369 42.709 25 0.00429184549356 0.925665236052
370 42.71 8 0.00137339055794 0.927038626609
371 42.851 2 0.000343347639485 0.927381974249
372 43.2 25 0.00429184549356 0.931673819742
373 43.743 1 0.000171673819742 0.931845493562
374 44.68 1 0.000171673819742 0.932017167382
375 45.0 19 0.00326180257511 0.935278969957
376 45.045 16 0.00274678111588 0.938025751073
377 45.6 1 0.000171673819742 0.938197424893
378 46.08 63 0.0108154506438 0.949012875536
379 46.319 1 0.000171673819742 0.949184549356
380 46.88 1 0.000171673819742 0.949356223176
381 47.6 1 0.000171673819742 0.949527896996
382 48.0 19 0.00326180257511 0.952789699571
383 48.048 17 0.00291845493562 0.955708154506
384 48.6 14 0.00240343347639 0.958111587983
385 50.0 8 0.00137339055794 0.959484978541
386 50.05 6 0.00103004291845 0.960515021459
387 50.667 2 0.000343347639485 0.960858369099
388 50.717 1 0.000171673819742 0.961030042918
389 51.2 32 0.00549356223176 0.96652360515
390 51.466 1 0.000171673819742 0.96669527897
391 53.333 2 0.000343347639485 0.967038626609
392 53.334 1 0.000171673819742 0.967210300429
393 53.386 6 0.00103004291845 0.968240343348
394 53.387 13 0.00223175965665 0.970472103004
395 54.0 6 0.00103004291845 0.971502145923
396 55.0 12 0.00206008583691 0.97356223176
397 55.055 4 0.00068669527897 0.974248927039
398 55.292 1 0.000171673819742 0.974420600858
399 55.349 1 0.000171673819742 0.974592274678
400 56.32 18 0.00309012875536 0.977682403433
401 57.92 1 0.000171673819742 0.977854077253
402 58.667 3 0.000515021459227 0.978369098712
403 58.725 8 0.00137339055794 0.97974248927
404 58.726 3 0.000515021459227 0.98025751073
405 59.4 7 0.0012017167382 0.981459227468
406 60.0 4 0.00068669527897 0.982145922747
407 60.06 2 0.000343347639485 0.982489270386
408 61.44 11 0.00188841201717 0.984377682403
409 64.064 7 0.0012017167382 0.985579399142
410 64.8 3 0.000515021459227 0.986094420601
411 65.0 3 0.000515021459227 0.98660944206
412 66.56 6 0.00103004291845 0.987639484979
413 69.333 2 0.000343347639485 0.987982832618
414 69.334 3 0.000515021459227 0.988497854077
415 69.403 2 0.000343347639485 0.988841201717
416 70.0 2 0.000343347639485 0.989184549356
417 70.2 1 0.000171673819742 0.989356223176
418 70.933 1 0.000171673819742 0.989527896996
419 71.68 5 0.000858369098712 0.990386266094
420 72.051 1 0.000171673819742 0.990557939914
421 74.741 2 0.000343347639485 0.990901287554
422 75.0 1 0.000171673819742 0.991072961373
423 76.8 4 0.00068669527897 0.991759656652
424 80.0 2 0.000343347639485 0.992103004292
425 80.08 4 0.00068669527897 0.992789699571
426 81.066 1 0.000171673819742 0.992961373391
427 81.067 4 0.00068669527897 0.99364806867
428 81.92 1 0.000171673819742 0.993819742489
429 85.0 2 0.000343347639485 0.994163090129
430 85.419 2 0.000343347639485 0.994506437768
431 90.0 1 0.000171673819742 0.994678111588
432 90.757 1 0.000171673819742 0.994849785408
433 92.16 2 0.000343347639485 0.995193133047
434 95.0 3 0.000515021459227 0.995708154506
435 96.096 1 0.000171673819742 0.995879828326
436 100.0 1 0.000171673819742 0.996051502146
437 100.1 1 0.000171673819742 0.996223175966
438 101.435 2 0.000343347639485 0.996566523605
439 102.4 1 0.000171673819742 0.996738197425
440 105.0 1 0.000171673819742 0.996909871245
441 106.4 1 0.000171673819742 0.997081545064
442 107.52 1 0.000171673819742 0.997253218884
443 110.0 2 0.000343347639485 0.997596566524
444 111.466 1 0.000171673819742 0.997768240343
445 115.0 1 0.000171673819742 0.997939914163
446 115.115 1 0.000171673819742 0.998111587983
447 125.125 1 0.000171673819742 0.998283261803
448 127.127 1 0.000171673819742 0.998454935622
449 130.0 1 0.000171673819742 0.998626609442
450 135.135 2 0.000343347639485 0.998969957082
451 140.0 1 0.000171673819742 0.999141630901
452 150.0 1 0.000171673819742 0.999313304721
453 152.0 1 0.000171673819742 0.999484978541
454 165.0 1 0.000171673819742 0.999656652361
455 170.0 1 0.000171673819742 0.99982832618
456 190.0 1 0.000171673819742 1.0
