1 0.0 183 0.240473061761 0.240473061761
2 0.24 1 0.00131406044678 0.241787122208
3 1.035 1 0.00131406044678 0.243101182654
4 1.435 1 0.00131406044678 0.244415243101
5 2.16 1 0.00131406044678 0.245729303548
6 2.166 1 0.00131406044678 0.247043363995
7 2.96 1 0.00131406044678 0.248357424442
8 2.967 1 0.00131406044678 0.249671484888
9 3.167 1 0.00131406044678 0.250985545335
10 3.337 1 0.00131406044678 0.252299605782
11 3.76 1 0.00131406044678 0.253613666229
12 3.833 1 0.00131406044678 0.254927726675
13 3.904 1 0.00131406044678 0.256241787122
14 4.304 1 0.00131406044678 0.257555847569
15 4.4 1 0.00131406044678 0.258869908016
16 4.48 1 0.00131406044678 0.260183968463
17 4.8 1 0.00131406044678 0.261498028909
18 4.88 1 0.00131406044678 0.262812089356
19 5.0 42 0.0551905387648 0.318002628121
20 5.005 37 0.0486202365309 0.366622864652
21 5.031 2 0.00262812089356 0.369250985545
22 5.032 4 0.00525624178712 0.374507227332
23 5.066 14 0.0183968462549 0.392904073587
24 5.067 27 0.0354796320631 0.42838370565
25 5.071 1 0.00131406044678 0.429697766097
26 5.072 2 0.00262812089356 0.432325886991
27 5.12 171 0.224704336399 0.65703022339
28 5.146 1 0.00131406044678 0.658344283837
29 5.333 27 0.0354796320631 0.6938239159
30 5.334 15 0.0197109067017 0.713534822602
31 5.338 16 0.0210249671485 0.73455978975
32 5.339 29 0.0381077529566 0.772667542707
33 5.356 1 0.00131406044678 0.773981603154
34 5.357 1 0.00131406044678 0.775295663601
35 5.4 29 0.0381077529566 0.813403416557
36 5.6 1 0.00131406044678 0.814717477004
37 6.0 1 0.00131406044678 0.816031537451
38 7.1 1 0.00131406044678 0.817345597898
39 10.01 1 0.00131406044678 0.818659658344
40 10.24 4 0.00525624178712 0.823915900131
41 10.677 1 0.00131406044678 0.825229960578
42 10.678 1 0.00131406044678 0.826544021025
43 15.2 1 0.00131406044678 0.827858081472
44 15.36 1 0.00131406044678 0.829172141919
45 16.0 2 0.00262812089356 0.831800262812
46 16.016 1 0.00131406044678 0.833114323259
47 16.64 1 0.00131406044678 0.834428383706
48 19.16 1 0.00131406044678 0.835742444152
49 19.686 1 0.00131406044678 0.837056504599
50 20.02 3 0.00394218134034 0.84099868594
51 20.267 1 0.00131406044678 0.842312746386
52 20.48 11 0.0144546649146 0.856767411301
53 21.333 3 0.00394218134034 0.860709592641
54 21.334 1 0.00131406044678 0.862023653088
55 21.354 3 0.00394218134034 0.865965834428
56 21.355 3 0.00394218134034 0.869908015769
57 21.426 1 0.00131406044678 0.871222076216
58 25.0 4 0.00525624178712 0.876478318003
59 25.025 3 0.00394218134034 0.880420499343
60 25.334 2 0.00262812089356 0.883048620237
61 25.6 5 0.0065703022339 0.88961892247
62 26.666 1 0.00131406044678 0.890932982917
63 26.667 2 0.00262812089356 0.893561103811
64 26.693 1 0.00131406044678 0.894875164258
65 26.694 3 0.00394218134034 0.898817345598
66 27.0 2 0.00262812089356 0.901445466491
67 30.03 4 0.00525624178712 0.906701708279
68 30.274 1 0.00131406044678 0.908015768725
69 30.43 1 0.00131406044678 0.909329829172
70 30.72 4 0.00525624178712 0.914586070959
71 32.0 3 0.00394218134034 0.9185282523
72 32.032 6 0.00788436268068 0.92641261498
73 32.4 2 0.00262812089356 0.929040735874
74 35.0 1 0.00131406044678 0.930354796321
75 35.035 4 0.00525624178712 0.935611038108
76 35.84 6 0.00788436268068 0.943495400788
77 37.333 1 0.00131406044678 0.944809461235
78 37.334 1 0.00131406044678 0.946123521682
79 37.371 4 0.00525624178712 0.951379763469
80 37.8 3 0.00394218134034 0.955321944809
81 40.04 1 0.00131406044678 0.956636005256
82 40.534 1 0.00131406044678 0.957950065703
83 40.96 4 0.00525624178712 0.96320630749
84 42.667 1 0.00131406044678 0.964520367937
85 42.709 2 0.00262812089356 0.96714848883
86 42.71 1 0.00131406044678 0.968462549277
87 43.2 1 0.00131406044678 0.969776609724
88 46.319 1 0.00131406044678 0.971090670171
89 48.048 1 0.00131406044678 0.972404730618
90 48.6 1 0.00131406044678 0.973718791064
91 50.0 2 0.00262812089356 0.976346911958
92 51.2 3 0.00394218134034 0.980289093298
93 53.333 1 0.00131406044678 0.981603153745
94 54.0 1 0.00131406044678 0.982917214192
95 55.0 1 0.00131406044678 0.984231274639
96 55.055 1 0.00131406044678 0.985545335085
97 58.667 1 0.00131406044678 0.986859395532
98 58.726 1 0.00131406044678 0.988173455979
99 59.4 1 0.00131406044678 0.989487516426
100 60.0 1 0.00131406044678 0.990801576873
101 64.8 1 0.00131406044678 0.992115637319
102 66.56 2 0.00262812089356 0.994743758213
103 70.933 1 0.00131406044678 0.99605781866
104 96.096 1 0.00131406044678 0.997371879106
105 120.0 1 0.00131406044678 0.998685939553
106 170.0 1 0.00131406044678 1.0
