1 0.0 29 0.00580232092837 0.00580232092837
2 1.869 1 0.000200080032013 0.00600240096038
3 2.348 1 0.000200080032013 0.0062024809924
4 3.041 1 0.000200080032013 0.00640256102441
5 3.08 1 0.000200080032013 0.00660264105642
6 3.2 1 0.000200080032013 0.00680272108844
7 3.36 1 0.000200080032013 0.00700280112045
8 3.4 1 0.000200080032013 0.00720288115246
9 3.76 1 0.000200080032013 0.00740296118447
10 3.77 1 0.000200080032013 0.00760304121649
11 3.8 1 0.000200080032013 0.0078031212485
12 4.84 1 0.000200080032013 0.00800320128051
13 5.0 133 0.0266106442577 0.0346138455382
14 5.005 223 0.0446178471389 0.0792316926771
15 5.045 11 0.00220088035214 0.0814325730292
16 5.046 31 0.0062024809924 0.0876350540216
17 5.066 50 0.0100040016006 0.0976390556222
18 5.067 110 0.0220088035214 0.119647859144
19 5.12 883 0.176670668267 0.296318527411
20 5.133 1 0.000200080032013 0.296518607443
21 5.146 12 0.00240096038415 0.298919567827
22 5.147 19 0.00380152060824 0.302721088435
23 5.333 191 0.0382152861144 0.34093637455
24 5.334 97 0.0194077631052 0.360344137655
25 5.338 108 0.0216086434574 0.381952781112
26 5.339 242 0.0484193677471 0.43037214886
27 5.356 12 0.00240096038415 0.432773109244
28 5.357 6 0.00120048019208 0.433973589436
29 5.4 128 0.0256102440976 0.459583833533
30 5.68 1 0.000200080032013 0.459783913565
31 7.625 1 0.000200080032013 0.459983993597
32 7.743 3 0.000600240096038 0.460584233693
33 8.24 1 0.000200080032013 0.460784313725
34 10.0 11 0.00220088035214 0.462985194078
35 10.01 4 0.000800320128051 0.463785514206
36 10.063 2 0.000400160064026 0.46418567427
37 10.067 1 0.000200080032013 0.464385754302
38 10.091 1 0.000200080032013 0.464585834334
39 10.092 2 0.000400160064026 0.464985994398
40 10.133 19 0.00380152060824 0.468787515006
41 10.134 7 0.00140056022409 0.47018807523
42 10.24 23 0.00460184073629 0.474789915966
43 10.293 1 0.000200080032013 0.474989995998
44 10.666 4 0.000800320128051 0.475790316126
45 10.667 5 0.00100040016006 0.476790716287
46 10.677 6 0.00120048019208 0.477991196479
47 10.678 3 0.000600240096038 0.478591436575
48 11.84 1 0.000200080032013 0.478791516607
49 12.28 1 0.000200080032013 0.478991596639
50 15.0 3 0.000600240096038 0.479591836735
51 15.015 4 0.000800320128051 0.480392156863
52 15.095 1 0.000200080032013 0.480592236895
53 15.137 4 0.000800320128051 0.481392557023
54 15.2 15 0.00300120048019 0.484393757503
55 15.36 13 0.00260104041617 0.486994797919
56 15.44 1 0.000200080032013 0.487194877951
57 15.983 1 0.000200080032013 0.487394957983
58 16.0 4 0.000800320128051 0.488195278111
59 16.016 4 0.000800320128051 0.488995598239
60 17.017 1 0.000200080032013 0.489195678271
61 17.542 1 0.000200080032013 0.489395758303
62 20.0 5 0.00100040016006 0.490396158463
63 20.02 3 0.000600240096038 0.490996398559
64 20.127 1 0.000200080032013 0.491196478591
65 20.183 4 0.000800320128051 0.491996798719
66 20.266 3 0.000600240096038 0.492597038816
67 20.267 5 0.00100040016006 0.493597438976
68 20.48 16 0.0032012805122 0.496798719488
69 20.72 1 0.000200080032013 0.49699879952
70 21.04 1 0.000200080032013 0.497198879552
71 21.333 4 0.000800320128051 0.49799919968
72 21.334 4 0.000800320128051 0.498799519808
73 21.354 2 0.000400160064026 0.499199679872
74 21.355 8 0.0016006402561 0.500800320128
75 21.425 1 0.000200080032013 0.50100040016
76 22.6 1 0.000200080032013 0.501200480192
77 22.756 1 0.000200080032013 0.501400560224
78 23.04 1 0.000200080032013 0.501600640256
79 24.09 2 0.000400160064026 0.50200080032
80 24.388 1 0.000200080032013 0.502200880352
81 25.0 54 0.0108043217287 0.513005202081
82 25.025 30 0.00600240096038 0.519007603041
83 25.158 5 0.00100040016006 0.520008003201
84 25.159 7 0.00140056022409 0.521408563425
85 25.2 1 0.000200080032013 0.521608643457
86 25.228 6 0.00120048019208 0.522809123649
87 25.229 8 0.0016006402561 0.524409763906
88 25.333 87 0.0174069627851 0.541816726691
89 25.334 43 0.00860344137655 0.550420168067
90 25.359 3 0.000600240096038 0.551020408163
91 25.6 159 0.03181272509 0.582833133253
92 25.732 1 0.000200080032013 0.583033213285
93 25.733 1 0.000200080032013 0.583233293317
94 26.666 31 0.0062024809924 0.58943577431
95 26.667 61 0.0122048819528 0.601640656263
96 26.693 48 0.00960384153661 0.611244497799
97 26.694 25 0.00500200080032 0.616246498599
98 26.782 4 0.000800320128051 0.617046818727
99 27.0 6 0.00120048019208 0.61824729892
100 27.819 1 0.000200080032013 0.618447378952
101 28.795 1 0.000200080032013 0.618647458984
102 29.44 1 0.000200080032013 0.618847539016
103 30.0 30 0.00600240096038 0.624849939976
104 30.03 49 0.00980392156863 0.634653861545
105 30.19 10 0.00200080032013 0.636654661865
106 30.191 4 0.000800320128051 0.637454981993
107 30.274 5 0.00100040016006 0.638455382153
108 30.275 2 0.000400160064026 0.638855542217
109 30.4 62 0.0124049619848 0.651260504202
110 30.43 11 0.00220088035214 0.653461384554
111 30.431 7 0.00140056022409 0.654861944778
112 30.72 208 0.0416166466587 0.696478591437
113 31.8 1 0.000200080032013 0.696678671469
114 32.0 79 0.015806322529 0.712484993998
115 32.032 129 0.0258103241297 0.738295318127
116 32.138 9 0.00180072028812 0.740096038415
117 32.4 15 0.00300120048019 0.743097238896
118 33.44 1 0.000200080032013 0.743297318928
119 35.0 35 0.00700280112045 0.750300120048
120 35.035 69 0.0138055222089 0.764105642257
121 35.466 2 0.000400160064026 0.764505802321
122 35.467 2 0.000400160064026 0.764905962385
123 35.502 1 0.000200080032013 0.765106042417
124 35.636 1 0.000200080032013 0.765306122449
125 35.84 128 0.0256102440976 0.790916366547
126 36.025 1 0.000200080032013 0.791116446579
127 36.026 2 0.000400160064026 0.791516606643
128 36.16 1 0.000200080032013 0.791716686675
129 37.333 34 0.00680272108844 0.798519407763
130 37.334 21 0.00420168067227 0.802721088435
131 37.37 27 0.00540216086435 0.8081232493
132 37.371 48 0.00960384153661 0.817727090836
133 37.495 2 0.000400160064026 0.8181272509
134 37.6 1 0.000200080032013 0.818327330932
135 37.8 27 0.00540216086435 0.823729491797
136 39.6 1 0.000200080032013 0.823929571829
137 40.0 19 0.00380152060824 0.827731092437
138 40.04 40 0.00800320128051 0.835734293717
139 40.066 1 0.000200080032013 0.835934373749
140 40.96 112 0.0224089635854 0.858343337335
141 41.172 3 0.000600240096038 0.858943577431
142 41.173 2 0.000400160064026 0.859343737495
143 41.2 1 0.000200080032013 0.859543817527
144 41.241 1 0.000200080032013 0.859743897559
145 42.6 1 0.000200080032013 0.859943977591
146 42.666 14 0.00280112044818 0.862745098039
147 42.667 17 0.00340136054422 0.866146458583
148 42.709 31 0.0062024809924 0.872348939576
149 42.71 9 0.00180072028812 0.874149659864
150 42.851 1 0.000200080032013 0.874349739896
151 43.2 27 0.00540216086435 0.87975190076
152 43.277 1 0.000200080032013 0.879951980792
153 43.335 1 0.000200080032013 0.880152060824
154 44.16 1 0.000200080032013 0.880352140856
155 44.334 1 0.000200080032013 0.880552220888
156 44.577 1 0.000200080032013 0.88075230092
157 45.0 15 0.00300120048019 0.883753501401
158 45.045 33 0.00660264105642 0.890356142457
159 45.411 1 0.000200080032013 0.890556222489
160 46.08 78 0.015606242497 0.906162464986
161 46.319 1 0.000200080032013 0.906362545018
162 46.379 1 0.000200080032013 0.90656262505
163 46.64 1 0.000200080032013 0.906762705082
164 46.96 1 0.000200080032013 0.906962785114
165 47.8 1 0.000200080032013 0.907162865146
166 48.0 15 0.00300120048019 0.910164065626
167 48.048 24 0.00480192076831 0.914965986395
168 48.6 26 0.00520208083233 0.920168067227
169 48.782 1 0.000200080032013 0.920368147259
170 48.88 1 0.000200080032013 0.920568227291
171 49.666 1 0.000200080032013 0.920768307323
172 49.816 1 0.000200080032013 0.920968387355
173 49.983 1 0.000200080032013 0.921168467387
174 50.0 14 0.00280112044818 0.923969587835
175 50.05 29 0.00580232092837 0.929771908764
176 50.117 1 0.000200080032013 0.929971988796
177 50.651 1 0.000200080032013 0.930172068828
178 50.666 1 0.000200080032013 0.93037214886
179 50.985 1 0.000200080032013 0.930572228892
180 51.2 45 0.00900360144058 0.939575830332
181 51.466 1 0.000200080032013 0.939775910364
182 51.84 1 0.000200080032013 0.939975990396
183 52.133 1 0.000200080032013 0.940176070428
184 52.853 1 0.000200080032013 0.94037615046
185 53.333 1 0.000200080032013 0.940576230492
186 53.334 3 0.000600240096038 0.941176470588
187 53.386 4 0.000800320128051 0.941976790716
188 53.387 11 0.00220088035214 0.944177671068
189 53.8 1 0.000200080032013 0.9443777511
190 54.0 21 0.00420168067227 0.948579431773
191 54.4 1 0.000200080032013 0.948779511805
192 55.0 4 0.000800320128051 0.949579831933
193 55.055 25 0.00500200080032 0.954581832733
194 55.334 1 0.000200080032013 0.954781912765
195 55.456 1 0.000200080032013 0.954981992797
196 55.733 1 0.000200080032013 0.955182072829
197 56.32 30 0.00600240096038 0.96118447379
198 56.612 2 0.000400160064026 0.961584633854
199 58.666 2 0.000400160064026 0.961984793918
200 58.667 4 0.000800320128051 0.962785114046
201 58.725 10 0.00200080032013 0.964785914366
202 58.726 3 0.000600240096038 0.965386154462
203 58.92 1 0.000200080032013 0.965586234494
204 59.4 12 0.00240096038415 0.967987194878
205 60.0 4 0.000800320128051 0.968787515006
206 60.06 9 0.00180072028812 0.970588235294
207 61.44 26 0.00520208083233 0.975790316126
208 61.759 1 0.000200080032013 0.975990396158
209 62.596 1 0.000200080032013 0.97619047619
210 63.697 1 0.000200080032013 0.976390556222
211 64.0 2 0.000400160064026 0.976790716287
212 64.064 10 0.00200080032013 0.978791516607
213 64.8 16 0.0032012805122 0.981992797119
214 65.0 6 0.00120048019208 0.983193277311
215 65.065 2 0.000400160064026 0.983593437375
216 66.56 18 0.00360144057623 0.987194877951
217 69.402 1 0.000200080032013 0.987394957983
218 69.403 5 0.00100040016006 0.988395358143
219 70.07 1 0.000200080032013 0.988595438175
220 71.68 15 0.00300120048019 0.991596638655
221 74.741 1 0.000200080032013 0.991796718687
222 74.742 1 0.000200080032013 0.991996798719
223 75.6 1 0.000200080032013 0.992196878751
224 76.8 6 0.00120048019208 0.993397358944
225 81.033 1 0.000200080032013 0.993597438976
226 81.92 2 0.000400160064026 0.99399759904
227 85.0 2 0.000400160064026 0.994397759104
228 85.085 1 0.000200080032013 0.994597839136
229 85.419 4 0.000800320128051 0.995398159264
230 87.04 2 0.000400160064026 0.995798319328
231 90.757 1 0.000200080032013 0.99599839936
232 90.758 1 0.000200080032013 0.996198479392
233 95.0 1 0.000200080032013 0.996398559424
234 96.096 2 0.000400160064026 0.996798719488
235 99.9 1 0.000200080032013 0.99699879952
236 100.0 2 0.000400160064026 0.997398959584
237 100.1 1 0.000200080032013 0.997599039616
238 101.435 1 0.000200080032013 0.997799119648
239 102.4 1 0.000200080032013 0.99799919968
240 107.52 1 0.000200080032013 0.998199279712
241 110.0 1 0.000200080032013 0.998399359744
242 120.12 2 0.000400160064026 0.998799519808
243 122.88 1 0.000200080032013 0.99899959984
244 150.0 1 0.000200080032013 0.999199679872
245 175.0 1 0.000200080032013 0.999399759904
246 185.0 1 0.000200080032013 0.999599839936
247 200.0 1 0.000200080032013 0.999799919968
248 210.0 1 0.000200080032013 1.0
