0 0.0 416.0 0.0311447181253 0.0311447181253
1 0.067 1.0 7.48671108782e-05 0.0312195852362
2 0.12 3.0 0.000224601332635 0.0314441865688
3 0.167 1.0 7.48671108782e-05 0.0315190536797
4 0.2 1.0 7.48671108782e-05 0.0315939207906
5 0.208 1.0 7.48671108782e-05 0.0316687879015
6 0.267 1.0 7.48671108782e-05 0.0317436550124
7 0.28 1.0 7.48671108782e-05 0.0318185221232
8 0.32 1.0 7.48671108782e-05 0.0318933892341
9 0.402 1.0 7.48671108782e-05 0.031968256345
10 0.48 1.0 7.48671108782e-05 0.0320431234559
11 0.502 1.0 7.48671108782e-05 0.0321179905667
12 0.56 2.0 0.000149734221756 0.0322677247885
13 0.6 2.0 0.000149734221756 0.0324174590103
14 0.7 1.0 7.48671108782e-05 0.0324923261211
15 0.72 3.0 0.000224601332635 0.0327169274538
16 0.92 1.0 7.48671108782e-05 0.0327917945646
17 0.933 1.0 7.48671108782e-05 0.0328666616755
18 1.0 1.0 7.48671108782e-05 0.0329415287864
19 1.04 3.0 0.000224601332635 0.033166130119
20 1.068 1.0 7.48671108782e-05 0.0332409972299
21 1.266 1.0 7.48671108782e-05 0.0333158643408
22 1.28 1.0 7.48671108782e-05 0.0333907314517
23 1.402 1.0 7.48671108782e-05 0.0334655985626
24 1.433 1.0 7.48671108782e-05 0.0335404656734
25 1.434 1.0 7.48671108782e-05 0.0336153327843
26 1.439 1.0 7.48671108782e-05 0.0336901998952
27 1.468 1.0 7.48671108782e-05 0.0337650670061
28 1.48 1.0 7.48671108782e-05 0.0338399341169
29 1.5 1.0 7.48671108782e-05 0.0339148012278
30 1.56 1.0 7.48671108782e-05 0.0339896683387
31 1.6 3.0 0.000224601332635 0.0342142696713
32 1.72 1.0 7.48671108782e-05 0.0342891367822
33 1.833 1.0 7.48671108782e-05 0.0343640038931
34 1.869 1.0 7.48671108782e-05 0.034438871004
35 1.901 1.0 7.48671108782e-05 0.0345137381148
36 2.001 1.0 7.48671108782e-05 0.0345886052257
37 2.04 1.0 7.48671108782e-05 0.0346634723366
38 2.16 1.0 7.48671108782e-05 0.0347383394475
39 2.243 1.0 7.48671108782e-05 0.0348132065584
40 2.348 1.0 7.48671108782e-05 0.0348880736692
41 2.366 1.0 7.48671108782e-05 0.0349629407801
42 2.4 1.0 7.48671108782e-05 0.035037807891
43 2.44 1.0 7.48671108782e-05 0.0351126750019
44 2.466 1.0 7.48671108782e-05 0.0351875421127
45 2.64 1.0 7.48671108782e-05 0.0352624092236
46 2.68 1.0 7.48671108782e-05 0.0353372763345
47 2.72 1.0 7.48671108782e-05 0.0354121434454
48 2.867 1.0 7.48671108782e-05 0.0354870105563
49 2.96 1.0 7.48671108782e-05 0.0355618776671
50 2.967 1.0 7.48671108782e-05 0.035636744778
51 3.041 1.0 7.48671108782e-05 0.0357116118889
52 3.08 2.0 0.000149734221756 0.0358613461107
53 3.113 1.0 7.48671108782e-05 0.0359362132215
54 3.16 1.0 7.48671108782e-05 0.0360110803324
55 3.2 2.0 0.000149734221756 0.0361608145542
56 3.24 1.0 7.48671108782e-05 0.036235681665
57 3.303 1.0 7.48671108782e-05 0.0363105487759
58 3.36 1.0 7.48671108782e-05 0.0363854158868
59 3.4 2.0 0.000149734221756 0.0365351501086
60 3.404 1.0 7.48671108782e-05 0.0366100172194
61 3.437 1.0 7.48671108782e-05 0.0366848843303
62 3.52 2.0 0.000149734221756 0.0368346185521
63 3.533 1.0 7.48671108782e-05 0.0369094856629
64 3.56 1.0 7.48671108782e-05 0.0369843527738
65 3.633 1.0 7.48671108782e-05 0.0370592198847
66 3.64 1.0 7.48671108782e-05 0.0371340869956
67 3.72 1.0 7.48671108782e-05 0.0372089541065
68 3.733 1.0 7.48671108782e-05 0.0372838212173
69 3.737 1.0 7.48671108782e-05 0.0373586883282
70 3.76 1.0 7.48671108782e-05 0.0374335554391
71 3.77 1.0 7.48671108782e-05 0.03750842255
72 3.8 1.0 7.48671108782e-05 0.0375832896609
73 3.804 2.0 0.000149734221756 0.0377330238826
74 3.84 3.0 0.000224601332635 0.0379576252152
75 3.871 1.0 7.48671108782e-05 0.0380324923261
76 3.9 1.0 7.48671108782e-05 0.038107359437
77 3.917 1.0 7.48671108782e-05 0.0381822265479
78 3.937 4.0 0.000299468443513 0.0384816949914
79 3.96 2.0 0.000149734221756 0.0386314292131
80 3.97 1.0 7.48671108782e-05 0.038706296324
81 4.0 1.0 7.48671108782e-05 0.0387811634349
82 4.08 3.0 0.000224601332635 0.0390057647675
83 4.12 1.0 7.48671108782e-05 0.0390806318784
84 4.2 1.0 7.48671108782e-05 0.0391554989893
85 4.4 4.0 0.000299468443513 0.0394549674328
86 4.48 1.0 7.48671108782e-05 0.0395298345437
87 4.56 2.0 0.000149734221756 0.0396795687654
88 4.638 1.0 7.48671108782e-05 0.0397544358763
89 4.64 2.0 0.000149734221756 0.0399041700981
90 4.667 1.0 7.48671108782e-05 0.039979037209
91 4.733 3.0 0.000224601332635 0.0402036385416
92 4.8 1.0 7.48671108782e-05 0.0402785056525
93 4.84 1.0 7.48671108782e-05 0.0403533727633
94 4.854 1.0 7.48671108782e-05 0.0404282398742
95 4.88 1.0 7.48671108782e-05 0.0405031069851
96 4.933 1.0 7.48671108782e-05 0.040577974096
97 4.955 1.0 7.48671108782e-05 0.0406528412069
98 5.0 591.0 0.044246462529 0.0848993037359
99 5.005 819.0 0.0613161638092 0.146215467545
100 5.031 7.0 0.000524069776147 0.146739537321
101 5.032 10.0 0.000748671108782 0.14748820843
102 5.045 18.0 0.00134760799581 0.148835816426
103 5.046 50.0 0.00374335554391 0.15257917197
104 5.066 106.0 0.00793591375309 0.160515085723
105 5.067 223.0 0.0166953657258 0.177210451449
106 5.071 3.0 0.000224601332635 0.177435052781
107 5.072 7.0 0.000524069776147 0.177959122557
108 5.1 1.0 7.48671108782e-05 0.178033989668
109 5.12 2402.0 0.179830800329 0.357864789998
110 5.13 1.0 7.48671108782e-05 0.357939657109
111 5.133 2.0 0.000149734221756 0.35808939133
112 5.146 29.0 0.00217114621547 0.360260537546
113 5.147 39.0 0.00291981732425 0.36318035487
114 5.167 1.0 7.48671108782e-05 0.363255221981
115 5.24 1.0 7.48671108782e-05 0.363330089092
116 5.333 434.0 0.0324923261211 0.395822415213
117 5.334 213.0 0.0159466946171 0.41176910983
118 5.338 374.0 0.0280002994684 0.439769409298
119 5.339 784.0 0.0586958149285 0.498465224227
120 5.356 13.0 0.000973272441416 0.499438496668
121 5.357 7.0 0.000524069776147 0.499962566445
122 5.4 625.0 0.0467919442989 0.546754510743
123 5.44 1.0 7.48671108782e-05 0.546829377854
124 5.539 2.0 0.000149734221756 0.546979112076
125 5.566 1.0 7.48671108782e-05 0.547053979187
126 5.6 2.0 0.000149734221756 0.547203713409
127 5.68 1.0 7.48671108782e-05 0.54727858052
128 5.734 1.0 7.48671108782e-05 0.54735344763
129 5.76 2.0 0.000149734221756 0.547503181852
130 5.96 1.0 7.48671108782e-05 0.547578048963
131 6.16 1.0 7.48671108782e-05 0.547652916074
132 6.273 1.0 7.48671108782e-05 0.547727783185
133 6.28 1.0 7.48671108782e-05 0.547802650296
134 6.48 1.0 7.48671108782e-05 0.547877517407
135 6.52 5.0 0.000374335554391 0.548251852961
136 6.766 1.0 7.48671108782e-05 0.548326720072
137 6.873 1.0 7.48671108782e-05 0.548401587183
138 7.12 1.0 7.48671108782e-05 0.548476454294
139 7.134 1.0 7.48671108782e-05 0.548551321405
140 7.2 1.0 7.48671108782e-05 0.548626188515
141 7.474 1.0 7.48671108782e-05 0.548701055626
142 7.541 2.0 0.000149734221756 0.548850789848
143 7.56 1.0 7.48671108782e-05 0.548925656959
144 7.6 1.0 7.48671108782e-05 0.54900052407
145 7.625 1.0 7.48671108782e-05 0.549075391181
146 7.743 3.0 0.000224601332635 0.549299992513
147 8.2 1.0 7.48671108782e-05 0.549374859624
148 8.24 2.0 0.000149734221756 0.549524593846
149 8.84 1.0 7.48671108782e-05 0.549599460957
150 8.96 1.0 7.48671108782e-05 0.549674328068
151 9.009 1.0 7.48671108782e-05 0.549749195179
152 9.143 1.0 7.48671108782e-05 0.549824062289
153 9.176 1.0 7.48671108782e-05 0.5498989294
154 9.234 1.0 7.48671108782e-05 0.549973796511
155 9.24 2.0 0.000149734221756 0.550123530733
156 9.28 1.0 7.48671108782e-05 0.550198397844
157 9.31 1.0 7.48671108782e-05 0.550273264955
158 9.476 1.0 7.48671108782e-05 0.550348132066
159 9.52 1.0 7.48671108782e-05 0.550422999176
160 9.56 1.0 7.48671108782e-05 0.550497866287
161 9.667 1.0 7.48671108782e-05 0.550572733398
162 9.676 2.0 0.000149734221756 0.55072246762
163 9.68 1.0 7.48671108782e-05 0.550797334731
164 9.88 1.0 7.48671108782e-05 0.550872201842
165 9.944 1.0 7.48671108782e-05 0.550947068953
166 9.96 1.0 7.48671108782e-05 0.551021936063
167 10.0 37.0 0.00277008310249 0.553792019166
168 10.01 53.0 0.00396795687654 0.557759976043
169 10.063 5.0 0.000374335554391 0.558134311597
170 10.064 4.0 0.000299468443513 0.55843378004
171 10.067 2.0 0.000149734221756 0.558583514262
172 10.077 1.0 7.48671108782e-05 0.558658381373
173 10.091 6.0 0.000449202665269 0.559107584038
174 10.092 8.0 0.000598936887026 0.559706520925
175 10.12 2.0 0.000149734221756 0.559856255147
176 10.133 54.0 0.00404282398742 0.563899079135
177 10.134 21.0 0.00157220932844 0.565471288463
178 10.143 5.0 0.000374335554391 0.565845624017
179 10.144 3.0 0.000224601332635 0.56607022535
180 10.16 1.0 7.48671108782e-05 0.566145092461
181 10.2 2.0 0.000149734221756 0.566294826683
182 10.24 238.0 0.017818372389 0.584113199072
183 10.293 1.0 7.48671108782e-05 0.584188066183
184 10.294 1.0 7.48671108782e-05 0.584262933293
185 10.344 1.0 7.48671108782e-05 0.584337800404
186 10.36 1.0 7.48671108782e-05 0.584412667515
187 10.433 1.0 7.48671108782e-05 0.584487534626
188 10.466 1.0 7.48671108782e-05 0.584562401737
189 10.478 1.0 7.48671108782e-05 0.584637268848
190 10.513 1.0 7.48671108782e-05 0.584712135959
191 10.56 1.0 7.48671108782e-05 0.58478700307
192 10.6 1.0 7.48671108782e-05 0.58486187018
193 10.666 25.0 0.00187167777195 0.586733547952
194 10.667 49.0 0.00366848843303 0.590402036385
195 10.677 60.0 0.00449202665269 0.594894063038
196 10.678 30.0 0.00224601332635 0.597140076364
197 10.713 4.0 0.000299468443513 0.597439544808
198 10.8 18.0 0.00134760799581 0.598787152804
199 10.844 1.0 7.48671108782e-05 0.598862019915
200 10.867 1.0 7.48671108782e-05 0.598936887026
201 10.9 1.0 7.48671108782e-05 0.599011754136
202 10.96 1.0 7.48671108782e-05 0.599086621247
203 11.178 1.0 7.48671108782e-05 0.599161488358
204 11.2 2.0 0.000149734221756 0.59931122258
205 11.211 1.0 7.48671108782e-05 0.599386089691
206 11.24 1.0 7.48671108782e-05 0.599460956802
207 11.52 1.0 7.48671108782e-05 0.599535823913
208 11.611 1.0 7.48671108782e-05 0.599610691023
209 11.64 1.0 7.48671108782e-05 0.599685558134
210 11.667 1.0 7.48671108782e-05 0.599760425245
211 11.678 1.0 7.48671108782e-05 0.599835292356
212 11.84 1.0 7.48671108782e-05 0.599910159467
213 12.12 1.0 7.48671108782e-05 0.599985026578
214 12.212 1.0 7.48671108782e-05 0.600059893689
215 12.279 1.0 7.48671108782e-05 0.6001347608
216 12.28 1.0 7.48671108782e-05 0.60020962791
217 12.36 1.0 7.48671108782e-05 0.600284495021
218 12.64 1.0 7.48671108782e-05 0.600359362132
219 13.213 1.0 7.48671108782e-05 0.600434229243
220 13.52 1.0 7.48671108782e-05 0.600509096354
221 14.2 1.0 7.48671108782e-05 0.600583963465
222 14.214 1.0 7.48671108782e-05 0.600658830576
223 14.8 1.0 7.48671108782e-05 0.600733697687
224 15.0 13.0 0.000973272441416 0.601706970128
225 15.015 34.0 0.00254548176986 0.604252451898
226 15.095 5.0 0.000374335554391 0.604626787452
227 15.137 7.0 0.000524069776147 0.605150857228
228 15.2 40.0 0.00299468443513 0.608145541664
229 15.215 3.0 0.000224601332635 0.608370142996
230 15.36 123.0 0.00920865463802 0.617578797634
231 15.439 1.0 7.48671108782e-05 0.617653664745
232 15.44 2.0 0.000149734221756 0.617803398967
233 15.934 1.0 7.48671108782e-05 0.617878266078
234 15.983 1.0 7.48671108782e-05 0.617953133189
235 16.0 46.0 0.0034438871004 0.621397020289
236 16.016 51.0 0.00381822265479 0.625215242944
237 16.04 1.0 7.48671108782e-05 0.625290110055
238 16.069 1.0 7.48671108782e-05 0.625364977166
239 16.2 9.0 0.000673803997904 0.626038781163
240 16.269 1.0 7.48671108782e-05 0.626113648274
241 16.349 1.0 7.48671108782e-05 0.626188515385
242 16.416 1.0 7.48671108782e-05 0.626263382496
243 16.417 1.0 7.48671108782e-05 0.626338249607
244 16.48 1.0 7.48671108782e-05 0.626413116718
245 16.749 1.0 7.48671108782e-05 0.626487983829
246 17.017 3.0 0.000224601332635 0.626712585161
247 17.2 1.0 7.48671108782e-05 0.626787452272
248 17.542 1.0 7.48671108782e-05 0.626862319383
249 18.033 1.0 7.48671108782e-05 0.626937186494
250 19.019 1.0 7.48671108782e-05 0.627012053605
251 19.8 1.0 7.48671108782e-05 0.627086920716
252 19.887 1.0 7.48671108782e-05 0.627161787827
253 19.953 1.0 7.48671108782e-05 0.627236654937
254 20.0 17.0 0.00127274088493 0.628509395822
255 20.02 18.0 0.00134760799581 0.629857003818
256 20.127 4.0 0.000299468443513 0.630156472262
257 20.182 1.0 7.48671108782e-05 0.630231339373
258 20.183 5.0 0.000374335554391 0.630605674927
259 20.266 13.0 0.000973272441416 0.631578947368
260 20.267 13.0 0.000973272441416 0.63255221981
261 20.287 2.0 0.000149734221756 0.632701954032
262 20.48 85.0 0.00636370442465 0.639065658456
263 20.587 1.0 7.48671108782e-05 0.639140525567
264 20.621 1.0 7.48671108782e-05 0.639215392678
265 20.651 1.0 7.48671108782e-05 0.639290259789
266 20.72 1.0 7.48671108782e-05 0.6393651269
267 21.04 1.0 7.48671108782e-05 0.639439994011
268 21.088 1.0 7.48671108782e-05 0.639514861122
269 21.333 19.0 0.00142247510669 0.640937336228
270 21.334 13.0 0.000973272441416 0.64191060867
271 21.354 14.0 0.00104813955229 0.642958748222
272 21.355 28.0 0.00209627910459 0.645055027326
273 21.388 1.0 7.48671108782e-05 0.645129894437
274 21.425 4.0 0.000299468443513 0.645429362881
275 21.48 1.0 7.48671108782e-05 0.645504229992
276 21.6 9.0 0.000673803997904 0.64617803399
277 21.688 1.0 7.48671108782e-05 0.646252901101
278 21.72 1.0 7.48671108782e-05 0.646327768211
279 21.92 1.0 7.48671108782e-05 0.646402635322
280 22.16 1.0 7.48671108782e-05 0.646477502433
281 22.423 1.0 7.48671108782e-05 0.646552369544
282 22.44 1.0 7.48671108782e-05 0.646627236655
283 22.6 1.0 7.48671108782e-05 0.646702103766
284 22.622 1.0 7.48671108782e-05 0.646776970877
285 22.756 1.0 7.48671108782e-05 0.646851837988
286 23.04 1.0 7.48671108782e-05 0.646926705098
287 24.066 1.0 7.48671108782e-05 0.647001572209
288 24.08 1.0 7.48671108782e-05 0.64707643932
289 24.09 2.0 0.000149734221756 0.647226173542
290 24.388 1.0 7.48671108782e-05 0.647301040653
291 24.958 1.0 7.48671108782e-05 0.647375907764
292 25.0 87.0 0.0065134386464 0.65388934641
293 25.025 46.0 0.0034438871004 0.657333233511
294 25.158 15.0 0.00112300666317 0.658456240174
295 25.159 14.0 0.00104813955229 0.659504379726
296 25.2 1.0 7.48671108782e-05 0.659579246837
297 25.228 13.0 0.000973272441416 0.660552519278
298 25.229 20.0 0.00149734221756 0.662049861496
299 25.333 194.0 0.0145242195104 0.676574081006
300 25.334 102.0 0.00763644530958 0.684210526316
301 25.358 4.0 0.000299468443513 0.684509994759
302 25.359 7.0 0.000524069776147 0.685034064535
303 25.6 489.0 0.0366100172194 0.721644081755
304 25.732 2.0 0.000149734221756 0.721793815977
305 25.733 1.0 7.48671108782e-05 0.721868683088
306 25.84 1.0 7.48671108782e-05 0.721943550198
307 25.959 1.0 7.48671108782e-05 0.722018417309
308 26.16 1.0 7.48671108782e-05 0.72209328442
309 26.493 1.0 7.48671108782e-05 0.722168151531
310 26.6 1.0 7.48671108782e-05 0.722243018642
311 26.666 60.0 0.00449202665269 0.726735045295
312 26.667 128.0 0.00958299019241 0.736318035487
313 26.693 136.0 0.0101819270794 0.746499962566
314 26.694 64.0 0.0047914950962 0.751291457663
315 26.782 6.0 0.000449202665269 0.751740660328
316 27.0 32.0 0.0023957475481 0.754136407876
317 27.68 1.0 7.48671108782e-05 0.754211274987
318 27.762 1.0 7.48671108782e-05 0.754286142098
319 27.819 1.0 7.48671108782e-05 0.754361009209
320 28.495 1.0 7.48671108782e-05 0.75443587632
321 28.795 1.0 7.48671108782e-05 0.75451074343
322 29.44 1.0 7.48671108782e-05 0.754585610541
323 29.6 1.0 7.48671108782e-05 0.754660477652
324 29.84 1.0 7.48671108782e-05 0.754735344763
325 30.0 39.0 0.00291981732425 0.757655162087
326 30.03 70.0 0.00524069776147 0.762895859849
327 30.19 13.0 0.000973272441416 0.76386913229
328 30.191 7.0 0.000524069776147 0.764393202066
329 30.274 5.0 0.000374335554391 0.764767537621
330 30.275 2.0 0.000149734221756 0.764917271842
331 30.4 104.0 0.00778617953133 0.772703451374
332 30.43 18.0 0.00134760799581 0.77405105937
333 30.431 13.0 0.000973272441416 0.775024331811
334 30.72 554.0 0.0414763794265 0.816500711238
335 30.879 1.0 7.48671108782e-05 0.816575578348
336 31.04 1.0 7.48671108782e-05 0.816650445459
337 31.6 1.0 7.48671108782e-05 0.81672531257
338 31.8 1.0 7.48671108782e-05 0.816800179681
339 32.0 203.0 0.0151980235083 0.831998203189
340 32.032 274.0 0.0205135883806 0.85251179157
341 32.034 1.0 7.48671108782e-05 0.852586658681
342 32.138 12.0 0.000898405330538 0.853485064011
343 32.4 18.0 0.00134760799581 0.854832672007
344 32.8 1.0 7.48671108782e-05 0.854907539118
345 33.0 1.0 7.48671108782e-05 0.854982406229
346 33.12 1.0 7.48671108782e-05 0.85505727334
347 33.44 1.0 7.48671108782e-05 0.855132140451
348 34.167 1.0 7.48671108782e-05 0.855207007562
349 34.76 1.0 7.48671108782e-05 0.855281874672
350 35.0 50.0 0.00374335554391 0.859025230216
351 35.035 104.0 0.00778617953133 0.866811409748
352 35.2 1.0 7.48671108782e-05 0.866886276859
353 35.222 1.0 7.48671108782e-05 0.866961143969
354 35.466 2.0 0.000149734221756 0.867110878191
355 35.467 3.0 0.000224601332635 0.867335479524
356 35.502 1.0 7.48671108782e-05 0.867410346635
357 35.52 1.0 7.48671108782e-05 0.867485213746
358 35.636 1.0 7.48671108782e-05 0.867560080856
359 35.84 199.0 0.0148985550648 0.882458635921
360 36.025 1.0 7.48671108782e-05 0.882533503032
361 36.026 3.0 0.000224601332635 0.882758104365
362 36.16 1.0 7.48671108782e-05 0.882832971476
363 37.037 1.0 7.48671108782e-05 0.882907838587
364 37.04 1.0 7.48671108782e-05 0.882982705697
365 37.2 1.0 7.48671108782e-05 0.883057572808
366 37.304 1.0 7.48671108782e-05 0.883132439919
367 37.333 64.0 0.0047914950962 0.887923935015
368 37.334 32.0 0.0023957475481 0.890319682563
369 37.37 43.0 0.00321928576776 0.893538968331
370 37.371 86.0 0.00643857153552 0.899977539867
371 37.494 1.0 7.48671108782e-05 0.900052406978
372 37.495 5.0 0.000374335554391 0.900426742532
373 37.6 1.0 7.48671108782e-05 0.900501609643
374 37.771 1.0 7.48671108782e-05 0.900576476754
375 37.8 33.0 0.00247061465898 0.903047091413
376 37.838 1.0 7.48671108782e-05 0.903121958524
377 38.438 1.0 7.48671108782e-05 0.903196825635
378 38.6 1.0 7.48671108782e-05 0.903271692745
379 38.68 1.0 7.48671108782e-05 0.903346559856
380 38.746 1.0 7.48671108782e-05 0.903421426967
381 38.972 1.0 7.48671108782e-05 0.903496294078
382 39.6 1.0 7.48671108782e-05 0.903571161189
383 40.0 34.0 0.00254548176986 0.906116642959
384 40.04 71.0 0.00531556487235 0.911432207831
385 40.066 1.0 7.48671108782e-05 0.911507074942
386 40.574 1.0 7.48671108782e-05 0.911581942053
387 40.8 1.0 7.48671108782e-05 0.911656809164
388 40.96 149.0 0.0111551995209 0.922812008685
389 41.172 3.0 0.000224601332635 0.923036610017
390 41.173 2.0 0.000149734221756 0.923186344239
391 41.2 1.0 7.48671108782e-05 0.92326121135
392 41.241 1.0 7.48671108782e-05 0.923336078461
393 42.175 1.0 7.48671108782e-05 0.923410945572
394 42.242 1.0 7.48671108782e-05 0.923485812682
395 42.6 1.0 7.48671108782e-05 0.923560679793
396 42.666 18.0 0.00134760799581 0.924908287789
397 42.667 23.0 0.0017219435502 0.926630231339
398 42.709 44.0 0.00329415287864 0.929924384218
399 42.71 17.0 0.00127274088493 0.931197125103
400 42.72 1.0 7.48671108782e-05 0.931271992214
401 42.85 1.0 7.48671108782e-05 0.931346859325
402 42.851 11.0 0.00082353821966 0.932170397544
403 43.2 40.0 0.00299468443513 0.935165081979
404 43.277 1.0 7.48671108782e-05 0.93523994909
405 43.335 1.0 7.48671108782e-05 0.935314816201
406 43.644 1.0 7.48671108782e-05 0.935389683312
407 44.16 1.0 7.48671108782e-05 0.935464550423
408 44.334 1.0 7.48671108782e-05 0.935539417534
409 44.577 1.0 7.48671108782e-05 0.935614284645
410 45.0 20.0 0.00149734221756 0.937111626862
411 45.045 49.0 0.00366848843303 0.940780115295
412 45.312 1.0 7.48671108782e-05 0.940854982406
413 45.411 1.0 7.48671108782e-05 0.940929849517
414 46.08 98.0 0.00733697686606 0.948266826383
415 46.319 1.0 7.48671108782e-05 0.948341693494
416 46.379 1.0 7.48671108782e-05 0.948416560605
417 46.64 1.0 7.48671108782e-05 0.948491427716
418 46.847 1.0 7.48671108782e-05 0.948566294827
419 46.913 1.0 7.48671108782e-05 0.948641161938
420 46.947 1.0 7.48671108782e-05 0.948716029048
421 46.96 1.0 7.48671108782e-05 0.948790896159
422 47.8 1.0 7.48671108782e-05 0.94886576327
423 48.0 18.0 0.00134760799581 0.950213371266
424 48.048 30.0 0.00224601332635 0.952459384592
425 48.207 1.0 7.48671108782e-05 0.952534251703
426 48.208 1.0 7.48671108782e-05 0.952609118814
427 48.582 1.0 7.48671108782e-05 0.952683985925
428 48.6 32.0 0.0023957475481 0.955079733473
429 48.649 1.0 7.48671108782e-05 0.955154600584
430 48.782 1.0 7.48671108782e-05 0.955229467695
431 48.88 1.0 7.48671108782e-05 0.955304334806
432 49.182 1.0 7.48671108782e-05 0.955379201917
433 49.266 1.0 7.48671108782e-05 0.955454069027
434 49.316 1.0 7.48671108782e-05 0.955528936138
435 49.583 1.0 7.48671108782e-05 0.955603803249
436 49.666 1.0 7.48671108782e-05 0.95567867036
437 49.816 1.0 7.48671108782e-05 0.955753537471
438 49.983 1.0 7.48671108782e-05 0.955828404582
439 50.0 17.0 0.00127274088493 0.957101145467
440 50.05 39.0 0.00291981732425 0.960020962791
441 50.117 1.0 7.48671108782e-05 0.960095829902
442 50.318 1.0 7.48671108782e-05 0.960170697013
443 50.651 1.0 7.48671108782e-05 0.960245564124
444 50.666 1.0 7.48671108782e-05 0.960320431235
445 50.667 1.0 7.48671108782e-05 0.960395298345
446 50.985 1.0 7.48671108782e-05 0.960470165456
447 51.2 55.0 0.0041176910983 0.964587856555
448 51.385 1.0 7.48671108782e-05 0.964662723666
449 51.466 1.0 7.48671108782e-05 0.964737590776
450 51.518 1.0 7.48671108782e-05 0.964812457887
451 51.652 1.0 7.48671108782e-05 0.964887324998
452 51.84 1.0 7.48671108782e-05 0.964962192109
453 51.852 1.0 7.48671108782e-05 0.96503705922
454 52.119 1.0 7.48671108782e-05 0.965111926331
455 52.133 1.0 7.48671108782e-05 0.965186793442
456 52.853 2.0 0.000149734221756 0.965336527663
457 52.92 1.0 7.48671108782e-05 0.965411394774
458 53.333 2.0 0.000149734221756 0.965561128996
459 53.334 5.0 0.000374335554391 0.96593546455
460 53.386 6.0 0.000449202665269 0.966384667216
461 53.387 14.0 0.00104813955229 0.967432806768
462 53.52 1.0 7.48671108782e-05 0.967507673879
463 53.8 1.0 7.48671108782e-05 0.96758254099
464 54.0 25.0 0.00187167777195 0.969454218762
465 54.4 1.0 7.48671108782e-05 0.969529085873
466 54.788 1.0 7.48671108782e-05 0.969603952983
467 54.855 1.0 7.48671108782e-05 0.969678820094
468 55.0 10.0 0.000748671108782 0.970427491203
469 55.055 36.0 0.00269521599161 0.973122707195
470 55.134 1.0 7.48671108782e-05 0.973197574306
471 55.322 1.0 7.48671108782e-05 0.973272441416
472 55.334 1.0 7.48671108782e-05 0.973347308527
473 55.456 1.0 7.48671108782e-05 0.973422175638
474 55.522 1.0 7.48671108782e-05 0.973497042749
475 55.733 1.0 7.48671108782e-05 0.97357190986
476 56.189 1.0 7.48671108782e-05 0.973646776971
477 56.32 41.0 0.00306955154601 0.976716328517
478 56.589 1.0 7.48671108782e-05 0.976791195628
479 56.612 3.0 0.000224601332635 0.97701579696
480 56.613 1.0 7.48671108782e-05 0.977090664071
481 56.79 1.0 7.48671108782e-05 0.977165531182
482 56.923 1.0 7.48671108782e-05 0.977240398293
483 57.524 1.0 7.48671108782e-05 0.977315265404
484 57.657 1.0 7.48671108782e-05 0.977390132515
485 58.425 1.0 7.48671108782e-05 0.977464999626
486 58.666 2.0 0.000149734221756 0.977614733847
487 58.667 4.0 0.000299468443513 0.977914202291
488 58.725 13.0 0.000973272441416 0.978887474732
489 58.726 4.0 0.000299468443513 0.979186943176
490 58.92 1.0 7.48671108782e-05 0.979261810287
491 59.32 1.0 7.48671108782e-05 0.979336677398
492 59.326 2.0 0.000149734221756 0.979486411619
493 59.4 18.0 0.00134760799581 0.980834019615
494 59.793 1.0 7.48671108782e-05 0.980908886726
495 59.934 2.0 0.000149734221756 0.981058620948
496 60.0 8.0 0.000598936887026 0.981657557835
497 60.06 13.0 0.000973272441416 0.982630830276
498 60.666 1.0 7.48671108782e-05 0.982705697387
499 60.728 1.0 7.48671108782e-05 0.982780564498
500 61.127 1.0 7.48671108782e-05 0.982855431609
501 61.44 38.0 0.00284495021337 0.985700381822
502 61.758 1.0 7.48671108782e-05 0.985775248933
503 61.759 1.0 7.48671108782e-05 0.985850116044
504 62.596 1.0 7.48671108782e-05 0.985924983155
505 62.73 1.0 7.48671108782e-05 0.985999850266
506 63.697 1.0 7.48671108782e-05 0.986074717377
507 63.73 1.0 7.48671108782e-05 0.986149584488
508 64.0 3.0 0.000224601332635 0.98637418582
509 64.064 11.0 0.00082353821966 0.98719772404
510 64.464 1.0 7.48671108782e-05 0.987272591151
511 64.8 18.0 0.00134760799581 0.988620199147
512 65.0 7.0 0.000524069776147 0.989144268923
513 65.065 7.0 0.000524069776147 0.989668338699
514 66.56 28.0 0.00209627910459 0.991764617803
515 68.735 1.0 7.48671108782e-05 0.991839484914
516 69.402 1.0 7.48671108782e-05 0.991914352025
517 69.403 6.0 0.000449202665269 0.99236355469
518 69.537 1.0 7.48671108782e-05 0.992438421801
519 70.07 4.0 0.000299468443513 0.992737890245
520 71.137 1.0 7.48671108782e-05 0.992812757356
521 71.68 22.0 0.00164707643932 0.994459833795
522 74.741 2.0 0.000149734221756 0.994609568017
523 74.742 1.0 7.48671108782e-05 0.994684435128
524 75.0 1.0 7.48671108782e-05 0.994759302239
525 75.075 1.0 7.48671108782e-05 0.994834169349
526 75.6 2.0 0.000149734221756 0.994983903571
527 75.734 1.0 7.48671108782e-05 0.995058770682
528 76.8 6.0 0.000449202665269 0.995507973347
529 80.2 1.0 7.48671108782e-05 0.995582840458
530 81.033 1.0 7.48671108782e-05 0.995657707569
531 81.92 3.0 0.000224601332635 0.995882308902
532 85.0 4.0 0.000299468443513 0.996181777345
533 85.085 1.0 7.48671108782e-05 0.996256644456
534 85.418 1.0 7.48671108782e-05 0.996331511567
535 85.419 4.0 0.000299468443513 0.99663098001
536 87.04 4.0 0.000299468443513 0.996930448454
537 90.0 1.0 7.48671108782e-05 0.997005315565
538 90.757 1.0 7.48671108782e-05 0.997080182676
539 90.758 1.0 7.48671108782e-05 0.997155049787
540 95.0 1.0 7.48671108782e-05 0.997229916898
541 96.096 2.0 0.000149734221756 0.997379651119
542 99.9 1.0 7.48671108782e-05 0.99745451823
543 100.0 2.0 0.000149734221756 0.997604252452
544 100.1 1.0 7.48671108782e-05 0.997679119563
545 101.334 2.0 0.000149734221756 0.997828853785
546 101.435 2.0 0.000149734221756 0.997978588006
547 102.4 2.0 0.000149734221756 0.998128322228
548 105.0 1.0 7.48671108782e-05 0.998203189339
549 105.105 1.0 7.48671108782e-05 0.99827805645
550 106.774 1.0 7.48671108782e-05 0.998352923561
551 107.52 1.0 7.48671108782e-05 0.998427790672
552 107.907 1.0 7.48671108782e-05 0.998502657782
553 110.0 1.0 7.48671108782e-05 0.998577524893
554 110.11 1.0 7.48671108782e-05 0.998652392004
555 120.12 2.0 0.000149734221756 0.998802126226
556 122.88 1.0 7.48671108782e-05 0.998876993337
557 125.0 2.0 0.000149734221756 0.999026727559
558 125.125 1.0 7.48671108782e-05 0.999101594669
559 130.0 2.0 0.000149734221756 0.999251328891
560 130.13 1.0 7.48671108782e-05 0.999326196002
561 145.0 1.0 7.48671108782e-05 0.999401063113
562 150.0 1.0 7.48671108782e-05 0.999475930224
563 155.155 1.0 7.48671108782e-05 0.999550797335
564 160.0 1.0 7.48671108782e-05 0.999625664446
565 175.0 1.0 7.48671108782e-05 0.999700531556
566 185.0 1.0 7.48671108782e-05 0.999775398667
567 200.0 1.0 7.48671108782e-05 0.999850265778
568 210.0 1.0 7.48671108782e-05 0.999925132889
569 235.0 1.0 7.48671108782e-05 1.0
