2298.331744518589
2317.3861852433283
2086.492537313433
2320.471281296024
2319.954954954955
2376.9861286254727
2327.4847094801225
2283.8405036726126
2252.6248941574936
2313.165680473373
2259.9603567889
2349.1364421416233
2135.3982300884954
2287.56345177665
2302.3158694001518
2252.035490605428
2190.5550146056476
2274.087591240876
2310.3591160220994
1334.375
2200.1131221719456
2301.0476190476193
2263.649564375605
2114.6253602305474
2323.2093023255816
2267.5953079178885
2290.1162790697676
2369.509433962264
2324.226804123711
2380.3459119496856
2197.8443113772455
2232.308743169399
2125.744680851064
2212.938331318017
2177.801120448179
2302.5581395348836
2327.0342205323195
2345.8333333333335
2280.2207130730053
2156.1046511627906
2317.9586563307494
2326.112920738328
2188.589211618257
2278.5144566301096
2309.2670598146588
2264.967811158798
2156.564417177914
2290.853158326497
2310.1998334721065
2305.695208169678
2086.042183622829
2357.7656675749317
2349.7431506849316
