2158.5239085239086
2143.1778929188254
2114.4321766561516
2152.816326530612
2092.2960725075527
2170.9422283356257
2170.8406304728546
2112.5553097345132
2178.45953002611
2313.7351778656125
2213.257575757576
2326.3362068965516
2139.6437994722955
2208.0464716006886
2188.7861736334407
2159.84375
2070.307529162248
2143.8715131022823
2149.1769547325102
1410.0
2120.6242350061198
2142.842535787321
2156.9270833333335
2113.7628111273793
2337.663551401869
2093.736263736264
2122.497055359246
2373.5471698113206
2101.805251641138
2369.577133907596
2145.3964194373402
2314.6446078431372
2079.285714285714
2092.7152317880796
2059.472049689441
2113.894324853229
2186.5549828178696
2213.8380281690143
2350.7089241034196
2080.9375
2201.9021739130435
2286.220472440945
2122.3922902494332
2124.2765273311898
2187.303664921466
2111.1719605695507
2142.3507462686566
2205.8744394618834
2264.813205907906
2227.9423868312756
2069.7766097240474
2352.9038112522685
2143.240823634736
4092.2811059907835
3818.0392156862745
3382.442748091603
3789.617486338798
3634.107579462103
3832.9007633587785
3852.3255813953488
3712.8428927680798
3783.9250493096647
3630.738786279683
4012.836185819071
4103.340292275574
3508.1993569131832
3772.4101479915435
3826.6221374045804
3691.7283950617284
3447.3901098901097
3239.749430523918
3282.0175438596493
3023.9766081871344
3578.9772727272725
3738.9671361502346
3668.204488778055
3378.409090909091
3757.2639225181597
3662.899262899263
3587.9166666666665
4096.6010733452595
3739.8263027295284
4087.9506641366224
3479.7507788161993
3570.074349442379
3362.4528301886794
3553.470031545741
3493.911439114391
3728.695652173913
3764.519230769231
3936.8200836820083
3661.1725663716816
3526.991150442478
3647.1553610503283
4023.157894736842
3736.3636363636365
3709.7402597402597
3832.876712328767
3667.6092544987146
3525.373134328358
3773.6139630390144
3729.936305732484
3812.5
3418.8291139240505
3871.609195402299
3814.285714285714
309.2889908256881
309.64285714285717
310.03184713375794
309.7826086956522
309.5137420718816
309.5744680851064
309.64285714285717
310.02227171492206
309.62566844919786
309.3967517401392
309.44055944055947
309.35550935550935
310.0
309.4106463878327
309.45709281961473
309.86842105263156
310.02227171492206
309.3587521663778
309.53389830508473
313.2352941176471
309.97536945812806
309.375
309.95575221238937
310.06389776357827
309.8468271334792
309.86842105263156
309.8780487804878
309.62566844919786
309.86842105263156
309.2696629213483
309.6514745308311
309.2920353982301
310.0
309.8360655737705
309.96835443037975
309.8605577689243
309.4903339191564
309.3994778067885
309.70588235294116
309.2071611253197
309.744094488189
309.2071611253197
309.24657534246575
309.2255125284738
309.62566844919786
309.2255125284738
309.35064935064935
309.28705440900563
309.5744680851064
309.64285714285717
309.62566844919786
309.69827586206895
309.7472924187726
300.0
300.0
300.0
300.0
300.0
300.0
300.0
300.0
300.0
300.0
300.0
300.0
300.0
300.0
300.0
300.0
300.0
300.0
300.0
300.0
300.0
300.0
300.0
300.0
300.0
300.0
300.0
300.0
300.0
300.0
300.0
300.0
300.0
300.0
300.0
300.0
300.0
300.0
300.0
300.0
300.0
300.0
300.0
300.0
300.0
300.0
300.0
300.0
300.0
300.0
300.0
300.0
300.0
3904.334365325077
1811.4014251781473
1810.5990783410139
1782.4833702882484
1758.974358974359
2125.4612546125463
1880.1418439716313
1799.0825688073394
1781.0426540284361
1665.2996845425866
2157.777777777778
3990.5555555555557
1814.5669291338584
1779.040404040404
2784.953703703704
1755.688622754491
1742.2018348623853
1733.1050228310503
1752.0
1694.1176470588234
1792.8082191780823
1760.3351955307262
1773.5562310030396
1782.4884792626729
1950.1492537313434
1718.562874251497
1836.7003367003367
3991.9621749408984
1837.7245508982037
3707.4257425742576
1728.7313432835822
1877.2727272727273
1733.48623853211
1695.8015267175572
1793.119266055046
1768.279569892473
1785.3828306264502
1846.4646464646464
1790.2631578947369
1775.1748251748252
1682.2751322751324
3727.0175438596493
1781.1728395061727
1785.8461538461538
1747.39336492891
1709.8159509202453
1712.5
1754.590570719603
1764.0826873385013
1833.8862559241707
1735.8208955223881
1927.485380116959
1749.6385542168675
3811.764705882353
1773.1591448931117
1718.89400921659
1721.9512195121952
1613.6752136752136
2052.5830258302585
1759.5744680851064
1705.8103975535169
1708.2938388625591
1642.5867507886435
2071.746031746032
3990.5555555555557
1747.6377952755906
1752.7777777777778
2675.462962962963
1672.754491017964
1651.0703363914374
1688.5844748858447
1696.857142857143
1659.2261904761904
1756.3139931740614
1753.6312849162011
1709.1185410334347
1728.110599078341
1952.2388059701493
1697.9041916167664
1710.1010101010102
3981.323877068558
1758.9820359281437
3590.3465346534654
1649.2537313432836
1739.6694214876034
1693.119266055046
1735.1145038167938
1749.0825688073394
1702.6881720430108
1674.7099767981438
1756.9023569023568
1771.0526315789473
1719.2307692307693
1698.4126984126983
3483.157894736842
1731.79012345679
1702.7692307692307
1751.4218009478673
1695.0920245398772
1702.857142857143
1714.3920595533498
1707.235142118863
1763.5071090047393
1680.2238805970148
1913.157894736842
1679.2771084337348
3807.076923076923
1733.7264150943397
1798.6363636363637
1688.5462555066078
1662.7118644067796
2029.3577981651376
1847.887323943662
1706.060606060606
1812.4705882352941
1679.0625
2113.0434782608695
3944.1988950276245
1721.011673151751
1713.28320802005
3097.6127320954906
1764.9851632047478
1760.3030303030303
1705.2154195011337
1716.4305949008499
1685.2507374631268
1734.915254237288
1665.6509695290858
1671.3855421686746
1794.5454545454545
1968.5800604229607
1742.433234421365
1824.3333333333333
3948.705882352941
1795.5489614243324
3609.6059113300494
1711.439114391144
1858.7755102040817
1686.4253393665158
1730.188679245283
1759.7285067873304
1738.9333333333334
1694.0092165898618
1798.6599664991625
1721.4099216710183
1685.121107266436
1698.9501312335958
3499.3055555555557
1725.3822629969418
1786.280487804878
1741.8823529411766
1677.8115501519758
1702.4734982332157
1793.5960591133005
1698.2051282051282
1777.8823529411766
1662.7306273062732
2020.2898550724638
1746.4114832535886
309.2889908256881
309.64285714285717
310.03184713375794
309.7826086956522
309.5137420718816
309.5744680851064
309.62566844919786
309.20454545454544
309.64285714285717
309.3967517401392
309.44055944055947
309.35550935550935
310.0
309.4106463878327
309.45709281961473
309.86842105263156
310.02227171492206
309.3587521663778
309.53389830508473
309.825327510917
309.97536945812806
309.375
309.9778270509978
310.06389776357827
309.8468271334792
309.86842105263156
309.90220048899755
309.64285714285717
309.86842105263156
309.2696629213483
309.6514745308311
309.2920353982301
310.0
309.8092643051771
310.0
309.8605577689243
309.4903339191564
309.3994778067885
309.70588235294116
309.2071611253197
309.744094488189
309.2071611253197
309.24657534246575
309.2255125284738
309.62566844919786
309.2255125284738
309.35064935064935
309.28705440900563
309.5744680851064
309.64285714285717
309.6514745308311
309.69827586206895
309.7472924187726
