2158.5239085239086
2143.1778929188254
2114.4321766561516
2152.816326530612
2092.2960725075527
2170.9422283356257
2170.8406304728546
2112.5553097345132
2178.45953002611
2313.7351778656125
2213.257575757576
2326.3362068965516
2139.6437994722955
2208.0464716006886
2188.7861736334407
2159.84375
2070.307529162248
2143.8715131022823
2149.1769547325102
1410.0
2120.6242350061198
2142.842535787321
2156.9270833333335
2113.7628111273793
2337.663551401869
2093.736263736264
2122.497055359246
2373.5471698113206
2101.805251641138
2369.577133907596
2145.3964194373402
2314.6446078431372
2079.285714285714
2092.7152317880796
2059.472049689441
2113.894324853229
2186.5549828178696
2213.8380281690143
2350.7089241034196
2080.9375
2201.9021739130435
2286.220472440945
2122.3922902494332
2124.2765273311898
2187.303664921466
2111.1719605695507
2142.3507462686566
2205.8744394618834
2264.813205907906
2227.9423868312756
2069.7766097240474
2352.9038112522685
2143.240823634736
