-0.11400987525987534
0.1950847150259068
0.2870859621451104
0.13150946938775518
0.30350271903323256
-0.05047922971114178
0.36470866900175136
0.2298517699115046
0.3828361183637946
0.6729031620553361
-0.2961512987012984
0.22285103448275873
0.4482696569920845
0.3910543889845095
0.5101122186495177
0.5005954166666666
0.4920641569459173
-0.06711369399830942
0.12713765432098773
-0.0981733333333332
0.12735605875152972
0.4663326175869119
0.43905239583333344
0.45578784773060027
0.4120190654205607
0.3329314285714285
0.4392746760895171
0.27633328301886795
0.328120897155361
0.12040454189506658
0.6052141943734014
0.5762611519607844
0.37074301587301595
0.4751564238410595
0.36486925465838516
0.10841624266144795
0.3496283505154639
0.4149085211267606
0.6795667222685572
0.31461625000000004
0.4727688405797101
0.20807952755905507
0.37701020408163255
0.10724362272240055
0.27230314136125666
-0.04291139101862001
0.5998410447761192
0.29614609865470853
0.11056611642050386
0.49917012345679024
0.31292733245729304
0.048950453720508075
0.1948420769919427
3.8424870967741924
1.6898762745098037
0.35327709923664147
2.7297027322404372
1.0226782396088014
2.469932213740458
2.117022868217054
1.6218284289276805
1.5888347140039447
1.2314284960422162
2.8767657701711484
3.8729599164926927
0.6363032154340841
1.9488494714587732
2.0714305343511445
1.5344437037037035
-0.8215252747252748
-1.351049886104784
-3.3418780701754383
-2.276606432748538
0.8158284090909086
1.6179091549295774
1.7423044887780548
0.25470378787878795
2.179438983050847
1.3123282555282554
1.036055277777777
3.8683085867620752
1.491244168734491
3.634090702087286
0.728335202492212
-1.8721141263940517
0.6085509433962268
0.8768198738170347
0.47536642066420726
2.373853913043478
1.8993190384615384
2.264699163179916
1.0920309734513274
1.2287247787610618
1.5697829321663017
3.606227631578947
1.4126181818181818
0.9821654545454545
1.8701091976516628
1.3157421593830325
0.7053131343283582
1.8646505133470224
2.1212352441613587
1.750629296875
0.5105041139240506
2.998177931034482
1.5560542443064185
0.2756422018348623
0.27849214285714285
0.26949012738853506
0.27943879598662213
0.27448012684989437
0.27735163120567374
0.27592750000000005
0.27297238307349664
0.27397754010695186
0.2735538283062645
0.2648906759906759
0.27471683991684
0.2706483333333333
0.275519391634981
0.273815761821366
0.2730855263157896
0.27359487750556793
0.2761374350086655
0.27409809322033896
0.2333813725490198
0.27297389162561564
0.2746014583333333
0.2730851769911504
0.2694201277955272
0.2706603938730853
0.27394364035087715
0.2716853658536585
0.27948859180035646
0.2737456140350877
0.2719404494382023
0.27227077747989276
0.27190501474926254
0.27596190476190474
0.27181092896174863
0.2694927215189873
0.2743747011952191
0.2765349736379613
0.2785129242819843
0.2746080392156863
0.2733493606138108
0.27468582677165354
0.27866112531969306
0.2743299086757991
0.27905079726651477
0.27584777183600717
0.2742806378132119
0.2737828571428572
0.27787392120075055
0.2752346228239845
0.2754360714285714
0.27273582887700537
0.2733549568965517
0.276784476534296
0.26733978388998036
0.271085076923077
0.26546703296703306
0.26912273381294965
0.2813511754068716
0.28158686930091187
0.2654464067278287
0.27994605887939217
0.26842900000000003
0.2661005976095618
0.2677495019920319
0.2764594254937164
0.2593267554479419
0.26098968903436986
0.2790363365599405
0.26422951750236523
0.2680611483253589
0.27138383988139364
0.27109493670886065
0.2751797563261481
0.259170430107527
0.26327733812949644
0.2673575119617225
0.2475476519337017
0.2724649572649573
0.283020151371807
0.26026986301369864
0.27365929339477724
0.2650513615023475
0.27839737051792834
0.2792957520091849
0.28023690773067333
0.250838781163435
0.2617714784633295
0.26614479452054796
0.26594348576358934
0.27066318181818183
0.26855559910414334
0.27342504187604694
0.2618546840958606
0.26194731457800513
0.2875697802197802
0.2638113502935421
0.272341642228739
0.2731267379679145
0.2657040856031128
0.262607174392936
0.27998031872509954
0.2689784166666667
0.2798405384615385
0.275693563218391
0.27148446511627905
0.26256426356589146
3.7651309597523217
1.5193444180522566
1.574947926267281
1.5801871396895788
1.5089606837606835
1.866879889298893
1.6072458628841608
1.5117
1.53670308056872
1.444683596214511
1.8151723809523808
3.9286208333333335
1.5759173228346457
1.5541199494949494
1.8842724537037034
1.5482
1.3362865443425076
1.4780746575342465
1.384306
1.3641890756302524
1.625599315068493
1.5603930167597764
1.512277811550152
1.590426267281106
1.5080176119402986
1.4495164670658682
1.652061952861953
3.940227659574468
1.495072754491018
3.4759242574257425
1.5192216417910447
1.6767169421487602
1.5256536697247705
1.4482958015267176
1.5142077981651376
1.5472594086021507
1.5417953596287701
1.5106368686868688
1.5873728947368424
1.618089160839161
1.474728306878307
3.589548421052632
1.4833512345679012
1.4269947692307692
1.44235
1.471941717791411
1.4654914285714284
1.4980270471464021
1.6000354005167958
1.5887289099526067
1.382744776119403
1.582938304093567
1.4119773493975902
3.6443074303405574
1.5392
1.4394907834101383
1.5003691796008871
1.4178811965811966
1.779917712177122
1.4890702127659574
1.4815434250764525
1.4847492890995262
1.4413785488958992
1.8148825396825397
3.9286924999999995
1.4761834645669292
1.499389898989899
1.8271541666666669
1.462109281437126
1.451282874617737
1.4639394977168951
1.4641514285714285
1.4326083333333333
1.521460409556314
1.545608659217877
1.4942662613981763
1.4585497695852536
1.7372519402985074
1.4773562874251498
1.5039929292929293
3.908272104018913
1.4664299401197605
3.3383084158415843
1.4089824626865672
1.470967355371901
1.444295871559633
1.3701667938931297
1.4017587155963305
1.471114247311828
1.4313705336426914
1.4714301346801346
1.571542894736842
1.485604895104895
1.4785232804232804
3.206703157894737
1.429611111111111
1.4583796923076922
1.497155450236967
1.4400162576687117
1.4967860714285715
1.4557394540942927
1.5036211886304909
1.5231810426540286
1.4406697761194032
1.644452046783626
1.412887469879518
3.6399541538461535
1.307948113207547
1.5374468181818182
1.4461832599118942
1.3299132768361583
1.4276834862385321
1.1719708920187792
1.3630536363636363
1.5417515294117647
1.5180225
-4.706876588628763
3.8867638121546957
1.4429217898832687
1.1195774436090227
-5.35868700265252
1.4193023738872403
1.569162424242424
1.1971392290249434
1.264127195467422
1.29418407079646
1.5511006779661016
1.4740407202216066
1.4931659638554218
1.5721927272727274
-3.04532084592145
1.4525528189910981
1.6363893333333333
3.8889407058823524
1.3805293768545994
3.4349706896551724
1.474939483394834
-1.6860089795918365
1.4246153846153848
1.3897811320754718
1.2370723981900453
1.206988
1.4046654377880186
1.1491092127303182
1.2892793733681462
1.5164712802768165
1.5167692913385826
3.0699354166666666
1.4618100917431192
1.5132579268292683
1.3045637647058825
0.9559893617021278
1.497863957597173
1.4913433497536948
1.5210589743589742
1.4296945882352943
1.493120664206642
-0.4010817391304346
1.3783385167464115
0.2742713302752293
0.2759044642857143
0.26850414012738855
0.27570685618729096
0.27459830866807616
0.28037687943262407
0.2757251336898396
0.2526827272727273
0.27567410714285706
0.27381322505800465
0.27361095571095573
0.27499397089397093
0.27115
0.2758382129277566
0.2764891418563923
0.27333070175438606
0.2780097995545657
0.27656967071057187
0.2747995762711865
0.2739447598253275
0.2774115763546798
0.2793045833333334
0.27318758314855884
0.2687881789137381
0.2734737417943107
0.2717087719298245
0.23190684596577016
0.27628071428571427
0.27803618421052634
0.2762968164794008
0.2711756032171582
0.2708775811209439
0.26678857142857143
0.2716299727520436
0.25715111111111116
0.2775440239043825
0.2512715289982425
0.27818172323759793
0.274456274509804
0.2736462915601023
0.2752275590551181
0.2733823529411764
0.2741826484018265
0.27428063781321177
0.2741308377896613
0.2790997722095671
0.27544701298701296
0.2758005628517823
0.2678406189555126
0.2477164285714286
0.27141769436997326
0.2747265086206897
0.27537184115523466
