0.030046234509056302
0.11065832025117735
0.24799970149253733
0.11017459499263614
0.1492775675675676
0.01349445145018906
0.015365214067278388
-0.06477523609653775
-0.004344030482641792
0.30998550295857985
0.12679514370664025
0.28868169257340237
0.2470068268015171
-0.011792131979695298
0.15397904328018225
0.23440407098121077
0.6589194741966893
0.05425182481751847
0.1811306629834255
0.21131875000000033
0.23558936651583717
0.1956728571428573
0.23352875121006778
0.28905259365994246
0.22137888372093023
0.1444084066471164
0.2886947674418605
0.2743083773584906
0.38806206185567
0.23681839622641504
0.20880083832335347
0.3888215846994536
0.3141581560283687
0.23317170495767867
0.3959836134453782
0.12615013953488402
0.08369954372623559
0.12643282312925166
0.21626901528013584
0.14085337209302334
0.10519319552110272
0.24903192182410425
0.0672782157676351
-0.08403708873379886
0.16374633529907345
0.34473454935622316
0.2470425766871165
0.05612173913043481
0.15837951706910927
0.25309183032207383
0.09905198511166262
-0.009236875567665753
-0.007830821917808524
3.4298181395348832
3.4353176229508198
2.1759785714285726
2.4837094696969695
1.6203226829268296
3.078464605873261
3.2667055555555553
2.98809620596206
3.1295727272727265
2.9862291105121295
3.7953432762836186
3.826225887265135
2.508063309352518
2.9666156043956042
3.0764031189083814
3.2059575520833334
-1.8062326086956517
-0.2758963592233015
-1.4394386075949355
0.04074771241830089
1.9185661631419935
2.9267244444444445
2.3862327999999993
2.166729045643153
3.2621457499999997
2.102381550802139
2.779269822485208
3.830008944543828
2.519974406332454
3.336696952380952
2.115406535947712
1.552199607843137
2.6323837606837577
2.915566206896551
1.1720879310344823
3.00383401826484
3.1619292433537813
3.2395649072753216
1.1956155131264916
2.6527723926380373
2.3582766899766896
2.6879726063829787
2.717800546448087
2.9942992063492064
3.0278924335378314
3.104815053763441
1.6096169230769235
2.9944050632911394
3.065760307017544
3.4053460122699386
1.3906670103092793
3.462723474178403
2.8469755741127343
0.23915286041189923
0.27922160714285715
0.2192732484076433
0.24803729096989963
0.27898818565400835
0.28003923512747875
0.24070589285714286
0.2522918181818183
0.24826185383244206
0.24499025522041756
0.24478391608391603
0.2451621621621621
0.27663249999999995
0.24033460076045626
0.25071926444833625
0.24123157894736835
0.27756926503340756
0.2526029462738301
0.24588389830508467
0.08383960396039647
0.27712561576354683
0.25674749999999996
0.2774898230088496
0.22057420382165605
0.27747264770240704
0.2410146929824561
0.23214634146341462
0.2509982174688057
0.24015657894736836
0.2794694756554307
0.2770434316353888
0.27719439528023604
0.2757571428571428
0.2767149863760218
0.2211993670886076
0.24325537848605575
0.2793235500878734
0.24674569190600518
0.2551436399217221
0.23794859335038362
0.27917204724409445
0.27811125319693086
0.24067602739726016
0.2618116173120728
0.2790526785714286
0.27858045454545455
0.23749532467532466
0.24676048689138574
0.24740714285714288
0.24792459893048124
0.27742673796791445
0.2782202586206896
0.24691732851985557
0.266698820058997
0.2721004608294931
0.2552389502762431
0.27170762041696617
0.2732302619692863
0.2781609696969697
0.26776077981651375
0.275214899713467
0.27093714504988486
0.2669477744807121
0.2703051638530287
0.2668117962466487
0.26606884848484846
0.266544362745098
0.2707064876957494
0.2687877725118483
0.27298187022900755
0.275908234421365
0.2710405063291139
0.2644071495766698
0.2622492440604751
0.266721409455843
0.2738233555767397
0.2523817427385892
0.2778763430725731
0.26814938154138906
0.2624117400419287
0.27585883256528415
0.2685664136622391
0.27073750997605744
0.2560862427745663
0.2730041147132169
0.2564861878453038
0.26432853801169587
0.2564535714285714
0.26918981880931836
0.27482031842304777
0.27079458403126744
0.2776292642140469
0.2680477789815818
0.2683967632027257
0.2818939824945295
0.2680962854349951
0.2795660784313725
0.2731440275650842
0.2707719885277246
0.26295872667398457
0.27103607342378283
0.2736260082304527
0.2688539050535988
0.26122183908045965
0.2747204651162791
0.2576851735015773
3.761881424148607
1.8931136490250688
1.7334806451612903
1.7629030150753768
1.7418861027190335
2.214912936344969
1.841115915119364
1.8538860841423945
1.7626887434554972
1.8517416370106765
2.224567137809186
3.9299466666666665
1.8560322033898309
1.7673193548387098
2.8677981176470584
1.6544661442006279
1.7272545161290325
1.8087125313283212
1.7467922388059705
1.4215444444444445
1.8035833333333333
1.7506027272727265
1.759321846153846
1.841904326923077
1.972046601941747
1.7782003154574118
1.8075156462585031
3.941335697399527
1.7927498442367615
3.587150247524753
1.7254287313432835
1.8594061983471073
1.54368119266055
1.6048063241106718
1.7080380733944955
1.7206814606741565
1.8471314960629919
1.7694378427787936
1.8050405172413788
1.752235314685315
1.8146872340425533
3.5511915789473685
1.742308053691275
1.8008114754098359
1.766666341463416
1.6816668711656442
1.7710119850187271
1.7899123359580058
1.8419488165680473
1.7798454545454536
1.750385600000002
2.0740900958466453
1.7660970108695633
3.481332817337462
1.4834353080568725
1.5815405529953916
1.547855210643016
-0.5660008547008544
1.8656278597785987
1.5209893867924529
1.515678593272171
1.4782297872340426
1.5867987421383651
1.8638037974683543
3.8810529247910863
1.433041960784313
1.5446681818181818
2.4363609699769055
1.4612910179640721
1.4759681957186543
1.5008895216400915
1.5045442857142857
1.4893220238095237
1.4772863013698632
1.5230310055865934
1.4505236363636387
1.541476605504587
1.7018605970149252
1.373969461077845
1.5404582491582492
3.851046572104019
1.6276520958083847
3.284132178217822
1.4773425373134326
1.5244500000000003
1.4697417431192659
1.4929114503816794
1.5315261467889894
1.54574435483871
1.4848890951276104
1.482961616161616
1.7194371052631579
1.5442515679442508
1.513643121693122
3.163076140350877
1.4848608024691363
1.5104516923076923
1.558675118483412
1.5730950920245412
1.4999346428571425
1.5094712158808936
1.5066299741602078
1.5154222748815165
1.4771843283582085
1.8956935860058308
1.4077492788461536
3.6037492307692305
1.8421747340425534
1.625275909090909
1.478486567164179
1.724286769230769
2.044603180914513
1.9731876790830944
-5.2259237942122185
1.4470560913705595
1.6716659090909092
-2.39017816091954
3.8905328729281763
1.5204494163424125
1.7725204610951
-1.6834450402144774
1.6697141566265061
1.6281952978056424
1.5098814180929094
1.7627302180685356
-3.3348642642642643
1.6189118644067797
1.457651319648094
1.6865961661341848
1.5180040909090913
0.17377594501718216
1.5614055214723925
1.699552380952381
3.884070117647059
1.8477376623376625
1.8336197044334974
1.637620664206642
1.828791266375546
1.5595927601809956
1.4626354716981131
1.5204235294117647
1.6446926229508196
-6.147874611398964
1.6720126506024107
1.5633106666666665
-4.630550889679715
1.5312307086614174
3.615677777777778
1.485791475409836
1.6555805280528053
1.7195173469387772
-2.967053495440728
1.586460777385159
1.6176438961038966
1.6182794270833332
1.5575358910891084
1.5613749077490775
-6.330882636655947
1.73953242506812
0.23891670480549193
0.2523005357142857
0.27558407643312105
0.2503167224080267
0.24711919831223622
0.2568033994334277
0.2788447415329768
0.2511946547884187
0.2791743315508022
0.24481067285382824
0.24454335664335655
0.27904365904365896
0.23364444444444438
0.24034277566539922
0.2506514886164623
0.24109013157894735
0.24735434298440978
0.2799008665511265
0.24603877118644063
0.24065262008733615
0.2318591133004926
0.23970874999999994
0.24731130820399116
0.21891719745222932
0.2578638949671772
0.24099583333333333
0.27733829268292665
0.2510442067736185
0.23981710526315786
0.24914400749063664
0.23010080428954421
0.2459908554572271
0.21974793650793648
0.2768510928961748
0.21970253164556963
0.2428296222664016
0.25100702987697715
0.2574507832898172
0.27873941176470585
0.2782432225063938
0.24395098425196846
0.2782652173913043
0.2400771689497716
0.2785414578587698
0.2791525
0.27887363636363643
0.2372384415584415
0.24670411985018728
0.24720791505791503
0.27905267857142857
0.23046016042780748
0.2507799568965517
0.23600524412296564
