0.030046234509056302
0.11065832025117735
0.24799970149253733
0.11017459499263614
0.1492775675675676
0.01349445145018906
0.015365214067278388
-0.06477523609653775
-0.004344030482641792
0.30998550295857985
0.12679514370664025
0.28868169257340237
0.2470068268015171
-0.011792131979695298
0.15397904328018225
0.23440407098121077
0.6589194741966893
0.05425182481751847
0.1811306629834255
0.21131875000000033
0.23558936651583717
0.1956728571428573
0.23352875121006778
0.28905259365994246
0.22137888372093023
0.1444084066471164
0.2886947674418605
0.2743083773584906
0.38806206185567
0.23681839622641504
0.20880083832335347
0.3888215846994536
0.3141581560283687
0.23317170495767867
0.3959836134453782
0.12615013953488402
0.08369954372623559
0.12643282312925166
0.21626901528013584
0.14085337209302334
0.10519319552110272
0.24903192182410425
0.0672782157676351
-0.08403708873379886
0.16374633529907345
0.34473454935622316
0.2470425766871165
0.05612173913043481
0.15837951706910927
0.25309183032207383
0.09905198511166262
-0.009236875567665753
-0.007830821917808524
