-0.08062573223625145
-0.09772119292553604
-0.1478051124032796
-0.060217679292888016
-0.15917176100741542
-0.04943803892218813
-0.12013512219302626
-0.24749119491299645
-0.15025982604918256
-0.038002265528268
-0.0349313129114497
-0.04176365875383066
-0.1648647225214905
-0.16602211628057795
-0.033953459538745505
-0.11043958203642491
-0.11649192588434357
-0.1446218604954482
-0.04778238934066748
-0.36749761962112987
-0.12146519857363251
-0.0901706591562631
-0.07273698829428177
-0.1283752782816284
-0.058544381489701605
-0.07336448975578953
-0.14423161447814864
-0.044620229824015506
-0.07844420804827712
-0.033051996919064464
-0.12204962297298502
-0.03977115500722904
-0.16028421905441417
-0.11317711338929046
-0.05312053728537218
-0.08840529050432674
-0.05683341399929572
-0.022505186606762217
-0.08856800839187888
-0.17199595279610344
-0.09300065091388185
-0.03772224259755603
-0.17689915272451626
-0.2664756306337723
-0.06972566214286233
-0.08093418145853931
-0.15787754976546953
-0.11786914270104673
-0.02610922997324693
-0.05742274122204554
-0.1727394277893736
-0.10342253076953548
-0.21220510514921403
