-0.11011599840265905
-0.10646915302072668
-0.1432693349849932
-0.09480922560591891
-0.04456976685536402
-0.11265508472843476
-0.07976015847140201
-0.040290572149110714
-0.06704214466466495
-0.13116480943239803
-0.05502723691928548
-0.05510460717942434
-0.16318537709124853
-0.06439575048935936
-0.038500579186612156
-0.11046834007191578
-0.06656199809024839
-0.24074961007939072
-0.11829874333808375
-0.4022614934879955
-0.17381505719937299
-0.11014936245285638
-0.08251057150652462
-0.0798938320917647
-0.09380001512778786
-0.10393905375729783
-0.08188778625776696
-0.06606234308897262
-0.0786745358367202
-0.05058115196334955
-0.043989502189814095
-0.08147536535318098
-0.11755206130285095
-0.06302262343345619
-0.06834426215970309
-0.08409408198710008
-0.050279132769189674
-0.06388606362320015
-0.07495243888834864
-0.09615886859309743
-0.10325097868974892
-0.06757225946673556
-0.05585056648124784
-0.12400656686273157
-0.11144653780356228
-0.1998671248070659
-0.06963951886583837
-0.093984007426813
-0.08808371838802591
-0.09999383917026869
-0.09052521520218161
-0.06536987454996512
-0.11813774055700794
-0.030123918694619868
-1.060131970980885
-1.4315794275417801
-0.4110476723144505
-1.2740135055166624
-0.6047395752059035
-0.8267737096274709
-1.0263278415141939
-1.082858594492915
-1.1321898766797995
-0.5439139051971701
-0.023913717234681522
-1.3434733719669907
-0.8535051831235497
-0.845166042160964
-1.0277338676395402
-2.129982906314377
-2.300863153750146
-3.5267035725893905
-2.5453067380904346
-1.3357050187556754
-1.0305324643612652
-0.8747193911980802
-1.47494854884285
-0.7115923734643116
-1.1445834037364564
-1.2301589211070463
-0.017041953473361283
-1.1065816397635744
-0.14957662634323893
-1.2970423162948854
-2.9786087077398067
-1.2787281360144127
-1.2701727243787733
-1.4636629849595162
-0.5410273227979961
-0.8652789732241543
-0.8323229668121734
-1.2504929028680158
-1.0099362166461903
-0.9679714050000787
-0.09469992280075537
-1.1514344468718067
-1.3891340454879948
-0.9574657335055599
-1.1335355205154864
-1.3494173083748287
-0.9163319123631375
-0.7090489681042909
-1.029132209204517
-1.359956433460719
-0.3587788598605723
-1.1421788952068552
-0.012703157844365294
-0.010576503242045749
-0.015743704234219932
-0.009847199658149891
-0.013190920440591244
-0.011352722195656553
-0.01216300324204575
-0.013600260240367772
-0.013386946854856314
-0.01388413004587135
-0.019198110359779662
-0.013207335244216332
-0.015060360463242784
-0.012654295828521405
-0.013660509455086125
-0.013688605946339118
-0.013215182289365546
-0.012325516703337888
-0.013406504257117468
-0.03477875051213067
-0.013647380177643952
-0.013258651855909456
-0.013598944472308784
-0.015754018575624775
-0.015211027713288102
-0.01315777261300578
-0.014544628598479863
-0.009977784644517628
-0.013280272613005788
-0.015013338117032711
-0.014415413175375074
-0.015011286868668348
-0.011773010938718976
-0.014509895523309928
-0.015807448615877934
-0.012899384193495053
-0.011944183048046406
-0.010814499351060101
-0.012914223059398822
-0.01420548665341434
-0.01282677762739709
-0.010919604300473165
-0.01355860166885905
-0.010659915459977251
-0.012230012808510502
-0.013610758284578613
-0.013789644696186732
-0.011324966575992523
-0.012661859398282316
-0.012467003242045747
-0.014154289980513797
-0.01369704126986146
-0.01152539639076916
-0.02357089904102135
-0.021227960428357
-0.024733898889895453
-0.022424415768700103
-0.014872399376750372
-0.014750160755689239
-0.02473964224440028
-0.015723604492934393
-0.022871021966818533
-0.024284082769760615
-0.023264062849441887
-0.01792617343760987
-0.02853662379211188
-0.027530723767145878
-0.01629449915336988
-0.025460602914347822
-0.02304598280597937
-0.021045578196504343
-0.021216956338775694
-0.018722935008416115
-0.028661351329928544
-0.026073782675174927
-0.023481255533252098
-0.035797785417732236
-0.020351448747445315
-0.01383662940441405
-0.02786159119758775
-0.01964145885681026
-0.024981221388992593
-0.01671421025980046
-0.016167974664866754
-0.015487207925
-0.03375122682511812
-0.02695499497657944
-0.024325108584310622
-0.024420027515368342
-0.021547346442343008
-0.022802458628029668
-0.019749122443561223
-0.026951297917882717
-0.02693794374529582
-0.011010052736049302
-0.025768588036365427
-0.020495437351433925
-0.019991480132182583
-0.0246199898806168
-0.0264349296251646
-0.015734991136294476
-0.022519254018100586
-0.015811791197587764
-0.018391897121548866
-0.02103733502585252
-0.026469096266162596
-0.059760380313926595
-0.09351529095498823
-0.06979607405430743
-0.040338048598743556
-0.07406142787319227
-0.027452679295200254
-0.05240208495080623
-0.07950852610774568
-0.040233647928182806
-0.06578153438531517
-0.10472486913650593
-0.0360554466427285
-0.059913145059285654
-0.04115811885062565
-0.4935266627413206
-0.04448567419610298
-0.1610205942896001
-0.08409896310708342
-0.13180085064358718
-0.11303607134482217
-0.04877170566805542
-0.059430283369264814
-0.07545106926345624
-0.06586815236840153
-0.19519377802109578
-0.05985487738481637
-0.06846350991839059
-0.030767673106826772
-0.08924262705156216
-0.04603054091964857
-0.06315547115096799
-0.03763153768528632
-0.06688420952492415
-0.0437981148307962
-0.06038673606898998
-0.07607263343338638
-0.07858577624427117
-0.07287466071494847
-0.06557557407047981
-0.04601852584083839
-0.07585971531641779
-0.021664896195113977
-0.0745319362421113
-0.10522638880807651
-0.0792900944429179
-0.06510243649498414
-0.08127868478861278
-0.042339378161492414
-0.051834141688473646
-0.046873437798880764
-0.12778235887497166
-0.11720726464010209
-0.11238110812070777
-0.04186996867638139
-0.030789300623659442
-0.06251543685515099
-0.03425719471773485
-0.03572314394597279
-0.02678967735268389
-0.05178566301470255
-0.03149293275344698
-0.035363344639194084
-0.03764221778191008
-0.03798982311504049
-0.03601111330939519
-0.04818252197844653
-0.04137256189335427
-0.40839464458659464
-0.04060402916153199
-0.035238117163509115
-0.03068644893736571
-0.0383140888101569
-0.04095112419095318
-0.048737515303315534
-0.042359137163165285
-0.035164304512556914
-0.06606250645155193
-0.028126494104862364
-0.040769721329830075
-0.049389101761771886
-0.030802842646257676
-0.04130909517629874
-0.03280411048543248
-0.05323631965086093
-0.037785780807882745
-0.061120662246539115
-0.09548001667790261
-0.06140549695022244
-0.039203488530019745
-0.03200694408817025
-0.034551872073897844
-0.028442091003862576
-0.044626066380770615
-0.04137391193368755
-0.020558073778964243
-0.04202777157721892
-0.02423215727339455
-0.028601400681723958
-0.03940999792236784
-0.0445083469662738
-0.03602267481635571
-0.03520671377360818
-0.03486976693330728
-0.05068926437094923
-0.03219086382451788
-0.043670284790190785
-0.038640129829405595
-0.1818486318077028
-0.08555713150045278
-0.06707538697402393
-0.14871943399674972
-0.28060513370809453
-0.3016771374597726
-0.13583553403875306
-0.051204319342746246
-0.034627445653312494
-4.0784511830470445
-0.03333118414215275
-0.07530398766083979
-0.2629373454688905
-5.168018471391533
-0.10467747118301632
-0.04543075263554913
-0.22702139019244805
-0.18881479663440748
-0.17359073425379656
-0.045864296168172024
-0.040145263978195976
-0.0450280490038299
-0.06153666009468856
-2.969957129539283
-0.08116954802299826
-0.046512841412273874
-0.02850819864450906
-0.14536060091169054
-0.012924894738128325
-0.07424875464167852
-2.0777032016782457
-0.08021418879673314
-0.1015508432966409
-0.21608643438636047
-0.26136790390453923
-0.1101549760861601
-0.2636945308829064
-0.20987135058983997
-0.04226381782349463
-0.039515282295804185
-0.16654769691474786
-0.03867785090526169
-0.02341253998011566
-0.17348307724704315
-0.34570119588629145
-0.04142973593386913
-0.06729360274280666
-0.033461250709855596
-0.10436876308510834
-0.046811003932978705
-1.3696184158249811
-0.1221250641935201
-0.013551185367301068
-0.012177253242045749
-0.016353640539952398
-0.012155794975875649
-0.013117812618181098
-0.009481289571543075
-0.012305877336139723
-0.026992905098342096
-0.012319753242045749
-0.013723666008748385
-0.013803704765374068
-0.013035900732781817
-0.01475002712990945
-0.012457071493920644
-0.012006744131093131
-0.013536939279672438
-0.010484090975334363
-0.012058133687739968
-0.012972563579151367
-0.0132014301720129
-0.010902207763850844
-0.010349276855909454
-0.013512877050808132
-0.01614494509319666
-0.013470677603878912
-0.014540272613005781
-0.039126949587706523
-0.01194450324204575
-0.010626105946339115
-0.012318469203175027
-0.015092893068136465
-0.015646862089907287
-0.01744767760538564
-0.014649419880104129
-0.023409455383163417
-0.010938826424570756
-0.02757226740657013
-0.011019381857587511
-0.013008105412339996
-0.014021803788964216
-0.01249165951716087
-0.01418507744625322
-0.013649697559270006
-0.013610758284578616
-0.013292116195319763
-0.010629619332414603
-0.012760190150732188
-0.012607555694191402
-0.01723582458203473
-0.02961450324204575
-0.014943134354999742
-0.01284859299399939
-0.012399259206653641
