0.02784080076263107
0.03429434850863425
0.053155223880597055
0.020178939617083932
0.057417117117117125
0.01610718789407314
0.04270718654434251
0.09061490031479542
0.054039796782387815
0.01186291913214991
0.01066303270564915
0.01326597582037997
0.059585335018963334
0.05996700507614213
0.01030523917995444
0.039105427974947815
0.04145959104186951
0.05192619626926197
0.015512891344383049
0.1358125
0.04324660633484164
0.031471428571428574
0.02491384317521782
0.04585734870317002
0.01957116279069768
0.02513587487781036
0.05183139534883719
0.01433811320754717
0.027098969072164948
0.009976415094339613
0.04346227544910184
0.012543715846994522
0.057865248226950355
0.0401330108827086
0.017561624649859952
0.030792558139534902
0.018902661596958165
0.005994897959183681
0.030863327674023774
0.06224069767441855
0.03251421188630491
0.011739413680781758
0.06407261410788384
0.09775074775672982
0.023771693344566122
0.028023605150214587
0.05695828220858896
0.04186382280557835
0.007355537052456277
0.019157109190887662
0.06251488833746903
0.03640871934604904
0.07735273972602738
