0.03890332640332641
0.03759326424870466
0.051458990536277616
0.03319428571428573
0.014326283987915406
0.03987345254470428
0.027573555166374785
0.01269911504424779
0.022794604003481284
0.046976284584980224
0.018145021645021644
0.018272413793103452
0.0589868073878628
0.02180378657487092
0.012080385852090031
0.03915416666666667
0.022635206786850475
0.0880684699915469
0.04203086419753086
0.14880000000000002
0.06292166462668299
0.039027607361963194
0.02862395833333332
0.02764714494875548
0.032871028037383176
0.03666813186813188
0.028393404004711426
0.022406037735849073
0.02716083150984683
0.016552858261550507
0.014162404092071595
0.02826348039215685
0.041798412698412696
0.021301986754966876
0.02328260869565219
0.029160469667318962
0.01647938144329897
0.02161478873239437
0.0258256880733945
0.03373749999999997
0.036434782608695655
0.022959505061867277
0.018582766439909307
0.044178992497320484
0.039478184991274
0.07269112814895945
0.023813432835820898
0.03291210762331837
0.030658557775847087
0.03521069958847734
0.03161760840998687
0.022107078039927414
0.04198567591763654
