2132.206035379813
1792.0051858254105
1604.739336492891
1891.7892156862745
1740.3225806451612
2074.9827942188576
1711.7440841367222
1846.234772978959
1704.6602787456445
1447.2799208704253
2432.015167930661
2022.2174288179465
1435.2047556142668
1722.7820844099913
1638.0530973451328
1500.1564129301355
1500.212314225053
1831.5566835871405
1862.4613800205973
872.4137931034483
1724.938725490196
1525.2814738996929
1607.1949947862356
1547.434017595308
1791.7212347988775
1606.5456545654565
1577.3584905660377
1992.7870090634442
1670.0985761226725
2168.926332288401
1486.8117797695263
1608.4049079754602
1529.4912559618442
1533.2228116710876
1600.6220839813375
1894.7600391772771
1778.073946689596
1707.8224101479916
1571.2854757929883
1623.404255319149
1594.2429737080688
1981.7004504504505
1678.94438138479
1834.7103004291846
1761.8340611353713
1850.0548245614036
1450.0622665006226
1787.342908438061
2045.9565217391305
1595.5518945634267
1627.9605263157894
2199.863760217984
1771.9086021505377
259.2378752886836
471.02161100196463
761.8773946360153
449.1788321167883
598.8970588235294
440.9021406727829
455.63106796116506
482.875
502.4703557312253
611.7724867724868
318.2598039215686
250.94142259414227
749.8387096774194
496.29237288135596
446.9407265774379
549.1336633663366
877.5482093663912
920.0913242009133
937.9765395894428
1226.6862170087977
649.4301994301994
503.6470588235294
565.625
782.319391634981
471.2378640776699
550.8620689655172
611.8384401114206
262.63440860215053
513.0597014925373
271.95817490494295
699.84375
668.8432835820895
733.1439393939394
671.993670886076
706.8518518518518
534.0958605664488
520.3275529865125
381.7737430167598
600.3325942350333
719.0828402366864
561.5131578947369
322.0316622691293
510.546875
536.5885416666666
467.54901960784315
567.3969072164948
685.1796407185628
483.8477366255144
513.0851063829788
447.8473581213307
751.2698412698413
348.50230414746545
458.19502074688796
17.586206896551722
18.51520572450805
18.690095846645367
18.844221105527637
18.114406779661017
18.536931818181817
18.51520572450805
19.084821428571427
18.482142857142858
17.790697674418606
17.873831775700936
17.8125
18.802228412256266
18.0
18.157894736842106
18.791208791208792
19.084821428571427
17.96875
18.15286624203822
22.277227722772277
18.88888888888889
17.849686847599166
18.957871396895786
18.75
18.75
18.791208791208792
18.704156479217605
18.482142857142858
18.791208791208792
17.72983114446529
18.14516129032258
17.307692307692307
18.630573248407643
18.493150684931507
18.571428571428573
18.862275449101798
18.221830985915492
18.235294117647058
18.56581532416503
17.307692307692307
18.63905325443787
17.307692307692307
17.505720823798626
17.465753424657535
18.482142857142858
17.465753424657535
17.578125
17.763157894736842
18.313953488372093
18.51520572450805
18.096514745308312
18.466522678185743
18.71609403254973
0.0
0.0
0.0
0.0
0.0
0.0
0.0
0.0
0.0
0.0
0.0
0.0
0.0
0.0
0.0
0.0
0.0
0.0
0.0
0.0
0.0
0.0
0.0
0.0
0.0
0.0
0.0
0.0
0.0
0.0
0.0
0.0
0.0
0.0
0.0
0.0
0.0
0.0
0.0
0.0
0.0
0.0
0.0
0.0
0.0
0.0
0.0
0.0
0.0
0.0
0.0
0.0
0.0
48.4472049689441
148.8095238095238
129.62962962962962
145.11111111111111
138.0
222.365988909427
196.20853080568722
166.56441717791412
187.41092636579572
121.83544303797468
180.89171974522293
9.470752089136491
149.01185770750988
166.32911392405063
110.20881670533643
143.24324324324326
153.37423312883436
127.00228832951944
162.46418338108882
152.54237288135593
95.53264604810997
111.48459383753502
146.9512195121951
92.12962962962963
134.1317365269461
180.18018018018017
81.08108108108108
8.056872037914692
206.3063063063063
163.77171215880892
114.6067415730337
146.88796680497924
106.45161290322581
184.2911877394636
188.47926267281105
105.66037735849056
124.4186046511628
226.47554806070826
104.48548812664907
89.82456140350877
92.57294429708223
108.45070422535211
185.13931888544892
196.60493827160494
185.0356294536817
140.30769230769232
122.93906810035843
196.26865671641792
87.8238341968912
177.43467933491686
153.93258426966293
162.7565982404692
164.0096618357488
105.90062111801242
192.38095238095238
185.64814814814815
174.44444444444446
146.0
237.7079482439926
195.02369668246445
181.2883435582822
174.58432304038004
148.1012658227848
203.18471337579618
9.470752089136491
201.18577075098815
194.68354430379748
195.82366589327145
152.85285285285286
150.61349693251535
183.29519450800916
178.79656160458453
168.3582089552239
163.6986301369863
147.33893557422968
165.85365853658536
169.90740740740742
177.24550898203591
162.46246246246247
133.78378378378378
29.38388625592417
233.93393393393393
205.95533498759306
161.79775280898878
215.35269709543567
157.14285714285714
218.39080459770116
255.76036866359448
176.28032345013477
200.0
238.27993254637437
161.47757255936676
169.12280701754386
161.0079575596817
250.0
242.41486068111456
213.2716049382716
216.3895486935867
199.3846153846154
141.57706093189964
208.70646766169153
154.66321243523316
192.16152019002377
165.1685393258427
224.63343108504398
204.10628019323673
110.80246913580247
139.7163120567376
129.68036529680364
141.94260485651213
100.0
156.06617647058823
196.23529411764707
131.0030395136778
195.99056603773585
112.53918495297806
234.56375838926175
9.418282548476455
163.671875
176.63316582914572
108.77659574468085
184.22619047619048
125.22796352583586
149.0909090909091
154.82954545454547
118.04733727810651
117.00680272108843
134.44444444444446
112.99093655589124
129.68036529680364
220.6060606060606
166.36904761904762
120.06688963210702
19.81132075471698
187.79761904761904
160.49382716049382
123.70370370370371
193.44262295081967
139.0909090909091
183.71212121212122
180.45454545454547
117.11229946524064
119.16859122401847
231.71140939597316
100.52356020942409
107.63888888888889
126.05263157894737
166.55052264808361
208.8957055214724
243.11926605504587
164.85849056603774
170.73170731707316
145.03546099290782
201.4814814814815
130.8483290488432
187.5
101.11111111111111
215.11627906976744
178.65707434052757
17.586206896551722
18.51520572450805
18.690095846645367
18.844221105527637
18.114406779661017
18.536931818181817
18.482142857142858
17.425968109339408
18.51520572450805
17.790697674418606
17.873831775700936
17.8125
18.802228412256266
18.0
18.157894736842106
18.791208791208792
19.084821428571427
17.96875
18.15286624203822
18.708971553610503
18.88888888888889
17.849686847599166
19.0
18.75
18.75
18.791208791208792
18.75
18.51520572450805
18.791208791208792
17.72983114446529
18.14516129032258
17.307692307692307
18.630573248407643
18.442622950819672
18.630573248407643
18.862275449101798
18.221830985915492
18.235294117647058
18.56581532416503
17.307692307692307
18.63905325443787
17.307692307692307
17.505720823798626
17.465753424657535
18.482142857142858
17.465753424657535
17.578125
17.763157894736842
18.313953488372093
18.51520572450805
18.14516129032258
18.466522678185743
18.71609403254973
