2132.206035379813
1792.0051858254105
1604.739336492891
1891.7892156862745
1740.3225806451612
2074.9827942188576
1711.7440841367222
1846.234772978959
1704.6602787456445
1447.2799208704253
2432.015167930661
2022.2174288179465
1435.2047556142668
1722.7820844099913
1638.0530973451328
1500.1564129301355
1500.212314225053
1831.5566835871405
1862.4613800205973
872.4137931034483
1724.938725490196
1525.2814738996929
1607.1949947862356
1547.434017595308
1791.7212347988775
1606.5456545654565
1577.3584905660377
1992.7870090634442
1670.0985761226725
2168.926332288401
1486.8117797695263
1608.4049079754602
1529.4912559618442
1533.2228116710876
1600.6220839813375
1894.7600391772771
1778.073946689596
1707.8224101479916
1571.2854757929883
1623.404255319149
1594.2429737080688
1981.7004504504505
1678.94438138479
1834.7103004291846
1761.8340611353713
1850.0548245614036
1450.0622665006226
1787.342908438061
2045.9565217391305
1595.5518945634267
1627.9605263157894
2199.863760217984
1771.9086021505377
