0.0 0.0344827586207
12.768 0.051724137931
15.675 0.0689655172414
19.436 0.0862068965517
21.3 0.103448275862
22.47 0.120689655172
22.719 0.137931034483
23.744 0.155172413793
26.648 0.172413793103
27.023 0.189655172414
27.6 0.206896551724
28.125 0.224137931034
28.358 0.241379310345
31.601 0.258620689655
35.87 0.275862068966
40.978 0.293103448276
42.491 0.310344827586
42.812 0.327586206897
44.651 0.344827586207
45.411 0.362068965517
46.091 0.379310344828
48.159 0.396551724138
48.952 0.413793103448
50.766 0.431034482759
51.566 0.448275862069
51.639 0.465517241379
53.289 0.48275862069
53.404 0.5
55.737 0.51724137931
56.415 0.534482758621
56.887 0.551724137931
56.903 0.568965517241
57.156 0.586206896552
61.351 0.603448275862
62.135 0.620689655172
62.727 0.637931034483
62.943 0.655172413793
67.527 0.672413793103
68.342 0.689655172414
73.038 0.706896551724
81.503 0.724137931034
82.993 0.741379310345
86.471 0.758620689655
86.872 0.775862068966
88.479 0.793103448276
93.59 0.810344827586
103.145 0.827586206897
109.85 0.844827586207
122.867 0.862068965517
142.979 0.879310344828
182.404 0.896551724138
245.777 0.913793103448
270.095 0.931034482759
274.097 0.948275862069
323.219 0.965517241379
380.944 0.98275862069
903.138 1.0