0.0 0.0172413793103
4.853 0.0344827586207
39.006 0.051724137931
40.918 0.0689655172414
41.437 0.0862068965517
43.362 0.103448275862
46.921 0.120689655172
50.523 0.137931034483
50.698 0.155172413793
51.829 0.172413793103
52.596 0.189655172414
52.655 0.206896551724
55.182 0.224137931034
55.965 0.241379310345
56.49 0.258620689655
57.191 0.275862068966
60.243 0.293103448276
60.499 0.310344827586
62.009 0.327586206897
64.079 0.344827586207
64.339 0.362068965517
64.347 0.379310344828
70.148 0.396551724138
70.916 0.413793103448
74.504 0.431034482759
76.063 0.448275862069
76.684 0.465517241379
77.042 0.48275862069
78.996 0.5
82.072 0.51724137931
83.01 0.534482758621
86.36 0.551724137931
89.46 0.568965517241
90.513 0.586206896552
93.725 0.603448275862
97.045 0.620689655172
99.164 0.637931034483
101.747 0.655172413793
102.542 0.672413793103
102.621 0.689655172414
103.949 0.706896551724
106.973 0.724137931034
109.23 0.741379310345
109.38 0.758620689655
109.929 0.775862068966
112.158 0.793103448276
115.764 0.810344827586
119.834 0.827586206897
127.269 0.844827586207
141.845 0.862068965517
145.379 0.879310344828
147.422 0.896551724138
148.598 0.913793103448
153.204 0.931034482759
178.807 0.948275862069
181.674 0.965517241379
211.9 0.98275862069
508.318 1.0