-6.09416302389 0.0172413793103
-2.06757551948 0.0344827586207
-1.17270792998 0.051724137931
-0.949590981131 0.0689655172414
-0.772070705654 0.0862068965517
0.0982038753106 0.103448275862
0.121463376317 0.120689655172
0.158955582259 0.137931034483
0.414078499714 0.155172413793
0.431307710543 0.172413793103
0.533767112426 0.189655172414
0.618889434172 0.206896551724
0.641238818275 0.224137931034
0.686833466915 0.241379310345
0.70821185803 0.258620689655
0.711714736337 0.275862068966
0.725476293102 0.293103448276
0.728365239719 0.310344827586
0.765896897441 0.327586206897
0.769224867713 0.344827586207
0.772664715686 0.362068965517
0.772925333928 0.379310344828
0.795205558875 0.396551724138
0.810301494193 0.413793103448
0.817541537617 0.431034482759
0.818414735166 0.448275862069
0.830014524075 0.465517241379
0.833888930616 0.48275862069
0.835201618541 0.5
0.855062465533 0.51724137931
0.891239213776 0.534482758621
0.895373413019 0.551724137931
0.898207131217 0.568965517241
0.906254011823 0.586206896552
0.925480675154 0.603448275862
0.933291387232 0.620689655172
0.935146381892 0.637931034483
0.942734927591 0.655172413793
0.948652722579 0.672413793103
0.953185328412 0.689655172414
0.965246988718 0.706896551724
0.974807026198 0.724137931034
0.98805080343 0.741379310345
1.00352208681 0.758620689655
1.00467284406 0.775862068966
1.00485625558 0.793103448276
1.00522267561 0.810344827586
1.01627374243 0.827586206897
1.03233932476 0.844827586207
1.034608606 0.862068965517
1.03953443926 0.879310344828
1.11880297344 0.896551724138
1.11942845044 0.913793103448
1.12010499523 0.931034482759
1.12659549232 0.948275862069
1.16762007598 0.965517241379
1.16802105197 0.98275862069
1.21223861712 1.0