0.948652722579
0.906254011823
-2.06757551948
0.98805080343
1.00467284406
0.810301494193
0.158955582259
0.414078499714
1.034608606
1.12010499523
0.725476293102
-0.949590981131
0.817541537617
0.833888930616
0.835201618541
-1.17270792998
0.641238818275
-6.09416302389
1.11880297344
0.855062465533
0.830014524075
1.12659549232
0.935146381892
0.895373413019
0.933291387232
0.533767112426
0.765896897441
1.16762007598
0.772664715686
0.974807026198
0.121463376317
1.16802105197
0.0982038753106
1.00522267561
0.772925333928
1.00485625558
1.03233932476
0.818414735166
0.686833466915
0.965246988718
0.795205558875
0.728365239719
1.01627374243
1.11942845044
1.00352208681
0.942734927591
0.925480675154
0.769224867713
-0.772070705654
0.953185328412
0.891239213776
0.431307710543
1.03953443926
0.618889434172
0.898207131217
1.21223861712
0.70821185803
0.711714736337