0.414419773478
0.0610447813541
-4.53590625257
0.297503270562
0.299275244367
0.1211343471
-1.0557369485
-0.520517989786
0.28098192184
0.355513214582
0.324201449876
-2.8230811604
0.561598958519
-0.0748180933852
0.231469065359
-3.19283268412
0.18916910846
-11.0307390094
0.345554967628
0.148055470463
0.121869076002
0.470900418003
0.3981848261
0.160503267938
0.0833606334842
-0.361578492143
0.154259236216
0.520277740864
0.535384940778
0.452843271393
-1.101044548
0.509962411819
-1.11066090776
0.437867783621
-0.013024017744
0.346316432269
0.282980187345
0.123631041613
-0.0983351429755
0.205828269434
-0.0079181579633
-0.1326520868
0.397574527801
0.451552122048
0.376980311871
0.595111325321
0.113033852652
0.263873857771
-2.4789899061
0.22392707654
0.120113836052
-0.373592918265
0.502234009076
0.104485192472
0.142515078708
0.512521977426
-0.248686981654
-0.0746477406904