-4.47681923724 0.0172413793103
-1.66768624041 0.0344827586207
-1.24768100806 0.051724137931
-1.16442060727 0.0689655172414
-1.13689630661 0.0862068965517
-1.04865896252 0.103448275862
-1.00809546502 0.120689655172
-0.872363585498 0.137931034483
-0.826287462027 0.155172413793
-0.82377829502 0.172413793103
-0.819044022198 0.189655172414
-0.759640146104 0.206896551724
-0.682606597969 0.224137931034
-0.68195650486 0.241379310345
-0.599216993058 0.258620689655
-0.595078102879 0.275862068966
-0.531246403745 0.293103448276
-0.509741810362 0.310344827586
-0.409289204804 0.327586206897
-0.39332171931 0.344827586207
-0.368559224652 0.362068965517
-0.367606350823 0.379310344828
-0.338284185317 0.396551724138
-0.335964788153 0.413793103448
-0.295827987291 0.431034482759
-0.29058494666 0.448275862069
-0.254127084164 0.465517241379
-0.241286325217 0.48275862069
-0.23871905457 0.5
-0.218589027003 0.51724137931
-0.21795152619 0.534482758621
-0.214247680156 0.551724137931
-0.213955833947 0.568965517241
-0.159752595441 0.586206896552
-0.144344380006 0.603448275862
-0.14056854162 0.620689655172
-0.108933225356 0.637931034483
-0.105235025066 0.655172413793
-0.0883263186965 0.672413793103
-0.0378447705709 0.689655172414
-0.0138802542327 0.706896551724
-0.00867977565731 0.724137931034
0.0180986677385 0.741379310345
0.026113659238 0.758620689655
0.0293226116762 0.775862068966
0.040129485737 0.793103448276
0.0546804964539 0.810344827586
0.0979744887941 0.827586206897
0.120056246311 0.844827586207
0.125489643501 0.862068965517
0.130942807122 0.879310344828
0.16127065395 0.896551724138
0.230605847686 0.913793103448
0.232600042375 0.931034482759
0.270275372846 0.948275862069
0.274171885021 0.965517241379
0.603681904107 0.98275862069
0.63163889564 1.0