0.459138204155
0.140666183516
0.443305051701
0.498337556909
0.551852311757
0.576025611404
0.578389727678
0.0406272084074
0.62118551617
0.627789154295
0.563851071394
-0.299260890629
0.903260964475
0.261070453484
0.365695425611
-1.95918027972
0.343134909029
0.628173600218
0.524106838941
-0.0162342643501
-0.0617831438057
0.939485086679
0.551793823359
0.348019567069
0.325023796123
0.230938833718
0.55834767589
0.514305334986
0.962649125956
0.38287450283
0.51414619444
0.577338618154
-0.0607100867929
0.322030219924
0.28390395654
0.294151882252
0.709163825482
0.88711489352
0.564438077324
0.635187928876
0.37245823223
0.261953150567
0.494221295721
0.560458164757
0.637236253877
0.767013193396
-0.177172945065
0.288898122982
0.0734144446116
0.136023602705
0.367170535282
0.446154680988
0.494837505643
0.72609858575
0.576449568123
0.599976254424
0.0973294670841
0.500450619268