1615691.4893617022	0.009708737864077669
1616094.9868073878	0.019417475728155338
1616531.1653116532	0.02912621359223301
1617021.2765957448	0.038834951456310676
1617302.0527859237	0.04854368932038835
1617403.3149171271	0.05825242718446602
1617414.248021108	0.06796116504854369
1617647.0588235294	0.07766990291262135
1617897.7272727273	0.08737864077669903
1617910.447761194	0.0970873786407767
1617977.5280898877	0.10679611650485436
1618233.6182336183	0.11650485436893204
1618528.6103542235	0.1262135922330097
1618571.4285714286	0.13592233009708737
1618598.382749326	0.14563106796116504
1618750.0	0.1553398058252427
1618827.1604938272	0.1650485436893204
1618918.9189189188	0.17475728155339806
1618975.903614458	0.18446601941747573
1619402.985074627	0.1941747572815534
1619426.7515923567	0.20388349514563106
1619533.527696793	0.21359223300970873
1619565.2173913044	0.22330097087378642
1619834.7107438017	0.23300970873786409
1620343.8395415472	0.24271844660194175
1620426.8292682928	0.2524271844660194
1620689.6551724137	0.2621359223300971
1620786.5168539325	0.2815533980582524
1620943.9528023598	0.2912621359223301
1620967.7419354839	0.30097087378640774
1621037.4639769453	0.3106796116504854
1621345.029239766	0.32038834951456313
1621359.2233009709	0.3300970873786408
1621580.547112462	0.33980582524271846
1621621.6216216215	0.34951456310679613
1621794.8717948718	0.3592233009708738
1621987.9518072288	0.36893203883495146
1621993.1271477663	0.3786407766990291
1622054.3806646527	0.3883495145631068
1622149.8371335506	0.39805825242718446
1622302.1582733812	0.4077669902912621
1622478.386167147	0.4174757281553398
1622549.0196078431	0.42718446601941745
1622807.0175438595	0.4368932038834951
1622895.6228956229	0.44660194174757284
1623287.6712328766	0.4563106796116505
1623333.3333333333	0.46601941747572817
1623376.6233766233	0.47572815533980584
1623636.3636363635	0.4854368932038835
1624521.0727969347	0.49514563106796117
1624535.3159851301	0.5048543689320388
1624567.474048443	0.5145631067961165
1625000.0	0.5242718446601942
1625412.5412541253	0.5339805825242718
1625435.5400696865	0.5436893203883495
1626373.6263736263	0.5728155339805825
1626415.0943396227	0.5825242718446602
1627090.3010033446	0.5922330097087378
1627413.1274131273	0.6019417475728155
1627572.0164609053	0.6116504854368932
1627819.5488721805	0.6213592233009708
1627862.5954198474	0.6310679611650486
1628048.780487805	0.6504854368932039
1628968.253968254	0.6601941747572816
1629237.2881355933	0.6796116504854369
1629629.6296296297	0.6893203883495146
1630165.2892561983	0.6990291262135923
1630733.9449541285	0.7087378640776699
1630801.687763713	0.7184466019417476
1631004.366812227	0.7378640776699029
1631147.5409836066	0.7475728155339806
1631455.3990610328	0.7572815533980582
1631914.8936170214	0.7669902912621359
1632034.6320346321	0.7766990291262136
1632882.8828828828	0.7864077669902912
1633333.3333333333	0.8155339805825242
1633484.1628959277	0.8252427184466019
1633663.3663366337	0.8349514563106796
1634482.7586206896	0.8446601941747572
1634615.3846153845	0.8543689320388349
1634883.7209302327	0.8640776699029126
1635071.0900473935	0.8737864077669902
1635514.018691589	0.883495145631068
1635714.2857142857	0.8932038834951457
1635746.6063348416	0.9029126213592233
1636138.6138613862	0.912621359223301
1636815.92039801	0.9223300970873787
1637254.9019607843	0.9320388349514563
1637500.0	0.941747572815534
1638197.4248927038	0.9611650485436893
1638743.4554973822	0.970873786407767
1641708.5427135678	0.9805825242718447
1645685.2791878174	0.9902912621359223
1646428.5714285714	1.0