2.471572754578969
-9.998775218187621
1.2263031946967529
3.242668534682093
1.5488528633828766
2.865945085949295
0.030940746838747722
1.7185959254378154
0.9027589380697654
1.220697210132483
7.757638478740125
3.022140035064509
-0.10767610626449875
3.145169599557251
2.2815850503047153
1.5107104070823567
0.6460629851997479
4.248144738325207
0.007806713359763899
11.878216921398073
-7.928072758827214
-0.09944501832204464
3.7918185634893042
-0.38910876220712354
4.170612691226289
-0.019079112414424722
0.0854313269800654
0.213841768379938
-0.00010521349858530685
0.22541878680560376
1.4694214695525256
1.6239052693442937
0.7020536358549739
9.433318295264906
-0.0673122046562338
1.0063597284285433
0.016357997243358926
3.4662499207958812
0.25403812000656273
4.166578104262989
1.2025076768326908
2.3815928128891475
1.459319081499616
11.717862838380485
-2.6055552978264815
5.262632815232167
2.406899412919608
2.272425746752292
1.0859237301341143
1.1547414341129787
1.053498705126173
1.8550879928852653
5.875062901656292
7.474116112685526
4.6584103690838425
4.305756099021001
6.298191466085466
-0.10101427782209459
4.642901607008484
-1.6306454485748165
4.194656219747138
1.408555618481712
1.1950613267606778
-0.2770535096942705
1.4221158385586683
1.9346737637115925
0.9342771501368773
1.7342632630882893
-2.7760850595877655
3.843938093940675
14.155942771380126
5.532835002978743
-16.677353717971084
0.6089951772971304
1.3833079084974922
6.62471469635313
0.1201968425191593
1.5769282031817469
5.552674348513418
-0.0597191365690451
2.4979082830478316
6.612085005842585
1.9741520896577516
0.007304415886650693
3.4430909411835415
-0.00788523601231256
0.6229980657253316
0.4992357482317706
0.34698902809507526
2.3129540032959452
1.6135628281207
1.0450293107797863
1.7488932963297583
1.0976813140886588
1.5660231438287482
2.05535621637101
5.51592896091595
3.3764204573489383
1.8101997009068675
1.0120673252513874
2.788817535824077
0.08500093914222898
4.7318671205966645
