6.125018027109866
-3.0252225225175517
3.0562895873529476
2.217611740477854
1.7912664896645947
2.253619384829816
0.028508947997459115
1.1736245909847411
0.9158049696844475
11.692761837815324
2.003705592989517
3.3870524141722247
5.745914505541293
2.503723117424607
1.038551486167969
3.252294180041423
1.4412728728411026
1.4485208289589737
0.08385866965327007
9.833469398659451
0.4102052660330496
0.04594932880268311
3.179000635547442
-0.8682561375522068
5.1778544135580145
0.0282657840468144
0.8320710479599269
0.21474020918879472
0.043313155825742085
15.788149195263294
1.2477833656416528
1.7381074677100297
1.1251786768255119
7.2229053605645825
3.3482602399868284
3.019919987160444
0.5107242752476584
2.6289705166042507
-0.6118156873633118
2.9656259066747253
145.88199805285797
1.4031045849034518
2.858309027399494
36.02574804354282
0.4493149486441443
2.4732384688417914
4.851228207342571
2.5229408044329307
1.1795251699045937
2.586803883366035
2.5452061206000702
23.875732965580355
5.399148704881919
10.11022659297111
110.46982429776284
3.0513930392809634
4.583649717070466
-0.16206787407010312
6.000878182608181
0.15227396596016915
15.461239184009202
22.830234778341
3.299998569443238
1.2798297726801922
4.3678091621257975
1.8100377821761553
0.937707341194914
5.223584495380865
0.7299814598251825
3.3342117223293775
6.370804504904145
2.7228399930081117
0.7370980672037033
6.5111963240920385
2.8696921375067768
3.285906504119353
0.13285494633436437
1.3849949747025572
1.6698035090603056
-0.16323843141411862
1.773930114055027
2.7382583287076154
1.7967845748340918
0.05489540352496006
1.4672939100323883
0.12798839411568158
0.6477876465413437
2.4061649794440108
0.6192673902368446
2.1532837006855523
2.293722097935339
3.442942950219242
3.585865895278319
3.799731661684731
7.898552412183952
1.9713053163679366
1.9994557861276783
3.5522388116010237
3.6858769930321422
6.100747855642877
6.736690168046637
-0.22150525920244
3.250709814357575
