1.9311720850480674
-3.8579078217467715
0.8751259968592926
1.7051994464136793
1.3295959495890706
0.5116153763996039
0.020488422776202983
0.37933573604283227
0.8986977017004667
2.507951404497124
1.1079636754306987
1.2892344943613843
18.822922075946913
0.45951370175665013
-0.8647714149749905
3.3093580973220686
0.7357048620057443
0.5723136243637502
0.006145947412682313
1.1942484200988344
-1.9883663180550555
-0.5699575110960571
1.7998843071279893
-0.9396552635015532
1.1141431721206285
-0.013592521021435417
-0.8785829469056771
0.21807244029174813
-0.0016672856742380674
-0.41366301336773154
1.4744687743440819
0.04072002080212553
-0.134815922015779
1.6677920470103083
-0.22093585228557044
2.1262257257937125
0.6396452881832346
2.049760962644793
-0.767537187528129
1.1666694755665687
2.724133049505884
2.371512751987869
1.0866416691152436
1.056610032234848
-1.6572905209507824
1.1611925192970114
1.3600729352820105
2.5841239413194437
0.6154378814865107
0.7391412309611807
0.33034884210482734
1.0993213388569825
1.5978707746262497
1.8399287881909343
-0.01699331671654646
1.6773601736787231
1.2229151086740464
-0.4123276711635497
2.385773269444877
-4.929770253861903
3.319053914734777
1.0148005389501795
1.3211348343138456
-0.40408088381342633
1.7049118858425818
0.6808033325418995
0.9314069079186088
3.3822408781190694
-1.3368011559502775
0.9950413009617161
19.144482705248333
1.5335712759381095
-2.450603416995217
0.30309463776650836
0.863335892880498
1.173022694058364
0.12050985921058195
0.268328944666213
0.9097415636402706
-0.5060462140893691
1.0161622456500543
1.3750138627976431
0.9985785171973638
0.0004891529853792252
3.054534886462003
0.053309852514830634
0.6242745122217069
0.019863954586606076
0.39128846733695566
1.0932815648216163
1.176196834064013
0.06014997256806429
1.4378412840339099
1.4360218075072468
2.596712538177857
1.187018065041921
0.9846909243685898
1.0888701248874184
1.9015822092675987
2.395733799373406
3.513584636679726
0.1833722079992025
1.026289668406176
