#2kb-http 2kb-quic 4kb-http 4kb-quic 8kb-http 8kb-quic 16kb-http 16kb-quic 32kb-http 32kb-quic 64kb-http 64kb-quic 128kb-http 128kb-quic 256kb-http 256kb-quic 512kb-http 512kb-quic
97.00299989686906 86.98000008670985 89.9230000770688 88.01800007870793 94.97599989560247 86.27199992570281 89.93299989753962 86.81500000648201 93.06000002025068 90.08300002785028 92.0850001000017 83.7599999435097 97.26300008369982 89.23999992571771 87.16199995812774 87.9970000678748 96.38800002081692 92.06400011523068
89.91199991716445 87.9309999319911 84.95799998205901 87.69399993991851 92.02600005549192 85.72799990583957 92.04000007393957 85.26699989563227 85.16699989037215 86.31799998222291 91.27799991732836 86.44500004078448 89.37100008326769 89.74100003373623 85.3770000988692 88.4589999562502 99.6430000421852 91.64500000163913
94.0269999100417 87.88800006261468 93.15899999827147 87.01700000295043 88.90600003176928 88.15700002305209 90.91000008516014 84.38800010687113 90.07400005069375 84.07300005184113 93.26199989897013 87.13399998536705 90.38100004480779 86.57399990780651 93.5970000781864 87.17000003427268 85.65800003410875 89.92400008790194
92.94400001499056 86.9449999396801 87.40499991974235 87.06000007791818 92.97900002582371 86.87900005538762 93.98800006350875 90.07900000500679 85.92699994038045 91.57799999520182 93.37200007818639 94.02799992848932 88.09100001339614 87.88500003215671 87.37000003160536 88.68900001245737 87.82399995718896 88.76900009825826
94.95099989999831 92.1229999846071 90.88999995689095 89.08299998255075 98.82200007711351 87.96200005704165 99.08499991571904 89.07400010760128 87.95599992437661 88.49000009213388 88.15099998176098 88.02200007870793 92.80700005102157 88.65599999722838 92.34599998633564 86.57200011457503 83.5399999025315 83.5070000820607
94.91800003062188 88.07799989800155 95.96000007914007 87.7749999691993 87.01399991361797 88.10299989360571 87.95200006583333 92.10300002707541 90.76400010627508 91.54799996474385 90.19000010603666 88.0870000166148 88.23899993811548 86.78099996197224 88.39100007604063 82.18100007750094 94.45200005173683 88.85999990993739
92.83500006303191 92.21499990288913 97.94500008276106 90.71500008460879 94.01299992848932 91.15199991206825 91.82799992196261 93.71100001052022 95.40500004287064 88.6010000833422 86.04800007948279 88.62199993513525 86.28099999423326 86.6810001013875 88.8380000024885 85.48400009007752 90.10499997454882 89.6889999435395
96.10800003282726 87.04300009432436 85.72000011260808 87.06199995286762 92.01099991843104 86.97399996048212 92.13899992369116 89.38700004519522 88.95600000013411 88.51799999314547 89.00399999895691 90.11199992446602 88.3460000988841 88.68700001685322 86.62300004895032 86.58500008411706 84.95999989068508 86.09000006307662
93.93299991121889 88.92399995444715 88.91299992163479 89.11500004990398 96.0040000627339 88.7889999383539 93.05599991364777 86.63199995349348 88.97699993921816 88.44700000837446 85.10800009392202 86.91600008144975 90.47999995869398 82.5240001052916 94.87800000455975 90.53699990099669 85.62699989296496 87.76299996480346
97.02200007757544 85.79999990466237 90.89600010831654 85.10399993284047 97.02899999703467 89.49199990138412 97.20799989451469 89.52799996230006 87.06600002139807 85.78900008419156 89.01199999660254 89.76899993796647 86.41799996903539 85.38700006519258 84.93700003622472 88.42699992257357 85.64200006809831 87.6059998921901
95.95000005629659 89.04199994125962 90.76800003013015 89.74699995437264 91.02099993726611 88.73499992752075 89.10999999660254 85.7430000809729 92.93600003783405 90.4549999859333 89.88100008586049 88.8049999872595 86.22700003026426 90.68100009661913 89.03999999456107 86.45900005923211 85.5879999474436 84.83699989947677
89.06799991841615 84.13100001698733 89.85899991834164 84.1910000037998 90.13199996253849 85.53999999313056 92.05600011640787 88.49400000075995 95.20000011610985 88.53899992665649 87.0420000911057 86.62399995349348 87.21500005272031 87.72300001049042 91.80000000689924 86.41199990136921 89.5910001025796 87.31300006999075
94.01999992205202 84.12799995167553 98.95200006918608 85.3000000359118 95.00899995212256 88.44700008247793 94.98600002269447 88.65800004409253 88.93000003176928 88.25800001747906 91.02499992643297 86.95100005421043 90.23999999503792 90.7750000910461 87.42199995020032 89.58599994589389 81.71500003361702 87.95100010712444
94.90800005346537 90.01399989958108 93.9819998959899 89.41699991779029 95.08399998784066 89.50700010375678 95.03699997496605 87.4839999217838 84.8350000268817 84.51199989892542 85.98899998167157 84.2229998948425 86.26699998018145 87.56500010335445 86.77700008819997 89.64600007416308 88.40099992375076 86.6039999731183
95.13400000746549 91.14100007636846 92.96000005628169 89.25000010085105 96.88500008754433 87.69799990624189 94.03500004388393 87.66700004008412 86.9670000846684 86.7759999010563 87.98700007666648 87.33200003513694 89.10700007392467 85.3809999922663 84.1910001115799 85.21000005349516 88.18700011442601 86.09500002382696
92.89299993562699 82.96199994036556 90.92500009191036 88.34300008043647 91.01399991120398 86.62799988818169 90.17699997337162 85.46899996063114 85.84900006778538 90.59899990743399 82.79299990347027 89.52999998600781 85.2810000294745 87.03299992240966 84.89600004093349 84.87500006377697 88.62199997673929 87.94899989038706
88.0299999384284 83.45199994821847 90.01800001348555 84.37400001227856 90.14600000822544 85.6400000680983 91.97099993483722 84.38500009164214 85.90600002618135 86.55100003521144 86.13799998253585 89.66899994032084 89.2720001052469 87.85599994839728 86.69800006331504 83.88399999123811 90.68700008900464 88.71799996559322
91.01400009073318 86.4320000756383 90.96399998617173 85.4719999562353 92.95899996168912 86.75299996519088 91.16300006113947 86.24200008003413 90.92999990916252 85.54500003881752 85.20200008395314 85.64999999077618 85.32599990528821 88.68600006575882 90.76899992556869 85.88199996761978 91.35300009772182 84.50899997507035
90.97200002981722 86.39799996463954 90.88900003539025 90.40600003279745 91.11799992847443 88.51700010414422 93.90300000055134 89.21100007157028 88.87600010909141 89.17699996316433 86.01199996966123 85.04700011205674 85.27200009478629 88.71299995476008 86.84099996840953 89.22599993011356 84.53600004124641 89.87700011192263
88.94500000013412 88.43599997147918 90.9789999589324 89.30100000068545 94.01200010158122 88.49599996708334 95.97900007474422 92.35699999952317 89.8759999215603 91.5680000757426 88.0790000590831 85.53500006605685 87.07399990278482 87.48199995750188 90.76200005736948 82.92799992513656 89.69800003664196 88.80399997642637
93.93399994285404 87.4539999217838 93.94099990800024 88.45999995625019 92.93099998892843 88.4019998845011 95.98299990808964 91.47099998554587 86.95199998567999 85.54400009973347 86.05100001095235 85.78700003089011 84.24800001463294 86.53699989815057 83.48400007326902 87.91499994400144 84.7389999691844 85.93100004023313
93.83499989512563 83.51599997545779 95.86599995848536 92.24000002032518 94.91599994450807 90.4859999859333 96.04700006799399 89.23900002910197 89.92699996607006 85.57000004643201 86.95399993999303 88.62700008538366 87.30200003631413 86.84299988465011 94.11499995455146 88.28299997501075 87.47999989336729 86.97299998010695
88.97899993921817 89.73100001206994 93.93200002983212 84.30100010043382 92.84200002495945 89.69500011427701 85.78200006574393 87.3519999730438 87.97199996566772 86.31800001589954 87.18600003866851 88.53800003443658 83.23799992364646 83.42800004194677 84.59899991297722 90.98800008311868 85.70200011260808 86.59299995788932
95.929999992162 91.48000009654463 93.0149999408871 89.4089999037385 94.89300005786122 85.56199999313057 86.35399996699392 92.15199992690981 84.95200002452731 83.4729998884797 83.04099993039668 90.57299999558926 87.14999989721179 85.73600010821224 85.86099991753697 86.30099989846349 86.47999998748303 88.37000008891523
88.97100009590388 85.48800009769201 92.97300010722876 84.40799999265373 91.01799991120399 86.59599996550381 87.93200002776086 86.19000010319054 82.98300000944734 86.43199994061887 90.0340000899434 90.79100010949374 88.23999997618795 85.64099994187058 89.75200009582937 85.00299998088181 90.72999999323487 85.73799989822507
90.01599999535084 86.52999995467067 92.05199997495114 86.42799999070168 92.07899988679588 86.40899999187887 83.74800005333125 85.15300008513033 81.72299997474254 86.63399996432662 88.00300002658368 86.77799993151426 88.39999996182323 88.98699997493625 87.61699991942942 88.59800006049872 93.73000006499886 86.84000002932548
93.04499991042913 86.23100008764862 94.00400004066528 89.17800006073713 93.00200008234381 87.59000009134412 84.93500006142258 88.25899989446998 84.87999993433058 87.49100002399086 88.01000002658367 86.66099994909763 86.2539999344945 86.89600010868907 87.53900003804266 87.56400008812547 89.1100000847578 87.71999996040762
91.84899992957712 87.63000001402199 93.02900005188584 86.29299993653595 89.99499991685153 86.42299996463954 83.84499996957183 91.14700002071261 84.9219999908507 85.50500000192226 87.05900001056493 87.36899998505413 89.3830000680387 82.55400005842745 90.58399992266297 91.17399989566206 91.6349999679625 87.31400007760524
91.0380000025779 87.55300005766749 90.02500008672476 86.23400010201335 91.89899997730554 90.47399988459051 84.86299993433059 87.40000004479289 88.90200001654028 85.62599999517202 84.96999994398654 84.52700000113249 88.292000078395 86.58900011457503 87.72699996715784 88.17400006434322 83.16100010874868 82.28499992607534
89.99899994204938 88.70399989062548 96.047000104025 88.27599988363683 91.91299995210767 84.52399997507035 84.89499999728798 89.5289999166131 85.93799992719292 86.57799992068112 88.04299989156425 84.25299989162386 89.25099994534254 86.12200004345179 86.66199999156595 90.09500002785028 85.32700006636978 86.73600006975234
86.96599998128414 87.23300009401143 95.85299994765222 87.30599998623133 90.91900003099441 89.56499997399747 88.93400002737343 90.28600001670421 85.97800010028482 83.36900007358193 87.04199998010695 87.51399996307492 88.12399998615682 84.46400001432002 86.71299991424382 91.02999991089105 83.1059999075532 86.50799995145202
94.88400005024671 88.4600001129359 90.9240001039207 88.35499988889694 95.96600007152557 83.50499988730252 84.88700001809 90.35500001874566 88.97599990436434 88.15799993489682 87.02299996487797 86.80099994321168 86.47499997986853 89.53299998043478 85.92200008945167 85.69600009180606 90.66199995194376 86.6349999795556
89.86299990311265 85.41199997703731 89.9369999628514 89.11700005751848 90.97399995045365 85.42000003033877 86.8699999563992 86.10499990199506 85.86900010585785 87.19600002987683 91.04500004826487 87.54299997273087 88.292000078395 88.45699989533425 84.65699991180003 90.43700004802645 89.52499992100894 88.18899992728234
90.06199997894466 88.55499997673928 95.02000007073582 86.12000005868077 93.82300007465481 89.5539999883622 82.84500003087521 85.27800000984966 83.8450000000298 84.1859999961853 89.01299998812378 87.67500000201166 85.23000005349517 85.36299989767373 86.72099999038875 93.35299996106326 94.60699998320639 100.18300006204844
93.92500006233156 88.35599989533425 94.93799991962314 87.2629999165237 91.0329999949634 88.32399996826052 85.9100001090765 86.91099998567998 85.91899992954731 83.98999988549947 89.11900007714331 87.34700010366738 87.43399993379414 88.63399995593727 84.62599994665385 87.39799998827279 85.43299999634921 83.36099996697902
90.97800007990003 85.3959998844862 89.97600006827712 90.23400010368228 88.9620000578314 85.14100010357797 85.83499998080731 86.17400009644031 87.06599999855459 87.17900003749132 86.98700003780425 85.57300001361966 88.28100001747906 87.55499993026257 86.78799999329448 82.90299995677174 86.6579999871701 87.2579998948574
87.9759999396056 87.4969999563247 91.02399994927644 86.3199998984635 91.1650000306815 84.00000008025765 85.89099990230798 85.19299998818337 85.90599999807775 85.02800009509922 82.94999992953241 90.67599994754791 88.15500002744794 88.28399993662536 86.7129999370873 89.34099992014468 89.68000002847612 89.70599992069602
87.93399989069998 84.61100010977685 90.93299992439151 87.08899996370077 91.94699998492003 86.97700004220009 83.8600001142472 87.10700009314716 85.88299990348519 90.25499991331995 89.0480000294149 85.4909999486208 89.19000009967387 84.46599997153878 86.38500008764863 86.04000010232627 84.82099990065396 86.6669999871701
93.0010000410527 84.61299990418553 91.01300006788969 86.34800011166931 89.96899998773634 84.18400007233024 86.85499994878471 86.16400010319055 87.84999998764694 91.02500010800361 89.05200004464388 89.54000000037253 92.31499995061755 88.56100002007186 85.73199990583956 93.25000006240606 86.87699995318056 88.78400011231005
90.00399988874793 85.38800002712011 88.9479999512285 85.40399996942281 90.02099998012186 87.27799995577335 88.93199990554155 89.12799996174871 86.81900003050268 89.20000005076825 87.18900006151199 88.7580000950396 87.26999998740853 87.05199988433719 85.6770000332445 91.4009999486506 88.73900003616512 91.1560000423789
88.91800007745624 84.38000008842349 92.97899989198149 84.09500003983081 91.04199988396466 87.99799990357458 86.91600002492964 88.21699994133412 88.96800010351836 88.39300008687377 86.03000004902482 85.46299992255867 83.33299999421835 87.1899999461174 86.85599991714955 83.67600009053946 85.26900005231798 88.62400001041591
86.90399998685717 85.27200006754697 91.99500005227327 85.08600003944338 94.86600008510054 90.98500002220273 90.86600002659857 86.99500009432435 83.9359999639988 88.11000008836389 88.04400004503131 86.32800009204448 89.13099992485344 86.40100003756582 86.75399999360741 87.23000007878244 83.66399998833239 84.42499994257092
92.02800000219047 87.3889999153465 95.08499998140336 83.49399988730252 92.80400006829203 88.0120000090003 86.94699994760752 86.03000006425381 83.89899992270767 82.1299999600649 86.06699991518259 85.57500004203618 85.24599989241362 84.31499988487363 89.7340000141114 83.9019999563843 88.67599993309379 84.434000029549
94.98400006955862 84.3490000090599 93.96500002983213 88.54000001803041 95.95699992245436 86.09700004784763 82.8339999588132 87.19499992327393 84.90999991470575 85.99700001534819 88.9870000718832 89.56800009904802 89.34999991339446 89.46999992540479 86.7329998870045 87.15399998097122 86.6589999370873 86.87499995639921
96.91600005708635 88.39699990412593 94.94499998053908 89.37900010375678 91.95199995854497 81.90000000284613 88.85899997203052 89.12100010760129 88.90100007423759 85.95799997405707 87.33900009220838 87.60699998560548 85.20199996416271 86.40700009086729 85.86100009062886 88.32900011529028 89.45300005602837 89.6899998934567
92.82799992918969 88.41200005641579 91.9819999652952 88.48200010092556 90.97599992321432 86.99200007030367 87.89299991032482 88.8639999447912 87.91799991644919 88.3440000912696 89.03699992281199 86.55300009667873 86.07199993363022 89.23299995295703 86.63200008733571 85.26900008277595 85.75200010059774 87.91700008106231
92.93999988554418 86.2819999257028 90.98300008751453 88.1279998936057 92.9970000410527 93.89499990800023 87.90399989509582 82.8960001090616 84.77400006613135 88.28100001308322 89.14500004550814 89.43000005163252 87.1890000538975 85.24500006079674 85.49400002154708 84.97300011472404 84.63299998472631 84.84300004415213
90.97100004182757 86.29599997138978 88.97499991637468 89.39500004401803 86.91399997366965 88.15900001747906 82.84100001564622 89.08500003907085 85.85099990788102 82.94400009705126 86.07299996086955 87.45799994462729 91.36799992698431 88.48700008130074 87.67900010539591 86.05400011637806 86.38500009204448 86.75199992068111
93.10700000062585 89.28399991692602 91.95899989558757 87.35600006881356 90.05200003664196 88.00999992084503 85.7669999319017 85.932000050202 87.89300005939603 89.28499989408255 89.03100005987287 89.63199997195602 85.28699995332957 85.28599996416271 86.73099997837842 89.14299999660254 87.5250000512302 91.99499993892015
87.8979999331683 87.4110000371784 89.92899995084107 87.3800000307411 94.89700008070469 89.0399999356866 87.99899995805323 84.20200006471575 85.96200006307662 87.15999999824166 84.00399994845688 84.48700007492303 87.37799996982515 83.49300004838408 86.35500007124246 82.8549999383241 85.19300003151595 83.49499992977083
88.06200001983345 90.08000009638072 96.94899992968142 85.27999991407991 94.99400000981987 86.8789998987019 85.94099995560944 86.13800000859797 89.08499997580051 84.10499991038442 95.14800009004772 86.80299995757639 87.09200005829334 87.30899992091953 97.22599995103478 86.28799991808832 89.16000008797646 90.20799994055926
88.9399998999685 89.1290000923723 92.19800011609495 85.15900005027652 91.08299992085993 85.34299999344348 87.31500005798041 85.52299994422495 91.89600003500283 91.22599990649522 90.66300005532801 84.9639999243617 83.11699995645881 82.45599991932511 94.57300007897615 86.60000000357628 98.68900005544722 87.1050000049919
88.75200003090501 90.01900006709992 91.99200007511675 86.08299994446337 94.97600001743436 84.3890000231117 94.16199992495775 85.14899995450675 93.08300009199976 89.4070000103414 84.13699997891486 85.88699996000528 97.00700000143051 89.89800000853836 86.58500009934605 86.9650000269711 90.81900007668138 90.19500007204711
86.90899996723235 86.20099998866021 93.1080000539273 87.13800004832447 93.04300010840595 88.01000007548929 86.90699998246133 89.99699993765354 95.07800005315244 92.54899995352328 87.95699989156425 87.64500010539591 87.17400006912649 88.99100010555982 93.4330001077801 87.98699991118907 87.15099996252358 91.84300009058416
89.83399997925758 90.00599995288253 98.16499993659556 87.96999990475177 96.98700011447072 93.92900003744661 97.01699997097253 87.87299992115796 87.96200000052154 88.35599998466671 87.69500010100008 87.69000003568829 92.39600007888674 87.9810001027286 84.33999993291498 85.0199999384135 85.9599999140054 88.20799994455278
94.97400007513166 88.96599993482232 99.20100009548663 87.16500002665818 93.99000006759167 92.94199998013676 96.66100004217029 91.78799989590048 86.09099995207787 90.59800002926588 85.9789999512136 86.39799988849461 87.6999999062419 84.88500006259977 90.55300004567206 91.0919999012351 82.97699988588691 87.19100008961559
97.03999988603591 91.07800009277463 92.82899992157519 91.06499995657802 92.57399995234609 87.05399993763864 91.84700005988776 88.4940000051558 90.97399995249509 89.71399992831051 88.07400010327994 89.7049999435395 85.30800010444224 84.26500011362135 86.61100007650256 88.78099988505244 92.88700005424023 91.39000009772181
87.7910000268966 87.95400008310378 91.91299997408689 87.51499994784594 96.19199993737043 88.06699999055266 93.07800005070865 89.57399996112287 83.92899993354082 89.30500000068545 90.04699991889298 88.75899988944829 88.30699999785423 88.7770000373423 92.04900007833541 84.95800009949505 85.01000002335012 84.87300007900596
89.7939999575913 89.13300005312264 94.88000002740324 88.92700005021692 94.92100011438131 88.61200001041591 90.91300003860891 87.67500000201166 88.94399999251962 89.81500000210106 87.99899995805323 84.77200003889203 94.47200010417401 87.05900000616909 88.57100011497737 85.62800004085898 85.62600004965067 83.04200010670722
86.83499991188944 87.11000008875132 95.97699991483987 88.12399991323053 95.96800010959804 90.34900008405745 97.02399999381602 89.53299992831052 86.0409999652654 90.53900002604723 89.05299994447827 89.51400002290309 84.17399992883206 86.6350001013875 86.74699997837841 84.33900000490249 87.32800002430379 88.10800010359287
89.8810000205487 89.94200008028746 95.05699998784065 87.2860000667721 85.80799998520315 84.25800002986193 93.33000000031292 86.34299998104572 87.86300006701052 87.23499991448223 90.93200000053645 92.72200006860494 86.35700004313887 90.56299996513128 85.52200003881752 87.9729999885112 81.71299991500378 85.43600010970235
89.20599997258186 87.5729998933673 90.91700005061925 85.81100001126528 86.34599993214012 85.44199998787046 93.98100010597706 90.41599989455938 89.92499993239343 89.26500010406971 85.34799998787045 85.83599994155765 92.34499999190867 90.49299997392296 88.77699999283254 85.75100001244247 87.63099996072054 89.34100010289252
90.93800000053645 89.15300007274747 93.0540000398755 87.34200005036593 87.88399994604289 89.69799992069602 96.07499999302625 88.71299997320772 87.90900007344783 83.50099997545779 85.02600004941225 86.70700006975234 90.22199998624623 89.55699990460276 89.7549998934567 89.88200000531971 90.62100005210937 85.81299990788102
95.98399989286065 90.07200002785027 94.89599993924797 89.379999896124 89.8110000641942 87.4700000936985 93.0219999833554 88.39500011411309 86.91300004015864 84.19100000058114 90.96499992643297 91.49099997031689 86.31699997343122 85.60400003442169 87.84999995718897 85.07499996447564 88.7080000320822 86.2809999485463
90.02099998773635 84.10999995607138 93.87800002017617 91.35799990414083 89.96199998891353 88.98900000335276 91.2120000371188 84.554999978289 83.85500004571676 86.67000008615851 88.02200008749962 88.57100008773804 89.15500008797646 89.40299997226894 87.66599997594953 83.41000009964407 85.66600006370247 82.97400004696846
92.87800002378225 82.68200005929172 89.84600005979836 85.34799997060001 82.83300010702014 84.34400000144541 89.84599998687207 90.31899997745454 85.9420001078993 86.30399996699393 89.03799992163479 92.7999999525845 86.09200004462897 83.55600007005036 83.44200005717576 87.81200005617738 89.56099995468557 88.26799995216727
88.72400010822713 84.3460000090599 89.89399996724725 86.276000105232 84.24699995136261 85.46800005082785 88.97500009150804 85.31799995976687 85.94200008183718 85.3739999357462 87.22300007234514 90.66899994252623 84.09999997130036 85.64299989940226 86.60500003843009 86.34499991691112 88.53900010296702 88.94800008711219
91.01200010596216 85.43599995741248 91.93799991960823 93.2160000091046 84.80599989743531 89.53099992626906 96.82100005504489 88.36699990852178 85.9580000012964 89.46899989816546 87.12300002022087 88.63300007894635 85.23100001864135 87.52400006967783 89.74999991630018 87.20200005272031 92.64399998162686 83.11300002381205
88.95400004582108 82.40799989530444 91.92200001977385 91.29300009246171 91.89100004701316 86.51700001998246 94.03900008195639 83.27700007154047 89.89799989432096 89.65700002847612 86.14400010436773 87.55500009134411 85.62199997350574 88.43500008130073 85.63699989296497 83.45000005160271 88.06100006347894 83.96399994845689
92.92900001938641 87.48399995546043 91.90200005462766 87.26399990129471 88.83199994157255 88.31299994337559 95.89199992245436 88.35900006842613 82.92399994154275 91.28200002393126 87.04199989634752 86.42599995702506 87.27500003309548 86.77099993151427 85.59600003881752 86.62499990019202 89.59400002643466 84.08700002899766
93.92799992762507 88.49499997469783 96.90900001139939 88.29299993254244 87.81199997650087 89.62100009378791 94.90399989356101 89.41499997988343 86.87299995082617 87.4249999153465 86.01500004141033 85.46399997586012 88.26799996300042 86.65300007854403 89.6229999306649 88.64900002124905 88.66499992226065 85.71799999368191
92.75900010667742 92.50600008061528 94.99100009036064 90.1540000114441 89.84900006741286 84.39700002633035 96.96299994169176 89.15799991166591 85.10100003300607 86.38100002995134 89.23800007157028 86.51799995467067 87.19099994289876 86.39700010170043 84.55700006644427 84.68200003685057 87.61899992147087 86.33899993214011
94.89500008831918 89.44699988733232 94.09700008839368 87.28400006677211 90.9920000423789 88.55300000719726 88.03400011238456 87.40199998387695 94.92100003823639 86.37699997343123 87.07999997131526 84.43699998825788 84.22600007672608 84.35200005474687 86.63700004926324 87.59900008694828 85.60699995827675 94.30099988892674
91.93600006867945 86.31200009322167 96.01999989843368 89.27399988646805 84.89300004854799 85.64000009855629 89.97599993883074 89.15700011403858 85.92199996322394 86.45199999509752 87.03200006064773 90.63299993349612 84.16100002460182 87.54799997712672 86.74899996314943 84.08599994523823 84.6610001141727 86.76499993912876
87.99399998089672 87.47599992178381 89.95600001175701 86.3010000050664 85.86899997963012 86.64500000444055 93.00500010840595 86.33799990929663 85.97599989029766 82.35099997058511 84.93699989068509 85.52499990615249 84.11399999500811 87.78400000727177 89.76600002612173 86.4339999242127 88.6659999679476 92.00500001828372
90.9569999961406 87.45700001755357 99.02799992011488 86.33699990168213 86.89399998246134 87.43200011096894 91.79099998405576 86.40100008003414 88.03499997650087 88.04800002540648 86.16499994006753 86.17299998135864 87.22199990804494 87.70499995954334 87.7710000769794 87.48100004683435 86.53400003960729 87.67599998678267
94.03700008957088 85.47800002154707 92.9559999693036 85.42500002327562 86.90199997162819 85.6200001038164 90.95800009952485 90.48699998593331 90.19099997219443 86.2450000487119 83.16399999335408 88.36699990090727 87.1170000398457 86.63000002202392 88.83699994157254 88.67499993309379 90.62299989542365 88.69800005814433
93.03600000824034 86.34799990929663 90.02500004865229 84.41400007201732 83.87399997279049 85.47000003677607 90.93199996568262 86.44899999509752 84.89299992232024 84.0680000333935 85.056999946028 87.25300007116795 87.2270000755638 85.69699988739193 90.60499998679757 90.44499990656972 92.72799996200204 86.712000057742
87.91099997767806 86.48099996024371 92.0219999565035 85.13200010797381 87.83000005295872 90.64000004771351 89.68799999801814 89.47299991779029 86.89399990309775 85.1779999577254 85.0599999384135 84.30999999822676 83.07100007624925 86.62200001440942 85.12299998292328 87.49100001315773 83.91000002169609 87.96200009950995
98.94900004312396 89.34699990491569 90.97600006788969 87.01800010633468 82.823000096187 86.5170000167638 94.95600008714199 84.45499990332127 86.94600007383525 83.01100006102025 84.06899988432228 85.1339999665171 85.05100006464124 85.41499990293383 84.67199999116362 86.2789999962747 85.53100001715124 86.57500008411705
91.96100008390844 87.62499994549155 89.89400007267297 89.36300011254848 83.80699995434284 88.48999992139638 91.02900004065037 85.38299997381866 82.93499998283386 84.2290000527054 86.9829999203682 83.1599999280423 87.22899996896088 88.4740000552386 86.75799988904595 86.65999994909764 83.81799993911386 88.17700010681152
93.9609999460727 89.32999998545647 95.96500006391108 84.37999989248812 88.84799990350008 84.50500002075732 94.02899993288517 86.21000001503528 90.08299997776747 85.04300002217293 88.95600003820658 86.22100004047155 86.40599992012977 86.63500002202392 83.47800006039441 86.29200001707673 87.41599999910594 87.0170000257939
89.99999988435209 89.37699998632074 95.02999996617436 83.15100000096858 90.89500007785857 85.20699991965294 96.14199996837974 86.30400002469122 86.88899989870191 87.09299997892975 90.26399999064208 88.65999995562434 88.15900008396804 88.49799997469783 85.49099999108911 84.6379999346435 91.73100007747114 82.46299989648163
88.91899997846782 86.3599999473691 89.9289999704659 86.0900000282228 87.80600005821884 86.41699993096292 87.99200008749962 87.29300009723008 88.11400010477007 83.83100005654991 89.09200000303984 83.71600001321733 86.21699998779594 87.34300009605289 86.64899989257754 84.46700006762147 91.39599997965992 86.6400000372529
92.7780000217408 85.3010000859946 94.90199997732043 89.37100010289252 85.84400006778539 87.33299999706448 88.00499996566772 83.45199999947846 85.86499996879697 89.06300011521577 81.95600004413724 86.99699995404482 87.22200002108514 88.25299999785423 84.30799999822676 83.08500009351968 85.17300009274483 93.1180000629574
92.08200005871058 87.34300001990795 86.97600005742908 83.28599990284442 84.89600007900596 85.23399999901652 89.03199990200996 87.12500000499189 86.90500007061661 84.0939999833107 87.0350000911057 87.9599999961257 88.2759999717921 87.29599991770088 83.87400010985137 87.26599990686775 87.58900004565716 89.06700001300871
88.98199996206165 84.35400004713237 88.90899989031256 88.3020000924468 87.857999926731 86.10399989116192 91.03199997973442 85.3119999216944 86.37899992452562 86.03699988472462 85.80000006896258 86.86100005216896 91.27599999786914 88.18700000342727 86.7169999370873 87.82299996480346 95.23299993979931 90.20000005155802
92.02899989558756 86.00100006103516 91.00800009073318 86.32399998630584 87.82900011387467 87.42599990333616 89.053000070706 86.38999995262921 84.85300002130866 90.03600008554757 85.93400007744134 87.98400001896918 90.26100004833937 84.41600009486079 83.29800003755092 86.13199990521372 83.87299998801947 85.86399994155765
88.91999997846783 87.11799992123247 91.9300000642836 86.31700008882582 84.83299998880923 86.25999992248416 87.0940000679493 87.13200002665818 90.87299997125567 88.07899994808436 84.00000002373756 88.9320000077486 91.21999999904632 90.44999994464219 91.78099988506735 91.83999999371171 87.67700008781254 86.68499993269145
90.00300006270409 86.11399998135865 88.9020000590086 83.35300008881092 85.87200009062886 83.36600001266599 92.07400007393956 86.10599988676607 86.84599997280539 86.90399995200336 90.07999996371568 88.04200001017749 87.10200008992851 88.63899994510412 91.89699995446205 90.59100009457767 90.48099994228781 86.53100000475347
90.02499989196659 85.094999894768 89.91799998891354 87.1270001115948 86.8210001142621 85.15199992844462 92.99399990046024 88.53999996590615 84.9199999832362 84.9640001038909 86.94999988669157 86.18999996817112 85.3279999987036 91.39899996827543 92.68200000447035 88.51100004322826 85.69199988417327 88.0400000101775
89.98300006066263 86.10299993684887 91.10500008516014 86.6130000372529 85.80499996557832 87.20699991565942 97.01700005473197 87.34600005798042 89.95699998891354 82.95100004194677 85.01999988950789 90.16600007236003 91.23000009803474 90.28700004276634 98.06799988564849 88.54300009974837 84.57099996627868 87.20699993088841
90.93499991999566 87.05699995490909 93.0490001040101 90.73800008924306 87.8529999680221 87.33400007642805 92.00100007158518 86.28999991369247 87.97700000813603 92.02600006632507 86.95099989430607 86.01999999572337 86.21399996173382 85.2510000142455 88.86899996088445 93.7570000257492 89.52000000680984 86.95399996605515
89.98299994204939 85.7110000320673 92.98000002582371 87.32299989807606 89.75800009582937 89.06399990083277 91.00800007110834 87.30300006999076 84.92900006699563 83.09699988792836 89.14100001183152 89.11900003232061 86.43099991573393 89.57600006450713 85.45300007367135 86.19100006833672 86.64599999918043 88.2499999641776
93.9360001103729 89.04199994887412 92.96500006067753 89.21500006482005 87.86899988426268 84.81400003771483 92.9840000911355 84.38399999265373 89.93600002376735 85.06300003622472 88.97700003820658 89.14800002588332 88.09699988716841 85.8650000294 92.79799995321035 87.30800000467896 88.49399992665649 83.77900002287328
95.00399994890392 90.07400004307925 92.98199993444979 87.32999993614852 93.15900009082257 86.93199993999302 92.11600010761619 89.36900008766354 87.98399998089671 85.05100011354685 87.02799994203448 88.14700009480119 84.02699995842576 98.4719999960214 85.70499996793271 85.18199991965294 87.6280000488758 89.47199996347726
91.00099999935925 89.12200003145635 90.95199996568263 87.44399989572167 88.83500009386242 88.94299991637469 91.96899992722273 88.29100003914535 87.86600001370907 87.14099990922213 89.17499995413422 88.8499999371767 87.2390001104176 86.52400010052324 83.38800005073846 87.12900001260638 84.19700002633036 87.43900002603233
91.00500004504622 85.96500001212955 94.02900005149841 89.15799992367626 87.79700004212559 87.0739999332428 86.9619999127537 85.29800002507865 86.87500004777313 85.99699998810887 85.0770000450164 86.98999990396202 89.22899998019636 90.67799990947545 87.76000001166761 84.43400000348687 82.36099995975196 86.02399994210899
93.062000062719 90.01599989196659 90.87599994841219 87.16000006912648 84.80100002366305 91.03900008955598 85.6850000180155 84.55800003920496 82.83099993950128 88.03299993403256 89.15599992807209 91.912000000149 87.25300009079278 84.28800000584125 88.74700002329051 84.52399996745586 86.58499998834729 85.67999993307889
86.93400010429323 87.03499998010695 93.94899996130168 87.15100002343952 85.79799999281764 87.00300006355346 93.02300006711484 84.35900006000698 85.9389998946935 86.15200003144145 86.98700008553267 90.14999997337162 87.18799996574224 86.20099996934832 83.45100001910329 84.134999989748 90.10100008876621 87.49199990098178
96.97799997536838 90.00999990719556 91.76400008744001 85.12099997413158 90.84299993082881 88.24099994894863 92.98499989198149 90.08800002753735 82.8460000950098 82.97099989789724 95.29099992661178 87.06399996370077 93.25600010369718 89.11499993129074 90.35299992737174 92.00100000980497 97.14500004036725 90.22699990688264
94.24699989771842 89.01499999134242 94.95799993807077 86.07499992601574 92.18400000305473 86.13499995529652 96.11299993854762 86.18699994972349 86.11900007916987 85.17700010357797 94.23599988774956 85.42499995741248 86.02899988912046 86.13500003905594 85.31299990646541 89.2699999549985 93.60599997158349 89.78499996222556
85.80599992515147 85.00199999171495 91.90600003500283 87.31200008521974 93.07100001585484 90.2820000319332 95.00899992927908 89.11999995499849 92.41300011256337 87.04300009432436 88.00599991440772 86.74699991071225 88.39500008365512 88.33400000429154 94.41399998673796 88.8659999936968 93.66999991592765 89.75599990428984
85.82800001008809 87.31900008521974 93.18699991129338 87.04599990718067 93.00100008995831 83.9369999256134 86.86700006300211 86.96999997131526 87.95100009629131 86.78600005334616 92.07799995414912 91.8010000487417 88.63299994188547 86.35000003112853 93.72000008666515 87.1100000383556 91.6990000461489 87.01099996048212
88.85099989910424 91.1300000719726 95.12000001829863 89.04700009354949 95.8629999781102 88.88000009590387 87.8930000321567 87.87399997885525 88.32400005115569 87.85900004738569 88.14199998937548 86.65400006331504 88.24599994894862 88.61500009739399 87.52700004126132 83.96200005623699 82.62499992018938 91.86200011114776
87.85799988748133 88.94700001858175 95.00200010119379 84.17300008112193 95.9399999268502 89.11199990522861 84.01199996604025 89.87899996724725 97.20500006642938 88.56699992987514 89.99800001819432 88.87200000452995 88.23899988803268 90.07600009316207 92.76600009348988 87.31700007760524 83.68699991101026 88.04700001339614
92.70600010989607 90.14099998420477 96.02099989725649 92.07699994331598 92.04999990728497 92.16199999544024 92.06899989762903 91.60700002887845 84.9339999896735 91.07899994692207 87.02099994847178 89.91600010634959 84.13000003661216 85.1930000154227 87.78199998882413 85.76999990144373 89.10900007392466 87.54300001959503
91.99899989558756 93.09200001145899 87.98200008428097 90.25299997101725 96.04499998980761 92.01399992604554 86.91999993237853 88.41200004118681 89.91300000853836 93.75900011563301 90.07699997133017 91.75699991874397 89.26799989086389 93.20999996867776 91.60200001043081 87.57399993143976 90.580000106588 90.83200011271238
91.82899995242059 89.11799988560378 88.85900002941489 88.26700001512468 93.83599989834428 87.69499991323053 83.87599998040497 92.36000007127225 90.10699994730949 91.10099991646409 85.06199995364248 86.80699991950392 88.22000003270804 87.29199995899201 87.61600008372963 89.55100011458993 87.59100007289648 87.8750000974685
96.99100000582635 88.85300009708106 85.03599989971518 86.01499988912046 87.86899997124075 90.71500010745227 84.92400004415214 90.22899990688265 84.85499999964237 87.13400006912649 91.05100003916026 87.8140000450313 85.21099998818337 84.95099997766316 84.43800008402765 88.71399996998906 86.70700010138751 83.86799998684228
89.85499992595614 91.19299998703599 88.87799989117681 88.04199990616739 90.82999994519353 87.82099990388751 86.89699993355572 85.32099999022483 84.98300003536046 88.03800000460446 89.01699992281199 88.8809998870939 86.40799992774427 91.27999996301531 85.89300009384752 83.64499991305172 86.32799997460842 86.10899994446338
93.02999998657405 84.49600001753866 85.87799991871417 85.05299997970462 92.05999992164969 93.58600001052022 85.90599993716181 85.16999992404878 88.95700005343556 87.92799998497964 83.99199994759262 85.90600002853573 89.20400006835163 89.45800004723668 93.93100003422796 90.96500004826486 88.49799994423985 84.93900005058944
89.98299998451769 86.12300006951392 88.72700001975895 88.78499989588559 97.94900004468859 88.45699991056323 87.91699997885526 89.18300005838275 86.84499998041987 89.09200005869567 87.87299992233515 87.46799995985627 85.19600005027652 84.07800006911158 88.87000002297759 83.62899995025992 85.90700008623303 84.4480000872463
96.86699997010827 90.10099991685152 88.84899993278086 87.77300004212559 89.81200006419421 87.50099994023144 88.75099989384412 89.47999997109174 85.90800006338954 83.85299992270768 85.07899998292326 83.55799989813566 87.28200007116794 83.06400004900992 87.5879998933673 88.87100002093614 86.57800007328392 88.70699991346896
95.93900008761882 83.14299999335408 85.82799995034934 89.94499989314377 93.23299998304248 92.44900009380281 85.87800007539988 90.50599993145465 84.89900009423495 90.84999994841218 88.09599997092783 86.70800010460616 88.10199991966785 88.39599994981289 87.6949999639392 87.4749999217838 86.60700009934604 87.34300000993908
92.90500006185472 88.57200008012354 86.89499996370077 83.62100005364418 91.03700002542138 84.4919998845607 86.78599997398257 85.35600006519257 85.94899992515147 86.84499996840954 88.9199999936968 83.60099994146825 87.23900010280312 84.27000009399653 84.59899989013374 83.45799992655218 89.59099991983176 88.61599994949997
88.04000002218783 87.5990000564903 86.59000006888807 85.92299998606741 90.0149999344349 85.71300009502471 85.90600006338954 84.43899999147654 83.90600000646711 86.61899990019202 86.06800008270145 91.30499988451601 87.2249999385029 87.38600011010467 83.02299988910556 86.50899992421269 87.63599989980459 89.12699998019636
89.95299994322657 86.40699989289045 82.85600004053116 87.19000005711615 92.10699989762902 86.42100010491907 86.84400001087785 91.3379999345988 85.90100005577504 89.7280001066625 83.98500010427833 83.60900000034273 88.21600007195771 88.46399997147918 89.78300006741286 88.97100001622736 85.8130000461191 84.27699995693564
88.8399999447912 85.42900010970234 83.97699988926946 86.3870000038892 92.07200002063811 85.20100004588068 86.91099990718067 87.45199994666875 89.89599998891353 89.88099995084107 91.08699999700487 86.73999999886752 84.01900010749698 87.36700006119906 85.87999995678663 89.75799996080994 86.57400004282594 88.511999955073
92.94800007590652 88.39300009448826 82.81999993918836 86.4960000243783 92.92800001263619 89.46200011254847 86.85099993033707 88.42100005201995 86.89499994117021 91.68600000046193 88.05700001779199 83.54299996517598 88.15599993929267 90.4650000512451 83.12100008033217 89.7960000794232 86.97500003898143 84.06100002546609
95.03600007395447 88.25100010123849 87.81499990271031 88.36800000311435 94.19800003038347 85.16499995128811 89.87600002494455 89.60400001442433 85.93900008183718 83.6540000949353 86.01800003819167 85.62699995034933 86.28299995294213 89.29800001591444 88.48700009331107 88.81900010587275 88.57899997995794 85.46399993017316
90.96399994283915 89.10499992485344 86.88299989399314 89.51299994707108 89.05599994125963 90.37200001113116 82.84700001564622 92.29900002354384 85.89699990670383 85.51800008772314 81.94600005497038 85.4150000115782 86.2299999845773 84.14300010074675 87.56899991621077 88.91999998930096 86.61500007210672 87.69200007376075
93.87400001256168 89.409999911353 89.82299994440376 89.3800000680387 92.95899989637732 90.27600009284913 86.91199992036819 84.38000004273653 84.88099998763204 85.74899991227686 90.11600002785028 87.40300002634525 87.28999989163876 84.11300007028878 85.86799997201562 84.94999995160103 88.67499992108345 85.4979999975264
92.94100008791685 86.38599996581674 90.86899995484949 88.20100010210275 92.98199995729327 85.45600008685886 85.99400011111796 86.32900007359683 85.94599994038046 86.70999991746247 85.89399997963011 83.31699990284443 88.26199995538592 87.21899994933605 86.68099992625416 89.82100004456937 85.96800005224347 89.55899992744625
90.00400009873509 85.4149999846518 87.85800001810492 85.4399999834746 90.14400000061094 86.35099992452562 92.91000000180304 85.30199993692338 87.94799999290704 87.60700005970895 86.08600001503527 90.57100007142127 89.20099988882244 87.36899995020032 88.63899988740683 88.89200003820658 91.75000009183586 85.57600010734797
90.33999993938208 86.43000009408593 85.93699995969236 91.57300010180474 93.03400002464652 86.31100010845066 84.89200005616247 83.36600000505149 87.82299999204278 85.76799999281764 85.94299989029766 90.41800007377564 88.30999994777143 89.20899996905028 88.68599997116625 90.80800003539026 92.75499999567866 91.75899990995228
94.1860000371337 90.18700008641183 85.84100008741021 86.29999997138977 94.04499996334314 85.44699999548494 86.77999994674325 86.19000005310774 86.87299997602403 89.90299993239343 84.8959999255389 87.77999989949167 82.09699992638826 85.27700009360909 88.69299988740683 87.98899989274145 85.17799991643429 83.08300000654161
93.03899993209541 86.31499990168214 87.88400006701052 84.33499999383092 91.02399993404747 85.38800010326504 88.8400000373423 89.38099991574883 84.91500002013147 89.76300001850724 85.03500002217292 86.47799997547268 86.43199989289046 86.23000005954503 91.72799991670252 86.72800005452335 88.6139999615103 85.94999990874528
87.91700001692772 86.4109999614209 85.78799988621473 84.38799989366531 96.00099992127717 86.24400006394089 90.8869999407977 85.56300001597404 84.94999991352856 89.94000000414252 85.97700001212955 84.63500004972518 87.16499989399314 87.02899990160763 82.22299999256433 86.44199997986853 85.63800006809831 88.83799996323883
93.96599999937415 86.3720000115037 84.85300000725687 90.48199990217388 91.9389999652952 90.41199990335107 83.88000000324845 89.2949999974668 86.07699992366135 87.73799997799098 87.06899988433719 86.71100006975233 84.12500008991361 82.0020000962615 86.73300008937717 83.3850000539571 85.68000004085899 86.45799998277425
86.89499994117021 87.38099998709559 86.76799989783764 82.44699997702241 94.93099990439416 90.4660000436306 84.84499994634092 83.44900010608137 85.85099996118248 88.70199990585446 87.97800001896918 87.44099994140863 88.278000093624 88.27899990648031 85.76999990905821 92.00799998900294 81.64200007490814 87.52099997068942
93.04700009199976 85.40799995419383 85.83900007979572 84.55699997828901 95.91499997253716 85.437999934569 84.89800007139146 86.46500009408594 84.8670000834018 84.64499994547666 90.05699989518523 85.72199990144372 88.8610000050813 90.15499999621511 86.65600007532537 88.70299995915592 86.54899992860854 87.49099992500246
95.03399999780953 85.29600007076561 85.91499991431833 90.36299990452827 90.03400003664196 85.23600002186001 86.90400002492964 86.54399992625416 87.91699992877246 85.77899996557832 90.05199988757074 90.44099990656971 88.24399995334447 89.16599990083277 86.62800001119078 84.57899997389316 92.57000007535517 87.79899999965727
88.92500003176927 86.31100002469123 89.91399989753961 86.60700007532537 92.87300010754169 86.11000011637807 85.85599990788103 86.31400001472235 85.91200010146201 84.87600010946393 86.93800003898144 87.57500000318885 86.1630000999719 87.15499999298156 86.58999996989965 83.51900002875924 96.33399998094141 96.77900007113814
92.9870000410527 90.20799994935095 86.76399989783764 90.28700007762015 91.94099991199374 84.34700007319451 84.35600010482968 88.1050000090003 84.87199996683002 84.83099999524653 89.026999907583 84.55199990096688 86.28400002469122 88.48300010414421 86.75400005452335 87.46999988371134 84.93399999406934 98.0049999781996
91.95800000980496 87.30600000907481 86.91799997045099 85.4310001140982 86.0039998859018 84.09400002899766 84.93599997091293 84.17800011157989 87.9230000397712 87.74200003890694 86.9839999115765 86.48800011253357 87.2079999036491 91.40600003680586 84.32999997538329 84.72000003245473 93.91500009953975 94.81400003501773
86.9970000345856 89.367000110507 84.8520000910163 85.34199997381866 93.02100004427135 87.11799996691943 88.83999999691547 86.33700005075336 88.8880000590086 84.28600001345575 83.01000005018712 83.25400010639429 88.20899990443885 89.3980000680387 83.66800003401936 87.87499991032482 89.66299996434152 89.6290001014024
87.99099989713729 88.22599996857345 83.83099989342689 86.30500000184774 91.88299994245172 86.90700008144975 88.9010000513941 85.31199997499586 84.98599990355969 87.54199989336729 86.01099998810888 83.32899991807342 87.32799998623133 84.47600010569394 83.25699991163611 87.53100001198054 90.60800004127621 82.9790001078844
91.9769999729097 86.21099998018146 85.88799988825619 87.33499999266863 89.01900002062321 85.98999991196393 83.88000003692508 88.61399988418817 87.0549999268055 87.39899999588728 87.00999991157651 87.25299992971122 90.09600008115173 89.40000008970499 85.68600002563 86.72900004690885 86.58799997633696 87.38099990655482
89.90999993239343 90.38399990013242 84.99500003096462 84.39500000026823 90.98100006467104 86.06400004023314 88.88400008185208 85.57700003764033 86.89199991393089 88.4539999603331 88.91399997846783 89.2139999910295 87.14199993646145 93.48599998798966 95.93200000299514 86.35899991573393 90.60599997596442 90.03899991041422
88.94600001975894 85.17500005789101 84.81699995835126 82.40699990527332 89.02399999895692 86.98500008027256 87.60499996951222 88.38299997147918 85.94100009706617 84.47600006000698 90.01900001701712 86.47900001354516 83.0909999075532 89.25999994856119 87.7209999551475 91.84500010471046 85.64799997672439 86.5289999936074
90.95100008429587 85.32300007398426 85.94499990230798 87.34600006559491 96.04999996578694 88.14099997736514 88.93100005461275 87.26299995255471 87.14300004950165 89.23700001387299 88.06500008514523 88.38600006842613 84.09599992239475 87.3269999666065 96.73600010630489 91.04699994982779 87.5929998857528 85.05900010593236
86.8469998998791 87.23299998740852 84.88599989508093 90.36799990335106 93.91899991239607 85.87299998284877 83.80900003488362 88.44500005963445 86.95700011190772 87.16700009958446 87.02400010955334 86.21300008678436 85.12999999053777 84.29499989923835 86.05999999336899 90.87999990798534 89.73899996198713 87.1709999885857
93.9610000526756 85.33700009682775 87.88500005939603 86.32999997021258 94.8420001155585 82.94300003613532 86.86499994117021 86.23400002586841 86.9079998987019 81.97899992112815 91.01799991881848 87.5340001001358 89.50100003051757 87.54699989014864 86.72900011222065 83.15800007711351 94.58199994513393 88.1659999653548
93.21200003312528 86.37800007210672 87.83600009424984 89.37900011050701 93.03799992887676 82.94700006659329 88.88599989470839 89.42099999511242 84.97499991996587 90.11100001583993 90.1440000615269 90.03399997454882 90.26300010485947 89.49499993623793 84.66200008253753 87.19900006119907 88.73599993631244 88.82599997524918
91.84199991756678 88.35799994659423 87.83000011387468 87.34700005798042 85.88099994155765 86.12900011198222 86.92299992154538 83.40699989727139 83.8600000706017 88.12399989800156 88.03900008632243 89.46400008413195 87.22399988520145 87.41100006441772 85.64900009855629 86.40400009526313 87.55400006967783 88.35900004558265
89.98500004543364 86.34200008121132 85.8650000024736 86.04699995325505 92.95400007151068 89.03800000217556 87.87199989831447 88.03799996449054 85.74599995325505 94.4559999627173 88.03700002218783 89.16999990727007 87.24399999062717 85.34099991729856 85.69099989178777 86.23700005193055 88.84599989588558 82.96199989789724
90.96700009512901 87.32099988810718 88.85399995240569 86.23299991926551 90.96999997329712 86.0589999409318 85.94999992075563 85.22199992726743 86.87500008262694 85.35099998904765 84.07500005827845 84.02299991595746 83.27799997459353 87.67299995192886 85.84000008741022 85.90700003175438 88.50499993222952 86.49599989053607
92.94699990838767 86.27199997900426 85.8509999435991 87.31999990569055 92.04699990642071 83.07299991838634 86.04299991196395 89.10899998898805 87.91400000931323 88.21399992288649 88.96200010351836 87.32499989368021 85.22500004148483 86.31300009322166 84.75200010098517 88.68800007659196 86.69600001762808 88.75600007541478
91.93999996207654 87.34500004275144 82.8070000308752 83.38999989405275 91.07899993608892 83.02999998809398 84.88999999524653 84.30800008520484 85.88799992632866 86.40100008764863 90.0679998907894 88.4379999562502 85.37499991934001 86.99299996927381 84.70199999116362 84.81200006055832 88.64800004087388 91.13800002628565
