-1.95918027972 0.0172413793103
-0.299260890629 0.0344827586207
-0.177172945065 0.051724137931
-0.0617831438057 0.0689655172414
-0.0607100867929 0.0862068965517
-0.0162342643501 0.103448275862
0.0406272084074 0.120689655172
0.0734144446116 0.137931034483
0.0973294670841 0.155172413793
0.136023602705 0.172413793103
0.140666183516 0.189655172414
0.230938833718 0.206896551724
0.261070453484 0.224137931034
0.261953150567 0.241379310345
0.28390395654 0.258620689655
0.288898122982 0.275862068966
0.294151882252 0.293103448276
0.322030219924 0.310344827586
0.325023796123 0.327586206897
0.343134909029 0.344827586207
0.348019567069 0.362068965517
0.365695425611 0.379310344828
0.367170535282 0.396551724138
0.37245823223 0.413793103448
0.38287450283 0.431034482759
0.443305051701 0.448275862069
0.446154680988 0.465517241379
0.459138204155 0.48275862069
0.494221295721 0.5
0.494837505643 0.51724137931
0.498337556909 0.534482758621
0.500450619268 0.551724137931
0.51414619444 0.568965517241
0.514305334986 0.586206896552
0.524106838941 0.603448275862
0.551793823359 0.620689655172
0.551852311757 0.637931034483
0.55834767589 0.655172413793
0.560458164757 0.672413793103
0.563851071394 0.689655172414
0.564438077324 0.706896551724
0.576025611404 0.724137931034
0.576449568123 0.741379310345
0.577338618154 0.758620689655
0.578389727678 0.775862068966
0.599976254424 0.793103448276
0.62118551617 0.810344827586
0.627789154295 0.827586206897
0.628173600218 0.844827586207
0.635187928876 0.862068965517
0.637236253877 0.879310344828
0.709163825482 0.896551724138
0.72609858575 0.913793103448
0.767013193396 0.931034482759
0.88711489352 0.948275862069
0.903260964475 0.965517241379
0.939485086679 0.98275862069
0.962649125956 1.0