# 100 500 1000 2000 4000 8000
0 85.4570000127554 84.65499990183115 85.78700002531707 81.80200000606477 90.12100005595386 91.33899998672307
1 86.80900001817942 86.51600005687773 86.84499999329448 85.36800002916158 91.91199994127453 86.8130000129193
2 87.6340000192821 85.12899994893372 86.69200008058547 92.01900005753339 85.93800011315942 86.90600006064773
3 92.6040000642091 87.48400000962614 85.04600005349516 89.0900000563413 83.74600008700789 91.90900004670024
4 88.64199994243681 86.12500001268089 88.91999998341501 85.9640000566393 86.73500008702278 89.14799997666478
5 89.66899991951882 86.5920000589192 82.99999998252093 88.36999999722839 85.04900009156763 86.43000011135638
6 85.80300009267032 88.62800007863343 87.09000005272031 87.27600004801154 90.84199990476668 86.53199990780652
7 84.27400006879866 86.52899994148314 89.13000010642409 90.42600004567205 86.79999999447168 92.03400003029407
8 85.98100001943111 87.78399989949166 86.13099991369248 86.63999999564886 88.71400007423759 87.81200007784366
9 85.17999994131922 89.90499995610118 87.3339999293983 86.90599999094009 87.61099990271032 91.31800011177361
10 90.46499993781745 86.89000005303323 86.95400002869964 88.00599998937547 91.16499994339048 94.99800005197525
11 90.71799998648464 85.90699990434945 85.79600007861853 92.37700002260506 88.45200000688433 91.22199990092219
12 85.2200001076609 83.30099992011488 86.13099990403653 84.71499990826845 90.12299989809095 85.38600000569224
13 85.07599995332956 90.88100004826487 91.29999993020296 84.978999894768 84.35299991533161 85.20599999022484
14 86.76500007383525 89.35899988411367 86.79800010751188 86.60799993269146 90.09199988521635 93.6490000974983
15 90.87999997973442 89.41500004488229 85.10000004525483 85.63300010059774 86.37100008819998 85.04899998174608
16 91.11399995218217 86.39500007328391 88.02699995130301 88.38799992461503 92.16400004199147 85.07099999257922
17 91.17200006726384 86.6079999859929 91.77200003500283 85.72600006338953 113.79400003762544 91.74700009709596
18 86.21399998544156 87.14799994933605 90.05399995139241 86.05900010436773 90.59899997361005 93.42299993672967
19 88.82200008067488 84.51399991619587 88.06399999926984 90.72000005823374 85.24000006519258 84.04399990920723
20 86.58499999415875 86.4590000885129 91.18800006082654 87.63599998120964 87.89100002658367 85.11899995332956
21 97.60100001454353 90.35299998271465 83.35799993856251 85.78200004784763 89.47899995319545 99.85699995018541
22 89.5920000641942 85.87100001974405 92.79700002346932 98.51699993652106 87.22000011269748 88.96599999189377
23 91.04100011122226 84.49799990858138 86.33199999187887 86.65099994674326 84.55300003041327 90.59799992352724
24 89.34700001442432 86.98199993410707 88.18800002509356 86.41099994383752 88.09199999141693 85.2600000423491
25 87.47199996449054 87.17300001347066 92.47699989582598 92.40099997518956 88.08000002627075 84.14399999822676
26 88.1309999794066 87.0859999537319 91.32800000195205 88.8310000783205 89.31100003318488 85.30099988888205
27 85.65800005373359 92.43999995234608 94.92399992488325 88.61500008420646 95.11399993100763 87.10999991008639
28 88.9029999666959 88.92900007392466 87.50499991063774 84.57700004768371 86.67200002932549 83.15400006832182
29 86.30199996903539 97.07899995158613 85.87500001825393 92.87200002142787 87.04299997335673 88.94899989204109
30 84.55299999116362 91.81500005345046 89.93700005713106 89.1070000911951 93.75199991357327 85.56599999839068
31 90.86299989157915 88.47800002242624 83.46499995112418 85.53500003968179 104.82500008939206 85.29399991612136
32 91.74199996969104 88.78300004260242 90.03200007322431 91.42699993106723 90.44199992878735 86.92600000177323
33 90.20500011011958 94.0910000371337 89.5260000448823 87.1470000166893 90.94200001662969 83.19699996815622
34 88.81800004582107 82.92800000332296 87.00899993850291 83.95700010953844 88.9660000422895 85.43300010177494
35 87.27299988810718 91.9970000988245 86.62599994376302 94.8850000988394 89.51299999158084 84.06500002020597
36 89.24399992658198 86.55500008615851 87.29400004801154 86.73200001849234 89.62200006859004 120.10000003702939
37 85.2769999269545 88.28400001598895 89.44800004927814 83.27799998864532 85.44299989853799 92.31000004725158
38 88.87800005665422 84.21599988722801 83.21499993652105 88.14600009684264 84.78599992232024 87.23400008404255
39 86.93499996691942 87.3450000283867 92.99100010722876 88.51499994392692 84.08800000819564 88.30599997265637
40 89.75899991834163 90.24599994699658 90.86199998413026 86.01399994006754 90.27899999150634 91.3729999038279
41 85.54099990466237 85.95499993041157 83.93200007876754 90.32799994464219 88.11000000546872 86.20300000184774
42 89.98700009638071 87.68100010500848 88.97700008915365 89.90200008232891 87.93600005790591 85.85300005020201
43 85.35799992138148 85.24500006079674 87.68599998027086 86.81700002375246 85.69100004172326 85.55300002563
44 84.78499988746643 88.04600004149974 89.03999995091557 85.94500011315942 88.3479999410212 90.07899989165365
45 91.58899990469217 83.03399991720914 88.48900003734231 82.21599991084635 90.18399989369512 89.19200005838275
46 86.65900000090897 90.55899993993341 86.85799999211729 83.30600009524822 83.50100000324845 83.22999997137487
47 84.807999997288 86.09899998897313 88.09600005233288 90.60400005415082 93.31800010220707 87.82599992524088
48 86.81999996605515 87.41700000876189 85.70899990960956 83.13599996933341 91.27900002157688 93.5930000269264
49 88.04099997736513 84.90400000050664 91.20500009128452 92.97300001028181 89.20900004197657 90.17199993294477
50 84.87400004179776 87.89399996127189 88.34700003239513 88.01899994777143 89.91900011160969 87.2789999806583
51 92.61600009992719 89.51499989141524 86.55900006331504 89.14100003232062 85.4590000976175 85.52299989178776
52 88.78899993804097 90.94500001341105 86.33899996463954 83.2760000680089 83.20599995614589 90.30700005242228
53 87.2560000219494 87.13700008372963 89.38499989698828 89.17700000947714 87.91000007227063 88.2350000488013
54 83.68699999767541 84.92799996769428 84.37199996863306 89.48099993270635 100.6279999012053 91.03900011208654
55 83.80000006793439 88.51600010822713 102.83599997861684 92.03000009003281 86.86499992358685 96.18300004601478
56 98.44599997726083 85.24199992632866 83.39900001557172 93.27200000235439 83.5680000949353 93.81900007756055
57 88.06500004149973 86.86999996809661 83.22499996054172 83.2999998960942 90.19099998828769 87.17199999706447
58 85.65399993951618 87.00799997892976 87.86600004942716 89.92300005948543 90.77000001254677 87.58699995954335
59 89.60300011309981 92.62099990516901 86.3069998961091 88.20100011529028 88.6699999231249 88.7199999295622
60 91.31100009654462 83.76799999445677 91.03299999025464 89.12000009205937 90.99300007283688 87.6740000974685
61 86.85300005742907 85.61300000922382 85.83400009588897 93.46100006091595 87.76200002776086 84.29299994696677
62 91.48199989181757 91.2859998909533 87.64000003655255 90.64600000728667 89.18200007361173 91.11499997180701
63 89.58299989023804 86.77799988873304 85.50800008654595 86.48000010782481 94.72899994042515 87.35400000993907
64 82.58200010380149 88.40500004322827 90.41500002282858 103.24099993929266 86.95599998654426 85.3000001140982
65 87.73300009746849 91.01999993930757 88.32299991495907 102.64799995663762 83.36400002875924 87.64000000405312
66 95.80700011399388 85.65999991549552 93.52899999646843 90.9969999513179 89.57100000736118 85.39399998638034
67 92.5159998908043 89.16900008766353 93.01299993500113 85.1440000282973 87.97199989564717 90.93499991002679
68 85.41099991753697 99.01699997985364 94.08800004969537 88.65100010147691 85.59400010821223 88.44199998608232
69 94.78200006107986 87.64999992673098 94.77400003761053 87.92800003302098 88.90499993419647 87.76000007344783
70 94.59199992080033 94.26199996562302 94.30999998877942 86.59699996636807 84.80499996361137 89.65700004135073
71 96.91900011180341 86.73600009463728 89.94700008115173 87.88699993403256 102.59500002139806 88.17400011089444
72 91.36600007370114 85.02999992083014 85.02900000105798 88.21300006842613 86.30200005923211 88.13300001308322
73 92.51100007095933 89.65900009582937 87.3339999472201 90.59499993114173 90.8159999885261 91.58200000807643
74 88.6909999936968 84.61600000961126 85.44300009973347 85.41099992460012 86.02699997492135 94.19499993139506
75 87.52599994549155 82.69600009147823 86.88800001378357 86.82699999973178 89.66200004661083 86.3920001078248
76 89.38800002525747 86.56299990662933 83.48700010576844 85.66500005373359 88.51000006371737 90.74800002777576
77 86.84999995082617 86.87200000412763 87.22500006559491 89.39999996112287 86.88599996809661 85.63000006134808
78 88.2129999922812 90.45799991182983 89.56600006976724 84.3969999141544 85.13200005553662 90.75600004300475
79 91.62899991230667 87.71999992877245 85.23399988770485 85.22200000545382 85.88099995733798 83.12999993887544
