401587.3015873016	0.009708737864077669
411570.2479338843	0.019417475728155338
412883.4355828221	0.02912621359223301
413166.14420062694	0.038834951456310676
414000.0	0.04854368932038835
415000.0	0.05825242718446602
416470.5882352941	0.06796116504854369
425000.0	0.07766990291262135
461718.75	0.08737864077669903
462439.0243902439	0.0970873786407767
489189.1891891892	0.10679611650485436
512804.8780487805	0.11650485436893204
518466.8989547038	0.1262135922330097
532300.8849557522	0.13592233009708737
537735.8490566037	0.14563106796116504
600281.690140845	0.1553398058252427
603921.568627451	0.1650485436893204
617747.4402730375	0.17475728155339806
627667.9841897233	0.18446601941747573
627688.1720430107	0.1941747572815534
646865.671641791	0.20388349514563106
650933.3333333334	0.21359223300970873
678137.6518218623	0.22330097087378642
684033.6134453781	0.23300970873786409
719714.2857142857	0.24271844660194175
744700.4608294931	0.2524271844660194
755042.0168067227	0.2621359223300971
783713.35504886	0.27184466019417475
801680.6722689075	0.2815533980582524
804716.9811320754	0.2912621359223301
843611.1111111111	0.30097087378640774
855185.1851851852	0.3106796116504854
864414.4144144144	0.32038834951456313
912356.3218390804	0.3300970873786408
915929.2035398231	0.33980582524271846
937591.2408759124	0.34951456310679613
1092619.926199262	0.3592233009708738
1132156.862745098	0.36893203883495146
1183248.730964467	0.3786407766990291
1209090.9090909092	0.3883495145631068
1210802.4691358025	0.39805825242718446
1221542.5531914893	0.4077669902912621
1221779.1411042945	0.4174757281553398
1226975.4768392371	0.42718446601941745
1258080.808080808	0.4368932038834951
1271287.1287128713	0.44660194174757284
1275438.596491228	0.4563106796116505
1277922.0779220778	0.46601941747572817
1279197.0802919709	0.47572815533980584
1313793.103448276	0.4854368932038835
1314076.2463343109	0.49514563106796117
1316298.3425414364	0.5048543689320388
1319459.4594594594	0.5145631067961165
1322265.625	0.5242718446601942
1323333.3333333333	0.5339805825242718
1336082.4742268042	0.5436893203883495
1338297.8723404256	0.5533980582524272
1338490.566037736	0.5631067961165048
1338775.5102040817	0.5728155339805825
1349041.095890411	0.5825242718446602
1354328.3582089553	0.5922330097087378
1356299.212598425	0.6019417475728155
1358260.8695652173	0.6116504854368932
1358500.0	0.6213592233009708
1360615.3846153845	0.6310679611650486
1363859.649122807	0.6407766990291263
1367224.0802675586	0.6504854368932039
1368794.3262411347	0.6601941747572816
1370711.2970711298	0.6699029126213593
1378133.3333333333	0.6796116504854369
1378476.821192053	0.6893203883495146
1385714.2857142857	0.6990291262135923
1390756.3025210083	0.7087378640776699
1390943.3962264152	0.7184466019417476
1394265.2329749104	0.7281553398058253
1396330.2752293579	0.7378640776699029
1408178.4386617101	0.7475728155339806
1411989.1008174387	0.7572815533980582
1423684.2105263157	0.7669902912621359
1424832.2147651007	0.7766990291262136
1428571.4285714286	0.7864077669902912
1429655.1724137932	0.7961165048543689
1433797.9094076655	0.8058252427184466
1435897.435897436	0.8155339805825242
1443373.4939759036	0.8252427184466019
1447005.988023952	0.8349514563106796
1447881.3559322034	0.8446601941747572
1448514.8514851485	0.8543689320388349
1450000.0	0.8640776699029126
1454112.554112554	0.8737864077669902
1457417.5824175824	0.883495145631068
1462043.795620438	0.8932038834951457
1466885.2459016393	0.9029126213592233
1467679.5580110496	0.912621359223301
1478378.3783783785	0.9223300970873787
1483383.6858006043	0.9320388349514563
1513180.5157593123	0.941747572815534
1523045.267489712	0.9514563106796117
1527011.4942528736	0.9611650485436893
1527893.175074184	0.970873786407767
1543322.4755700326	0.9805825242718447
1548000.0	0.9902912621359223
1611522.6337448559	1.0