400000.0	0.06796116504854369
402000.0	0.07766990291262135
447804.8780487805	0.08737864077669903
449609.375	0.0970873786407767
463380.28169014084	0.10679611650485436
464031.6205533597	0.11650485436893204
468243.24324324325	0.1262135922330097
479402.98507462686	0.13592233009708737
496017.69911504426	0.14563106796116504
497570.85020242917	0.1553398058252427
498257.83972125436	0.1650485436893204
503071.6723549488	0.17475728155339806
506603.77358490566	0.18446601941747573
506707.31707317074	0.1941747572815534
514666.6666666667	0.20388349514563106
523118.27956989245	0.21359223300970873
533333.3333333334	0.22330097087378642
533962.2641509434	0.23300970873786409
536694.6778711485	0.24271844660194175
538505.7471264368	0.2524271844660194
538888.8888888889	0.2621359223300971
541891.8918918918	0.27184466019417475
543697.4789915966	0.2815533980582524
547037.0370370371	0.2912621359223301
548584.9056603773	0.30097087378640774
551562.5	0.3106796116504854
554397.3941368078	0.32038834951456313
560606.0606060605	0.3300970873786408
562571.4285714285	0.33980582524271846
574444.4444444445	0.34951456310679613
574789.9159663866	0.3592233009708738
587226.2773722628	0.36893203883495146
622772.2772277228	0.3786407766990291
661695.9064327485	0.3883495145631068
668202.7649769585	0.39805825242718446
756326.5306122449	0.4077669902912621
760000.0	0.4174757281553398
784236.4532019704	0.42718446601941745
809446.2540716613	0.4368932038834951
829498.5250737463	0.44660194174757284
847386.7595818816	0.4563106796116505
1009583.3333333334	0.46601941747572817
1011855.6701030928	0.47572815533980584
1035460.9929078014	0.4854368932038835
1037000.0	0.49514563106796117
1054864.8648648649	0.5048543689320388
1083606.5573770492	0.5145631067961165
1101791.0447761193	0.5242718446601942
1130962.3430962344	0.5339805825242718
1131541.2186379929	0.5436893203883495
1196491.2280701755	0.5533980582524272
1233474.5762711863	0.5631067961165048
1236842.105263158	0.5728155339805825
1306091.3705583757	0.5825242718446602
1310780.6691449813	0.5922330097087378
1320377.358490566	0.6019417475728155
1322992.700729927	0.6116504854368932
1371739.1304347827	0.6213592233009708
1371875.0	0.6310679611650486
1385542.1686746988	0.6407766990291263
1530386.7403314917	0.6504854368932039
1579335.7933579336	0.6601941747572816
1610702.3411371238	0.6699029126213593
1618131.868131868	0.6796116504854369
1663087.2483221476	0.6893203883495146
1665940.0544959127	0.6990291262135923
1668811.8811881188	0.7087378640776699
1693413.1736526946	0.7184466019417476
1733333.3333333333	0.7281553398058253
1751515.1515151516	0.7378640776699029
1761764.705882353	0.7475728155339806
1802769.2307692308	0.7572815533980582
1803067.4846625766	0.7669902912621359
1809398.4962406014	0.7766990291262136
1872266.6666666667	0.7864077669902912
1874545.4545454546	0.7961165048543689
1889300.4115226336	0.8058252427184466
1906906.906906907	0.8155339805825242
2000000.0	0.8252427184466019
2006824.9258160237	0.8349514563106796
2016314.1993957704	0.8446601941747572
2029470.1986754967	0.8543689320388349
2031767.955801105	0.8640776699029126
2091605.8394160585	0.8737864077669902
2168831.1688311687	0.883495145631068
2177241.379310345	0.8932038834951457
2205761.316872428	0.9029126213592233
2317428.5714285714	0.912621359223301
2342553.1914893617	0.9223300970873787
2488283.378746594	0.9320388349514563
2601714.285714286	0.941747572815534
2612340.425531915	0.9514563106796117
2619685.0393700786	0.9611650485436893
2642191.7808219176	0.970873786407767
2657798.1651376146	0.9805825242718447
2693678.16091954	0.9902912621359223
2701719.1977077364	1.0