400000.0	0.07766990291262135
419512.1951219512	0.08737864077669903
425781.25	0.0970873786407767
455405.4054054054	0.10679611650485436
456916.99604743085	0.11650485436893204
465352.11267605633	0.1262135922330097
469850.74626865675	0.13592233009708737
476106.19469026546	0.14563106796116504
483231.7073170732	0.1553398058252427
491358.02469135803	0.1650485436893204
493396.22641509434	0.17475728155339806
493515.35836177476	0.18446601941747573
494933.3333333333	0.1941747572815534
495439.7394136808	0.20388349514563106
498785.42510121455	0.21359223300970873
499651.5679442509	0.22330097087378642
512184.87394957984	0.23300970873786409
514784.94623655913	0.24271844660194175
519140.625	0.2524271844660194
520737.3271889401	0.2621359223300971
522264.1509433962	0.27184466019417475
524817.5182481752	0.2815533980582524
534453.781512605	0.2912621359223301
537254.9019607843	0.30097087378640774
538383.8383838384	0.3106796116504854
542857.1428571428	0.32038834951456313
546039.603960396	0.3300970873786408
546551.724137931	0.33980582524271846
546638.6554621849	0.34951456310679613
548055.5555555555	0.3592233009708738
549122.8070175438	0.36893203883495146
556666.6666666666	0.3786407766990291
563421.8289085546	0.3883495145631068
570270.2702702703	0.39805825242718446
578773.5849056604	0.4077669902912621
588501.7421602787	0.4174757281553398
592549.0196078431	0.42718446601941745
617733.9901477833	0.4368932038834951
634201.9543973941	0.44660194174757284
648571.4285714285	0.4563106796116505
789690.7216494846	0.46601941747572817
852916.6666666666	0.47572815533980584
864590.1639344263	0.4854368932038835
900000.0	0.49514563106796117
902500.0	0.5048543689320388
932982.4561403509	0.5145631067961165
936140.350877193	0.5242718446601942
955820.895522388	0.5339805825242718
958375.6345177665	0.5436893203883495
993243.2432432432	0.5533980582524272
1087866.108786611	0.5631067961165048
1088307.6923076923	0.5728155339805825
1090946.502057613	0.5825242718446602
1097132.616487455	0.5922330097087378
1161847.3895582329	0.6019417475728155
1204782.608695652	0.6116504854368932
1228389.8305084745	0.6213592233009708
1232142.857142857	0.6310679611650486
1274339.6226415094	0.6407766990291263
1274817.5182481753	0.6504854368932039
1290334.5724907063	0.6601941747572816
1298618.7845303868	0.6699029126213593
1348708.487084871	0.6796116504854369
1432272.7272727273	0.6893203883495146
1457382.5503355705	0.6990291262135923
1485831.0626702998	0.7087378640776699
1490476.1904761905	0.7184466019417476
1501980.1980198019	0.7281553398058253
1512374.5819397992	0.7378640776699029
1530219.7802197803	0.7475728155339806
1551503.7593984962	0.7572815533980582
1557784.4311377245	0.7669902912621359
1562413.7931034483	0.7766990291262136
1605474.4525547444	0.7864077669902912
1632320.4419889504	0.7961165048543689
1661538.4615384615	0.8058252427184466
1672689.075630252	0.8155339805825242
1694478.527607362	0.8252427184466019
1730133.3333333333	0.8349514563106796
1843243.2432432433	0.8446601941747572
1888741.7218543047	0.8543689320388349
1901780.415430267	0.8640776699029126
1918768.3284457477	0.8737864077669902
1951359.5166163142	0.883495145631068
1995884.7736625515	0.8932038834951457
2051428.5714285714	0.9029126213592233
2059740.2597402597	0.912621359223301
2063563.829787234	0.9223300970873787
2106539.5095367846	0.9320388349514563
2330285.714285714	0.941747572815534
2404931.506849315	0.9514563106796117
2444126.0744985673	0.9611650485436893
2453937.0078740157	0.970873786407767
2465596.330275229	0.9805825242718447
2518678.16091954	0.9902912621359223
2518723.404255319	1.0