245238.09523809524	0.009708737864077669
249117.64705882352	0.019417475728155338
249866.66666666666	0.02912621359223301
253174.60317460317	0.038834951456310676
253592.8143712575	0.04854368932038835
255555.55555555556	0.05825242718446602
256285.7142857143	0.06796116504854369
256586.82634730538	0.07766990291262135
257020.05730659026	0.08737864077669903
257336.95652173914	0.0970873786407767
257866.66666666666	0.10679611650485436
258477.50865051904	0.11650485436893204
259021.40672782875	0.1262135922330097
259133.12693498452	0.13592233009708737
259249.32975871314	0.14563106796116504
261022.36421725238	0.1553398058252427
261126.7605633803	0.1650485436893204
262454.87364620937	0.17475728155339806
263573.883161512	0.18446601941747573
265096.95290858723	0.1941747572815534
265204.6783625731	0.20388349514563106
266939.8907103825	0.21359223300970873
267931.0344827586	0.22330097087378642
269256.75675675675	0.23300970873786409
270996.97885196377	0.24271844660194175
271343.2835820895	0.2524271844660194
272162.1621621622	0.2621359223300971
272347.26688102895	0.27184466019417475
272899.72899728996	0.2815533980582524
274386.9209809264	0.2912621359223301
274632.35294117645	0.3106796116504854
275000.0	0.32038834951456313
275769.23076923075	0.3300970873786408
276204.8192771084	0.33980582524271846
276588.6287625418	0.34951456310679613
276589.59537572257	0.3592233009708738
277112.676056338	0.36893203883495146
277346.2783171521	0.3786407766990291
278246.75324675324	0.3883495145631068
278354.9783549784	0.39805825242718446
279166.6666666667	0.4077669902912621
279927.0072992701	0.4174757281553398
280065.3594771242	0.42718446601941745
280208.3333333333	0.4368932038834951
280939.22651933704	0.44660194174757284
280983.60655737703	0.4563106796116505
282325.5813953488	0.46601941747572817
282621.9512195122	0.47572815533980584
283771.9298245614	0.4854368932038835
284489.79591836734	0.5048543689320388
284545.45454545453	0.5145631067961165
286510.26392961876	0.5242718446601942
288692.5795053004	0.5339805825242718
288925.0814332248	0.5436893203883495
289123.8670694864	0.5533980582524272
289295.77464788733	0.5728155339805825
289367.816091954	0.5825242718446602
290000.0	0.5922330097087378
292011.8343195266	0.6019417475728155
292148.7603305785	0.6116504854368932
293014.70588235295	0.6213592233009708
293548.3870967742	0.6310679611650486
294444.44444444444	0.6407766990291263
296153.8461538461	0.6504854368932039
297701.1494252874	0.6601941747572816
299176.95473251026	0.6699029126213593
299710.9826589595	0.6796116504854369
300000.0	0.6893203883495146
301315.7894736842	0.6990291262135923
301593.625498008	0.7087378640776699
303017.2413793103	0.7281553398058253
304528.30188679247	0.7378640776699029
305038.7596899225	0.7475728155339806
305106.3829787234	0.7669902912621359
305188.679245283	0.7766990291262136
305809.1286307054	0.7864077669902912
306953.64238410594	0.7961165048543689
306965.17412935325	0.8058252427184466
308500.0	0.8155339805825242
311073.8255033557	0.8252427184466019
311940.29850746266	0.8349514563106796
313612.56544502615	0.8446601941747572
315384.6153846154	0.8543689320388349
316525.42372881353	0.8640776699029126
316736.4016736402	0.8737864077669902
319230.76923076925	0.883495145631068
320920.5020920502	0.8932038834951457
322380.95238095237	0.9029126213592233
330373.8317757009	0.912621359223301
331884.05797101447	0.9223300970873787
331924.882629108	0.9320388349514563
333163.2653061224	0.941747572815534
334871.7948717949	0.9514563106796117
335000.0	0.9611650485436893
335263.15789473685	0.970873786407767
337656.9037656904	0.9805825242718447
338423.64532019704	0.9902912621359223
348636.36363636365	1.0