254426.22950819673	0.009708737864077669
255589.1238670695	0.019417475728155338
261492.53731343284	0.02912621359223301
265600.0	0.038834951456310676
274074.0740740741	0.04854368932038835
279365.07936507935	0.05825242718446602
287738.4196185286	0.06796116504854369
294308.9430894309	0.07766990291262135
296721.31147540984	0.08737864077669903
300591.7159763314	0.0970873786407767
302578.7965616046	0.10679611650485436
305303.0303030303	0.11650485436893204
310179.6407185629	0.1262135922330097
310933.3333333333	0.13592233009708737
313872.8323699422	0.14563106796116504
315135.13513513515	0.1553398058252427
315853.65853658534	0.1650485436893204
316167.6646706587	0.17475728155339806
320000.0	0.18446601941747573
322991.6897506925	0.1941747572815534
323324.3967828418	0.20388349514563106
323376.6233766234	0.21359223300970873
326315.7894736842	0.22330097087378642
327272.7272727273	0.23300970873786409
328235.29411764705	0.24271844660194175
331267.6056338028	0.27184466019417475
332038.8349514563	0.2815533980582524
336000.0	0.2912621359223301
337380.1916932907	0.30097087378640774
337931.0344827586	0.3106796116504854
341830.0653594771	0.32038834951456313
342268.0412371134	0.3300970873786408
343589.74358974356	0.33980582524271846
345510.8359133127	0.34951456310679613
349668.87417218543	0.3592233009708738
370397.1119133574	0.36893203883495146
383277.59197324415	0.3786407766990291
383745.58303886926	0.3883495145631068
394561.9335347432	0.39805825242718446
394630.87248322146	0.4077669902912621
397427.652733119	0.4174757281553398
398490.56603773584	0.42718446601941745
399264.70588235295	0.4368932038834951
402553.1914893617	0.44660194174757284
403521.1267605634	0.4563106796116505
404597.7011494253	0.46601941747572817
408000.0	0.47572815533980584
418775.51020408166	0.49514563106796117
420108.6956521739	0.5048543689320388
425547.4452554745	0.5145631067961165
426206.8965517241	0.5242718446601942
432167.8321678322	0.5339805825242718
432669.32270916336	0.5436893203883495
435074.62686567166	0.5533980582524272
451903.1141868512	0.5631067961165048
452307.6923076923	0.5728155339805825
454393.3054393305	0.5825242718446602
455172.4137931034	0.5922330097087378
465662.6506024096	0.6019417475728155
466363.63636363635	0.6116504854368932
466945.6066945607	0.6213592233009708
471604.93827160494	0.6310679611650486
482320.4419889503	0.6407766990291263
487283.23699421965	0.6504854368932039
487368.4210526316	0.6601941747572816
495522.3880597015	0.6699029126213593
496170.21276595746	0.6796116504854369
498305.0847457627	0.6893203883495146
498449.61240310076	0.6990291262135923
504602.51046025107	0.7087378640776699
505641.0256410256	0.7184466019417476
506422.0183486239	0.7281553398058253
510743.80165289255	0.7378640776699029
522297.2972972973	0.7475728155339806
523127.0358306189	0.7572815533980582
524561.4035087719	0.7669902912621359
535294.1176470588	0.7864077669902912
536805.5555555555	0.7961165048543689
542105.2631578947	0.8058252427184466
544827.5862068966	0.8155339805825242
544859.8130841121	0.8252427184466019
564150.9433962264	0.8349514563106796
568586.387434555	0.8446601941747572
571551.724137931	0.8543689320388349
583838.3838383838	0.8640776699029126
598181.8181818182	0.8737864077669902
600000.0	0.883495145631068
606956.5217391305	0.8932038834951457
645714.2857142857	0.9029126213592233
664935.064935065	0.912621359223301
664957.264957265	0.9223300970873787
685972.8506787331	0.9320388349514563
687136.9294605809	0.941747572815534
698617.5115207373	0.9514563106796117
706220.0956937799	0.9611650485436893
721126.7605633803	0.970873786407767
749253.7313432836	0.9805825242718447
760930.2325581395	0.9902912621359223
790338.1642512077	1.0